09:00:09,46.00,33,33,46.00_46.10_46.20_46.30_46.40_,38_1_3_6_16_,45.80_45.70_45.60_45.50_45.40_,3_1_9_7_1_
09:01:52,45.80,2,43,45.80_45.95_46.00_46.05_46.10_,6_9_37_10_9_,45.70_45.60_45.50_45.40_45.20_,2_9_8_1_16_
09:03:24,45.50,3,61,45.60_45.70_45.80_45.90_45.95_,13_28_1_10_17_,45.50_45.40_45.20_45.10_45.05_,4_1_17_1_1_
09:03:29,45.50,3,61,45.70_45.80_45.90_45.95_46.00_,28_1_10_17_35_,45.60_45.50_45.40_45.20_45.10_,15_4_1_17_1_
09:03:34,45.60,14,75,45.70_45.80_45.95_46.00_46.10_,28_1_19_45_1_,45.60_45.50_45.40_45.20_45.10_,1_4_1_17_1_
09:03:39,45.60,1,76,45.70_45.80_45.95_46.00_46.05_,28_1_19_37_8_,45.50_45.40_45.20_45.10_45.05_,4_1_17_1_1_
09:03:44,45.60,1,76,45.60_45.70_45.80_45.90_45.95_,1_27_1_10_9_,45.50_45.40_45.20_45.10_45.05_,4_1_17_1_1_
09:04:25,45.60,2,79,45.65_45.70_45.80_45.85_45.95_,4_27_1_10_17_,45.50_45.40_45.20_45.10_45.05_,11_1_17_1_1_
09:04:51,45.70,10,99,45.70_45.80_45.95_46.00_46.05_,11_1_19_37_8_,45.60_45.50_45.40_45.20_45.10_,16_11_1_18_1_
09:05:01,45.70,10,99,45.70_45.80_45.95_46.00_46.05_,11_3_19_37_8_,45.60_45.50_45.40_45.30_45.20_,16_11_1_1_18_
09:05:17,45.70,5,107,45.70_45.80_45.95_46.00_46.05_,3_3_19_39_8_,45.60_45.55_45.50_45.40_45.30_,16_1_11_1_1_
09:09:13,45.50,2,145,45.60_45.70_45.80_45.85_45.90_,7_29_3_10_9_,45.50_45.45_45.40_45.30_45.20_,10_1_3_1_8_
09:09:43,45.50,2,145,45.60_45.70_45.80_45.85_45.90_,7_29_3_10_9_,45.50_45.45_45.40_45.30_45.20_,11_1_3_1_9_
09:09:54,45.60,1,146,45.60_45.70_45.80_45.85_45.90_,6_29_3_10_9_,45.50_45.40_45.30_45.20_45.10_,17_4_1_9_1_
09:10:09,45.60,3,149,45.60_45.70_45.80_45.85_45.90_,3_29_3_10_9_,45.50_45.40_45.30_45.20_45.10_,17_4_1_9_1_
09:10:14,45.60,1,150,45.60_45.70_45.80_45.85_45.90_,2_29_3_10_9_,45.50_45.40_45.20_45.10_45.05_,17_4_9_1_1_
09:11:06,45.70,1,154,45.70_45.80_45.90_45.95_46.00_,27_3_11_9_61_,45.50_45.40_45.20_45.10_45.05_,22_4_9_1_1_
09:11:57,45.70,1,157,45.70_45.80_45.90_45.95_46.00_,24_3_1_19_61_,45.60_45.55_45.50_45.40_45.20_,6_1_21_4_9_
09:13:55,45.70,4,183,45.80_45.90_45.95_46.00_46.05_,3_3_9_53_10_,45.70_45.65_45.60_45.55_45.50_,6_1_4_1_21_
09:14:00,45.70,4,183,45.80_45.90_45.95_46.00_46.05_,3_3_9_53_18_,45.70_45.65_45.60_45.55_45.50_,7_2_4_1_21_
09:15:07,45.70,8,192,45.70_45.80_45.90_45.95_46.00_,7_2_3_19_61_,45.65_45.60_45.55_45.50_45.40_,4_5_3_27_4_
09:15:17,45.70,8,192,45.70_45.80_45.90_45.95_46.00_,14_2_3_19_61_,45.65_45.60_45.55_45.50_45.40_,5_5_3_27_4_
09:15:27,45.70,1,193,45.70_45.80_45.90_45.95_46.00_,13_2_3_19_61_,45.65_45.60_45.55_45.50_45.40_,5_5_4_27_4_
09:15:37,45.70,1,193,45.70_45.80_45.90_45.95_46.00_,14_2_3_19_61_,45.65_45.60_45.55_45.50_45.40_,5_5_4_27_4_
09:16:08,45.70,1,196,45.70_45.80_45.90_45.95_46.00_,12_2_3_19_61_,45.65_45.60_45.55_45.50_45.40_,6_6_2_27_4_
09:16:13,45.70,1,197,45.70_45.80_45.90_45.95_46.00_,11_2_3_19_61_,45.65_45.60_45.55_45.50_45.40_,5_5_2_27_4_
09:16:19,45.70,1,197,45.70_45.80_45.90_45.95_46.00_,12_2_3_19_61_,45.65_45.60_45.55_45.50_45.40_,5_5_3_27_4_
09:16:39,45.70,1,197,45.70_45.80_45.90_45.95_46.00_,13_2_3_19_61_,45.65_45.60_45.55_45.50_45.40_,5_5_3_27_4_
09:18:21,45.65,3,217,45.65_45.70_45.75_45.80_45.90_,10_5_1_2_21_,45.60_45.55_45.50_45.40_45.20_,10_4_28_4_7_
09:19:03,45.65,1,219,45.65_45.70_45.75_45.80_45.90_,8_5_1_2_21_,45.60_45.55_45.50_45.40_45.20_,9_4_28_4_7_
09:20:14,45.70,1,228,45.70_45.75_45.80_45.90_45.95_,4_1_2_3_27_,45.65_45.60_45.55_45.50_45.40_,6_8_3_28_4_
09:21:31,45.90,1,240,45.90_45.95_46.00_46.10_46.15_,2_8_51_12_8_,45.75_45.70_45.65_45.60_45.55_,18_10_3_6_3_
09:21:42,45.90,1,240,45.90_45.95_46.00_46.10_46.15_,2_8_51_12_8_,45.75_45.70_45.65_45.60_45.55_,19_9_3_6_3_
09:21:47,45.90,1,240,45.90_45.95_46.00_46.10_46.15_,27_8_51_12_8_,45.75_45.70_45.65_45.60_45.55_,19_9_3_6_3_
09:21:57,45.75,19,271,45.75_45.90_45.95_46.00_46.10_,1_18_8_51_12_,45.70_45.65_45.60_45.55_45.50_,9_3_6_3_28_
09:22:18,45.75,1,272,45.90_45.95_46.00_46.10_46.20_,19_8_51_12_14_,45.75_45.70_45.65_45.60_45.55_,3_8_5_6_3_
09:22:38,45.75,1,272,45.90_45.95_46.00_46.10_46.20_,19_8_51_12_14_,45.80_45.75_45.70_45.65_45.60_,5_3_8_5_6_
09:22:43,45.75,1,272,45.90_45.95_46.00_46.10_46.15_,16_8_51_2_10_,45.80_45.75_45.70_45.65_45.60_,8_1_9_3_6_
09:22:48,45.75,1,272,45.90_45.95_46.00_46.10_46.15_,16_8_51_2_18_,45.80_45.75_45.70_45.65_45.60_,8_1_9_3_6_
09:23:09,45.80,3,275,45.90_45.95_46.00_46.10_46.15_,17_8_51_2_19_,45.80_45.75_45.70_45.65_45.60_,5_1_9_3_6_
09:23:35,45.80,3,275,45.90_45.95_46.00_46.10_46.15_,17_8_51_2_19_,45.80_45.75_45.70_45.65_45.60_,7_1_9_3_6_
09:24:05,45.80,3,275,45.90_45.95_46.00_46.05_46.10_,18_8_51_1_20_,45.80_45.75_45.70_45.65_45.60_,18_2_7_3_6_
09:24:31,45.80,3,275,45.90_45.95_46.00_46.05_46.10_,18_8_51_1_20_,45.80_45.75_45.70_45.65_45.60_,18_3_7_3_6_
09:24:41,45.80,3,275,45.90_45.95_46.00_46.05_46.10_,18_8_52_1_20_,45.80_45.75_45.70_45.65_45.60_,18_3_7_3_6_
09:24:57,45.80,3,275,45.90_45.95_46.00_46.05_46.10_,18_8_52_1_20_,45.80_45.75_45.70_45.65_45.60_,19_2_7_4_6_
09:25:17,45.80,3,275,45.90_45.95_46.00_46.05_46.10_,18_8_52_1_20_,45.80_45.75_45.70_45.65_45.60_,19_2_7_4_7_
09:26:13,45.90,1,284,45.90_45.95_46.00_46.05_46.10_,10_10_50_1_20_,45.80_45.75_45.70_45.65_45.60_,39_3_7_3_7_
09:26:34,45.90,1,284,45.90_45.95_46.00_46.05_46.10_,10_10_50_1_20_,45.80_45.75_45.70_45.65_45.60_,41_3_7_3_7_
09:27:35,45.90,2,286,45.90_45.95_46.00_46.05_46.10_,11_10_51_1_20_,45.80_45.75_45.70_45.65_45.60_,40_2_7_3_6_
09:28:42,45.90,2,286,45.90_45.95_46.00_46.05_46.10_,10_10_51_3_20_,45.85_45.80_45.75_45.70_45.65_,13_34_2_1_3_
09:28:52,45.90,2,286,45.90_45.95_46.00_46.05_46.10_,10_10_51_3_20_,45.85_45.80_45.70_45.65_45.60_,14_35_1_3_6_
09:30:51,45.90,2,298,45.95_46.00_46.05_46.10_46.15_,11_55_3_6_19_,45.90_45.85_45.80_45.70_45.65_,12_2_39_5_3_
09:31:16,45.90,2,298,45.95_46.00_46.05_46.10_46.15_,11_55_3_2_23_,45.90_45.85_45.80_45.75_45.70_,12_2_39_4_1_
09:31:21,45.90,2,298,45.95_46.00_46.05_46.10_46.15_,12_55_3_2_23_,45.90_45.85_45.80_45.75_45.70_,12_2_39_4_1_
09:31:42,45.90,2,298,45.95_46.00_46.05_46.10_46.15_,12_56_3_2_23_,45.90_45.85_45.80_45.75_45.70_,12_2_39_4_1_
09:33:50,45.95,5,320,45.95_46.00_46.05_46.10_46.15_,18_53_1_6_19_,45.85_45.80_45.70_45.65_45.60_,1_37_5_4_5_
09:36:14,45.80,1,323,45.90_45.95_46.00_46.05_46.10_,10_12_56_1_26_,45.85_45.80_45.75_45.70_45.65_,20_35_4_1_3_
09:37:05,45.85,3,326,45.90_45.95_46.00_46.05_46.10_,15_12_56_1_22_,45.85_45.80_45.70_45.65_45.60_,19_40_1_3_5_
09:37:10,45.85,1,327,45.90_45.95_46.00_46.05_46.10_,15_12_56_1_22_,45.85_45.80_45.70_45.65_45.60_,18_40_1_3_5_
09:39:09,45.90,2,357,45.90_45.95_46.00_46.05_46.10_,10_12_56_1_22_,45.85_45.80_45.75_45.70_45.65_,3_40_1_1_3_
09:39:19,45.90,1,358,45.90_45.95_46.00_46.05_46.10_,9_12_56_1_22_,45.85_45.80_45.75_45.70_45.65_,3_42_2_1_3_
09:39:39,45.90,9,367,45.95_46.00_46.05_46.10_46.15_,12_56_1_22_5_,45.90_45.85_45.80_45.75_45.70_,3_3_42_2_1_
09:41:53,45.95,14,393,45.95_46.00_46.05_46.10_46.15_,1_62_1_4_20_,45.90_45.85_45.80_45.70_45.65_,14_5_35_1_3_
09:42:24,45.90,1,395,45.95_46.00_46.05_46.10_46.15_,1_62_1_4_20_,45.90_45.85_45.80_45.70_45.65_,17_1_35_1_3_
09:42:29,45.90,1,395,45.95_46.00_46.05_46.10_46.15_,1_62_1_4_20_,45.90_45.85_45.80_45.70_45.65_,13_5_35_2_3_
09:43:30,46.00,1,397,46.00_46.05_46.10_46.15_46.20_,62_1_4_2_26_,45.95_45.90_45.85_45.80_45.70_,12_17_1_33_2_
09:44:32,46.00,1,398,46.00_46.05_46.10_46.15_46.20_,63_1_4_2_27_,45.95_45.90_45.85_45.80_45.70_,12_14_4_33_3_
09:45:08,46.00,1,399,46.00_46.05_46.10_46.15_46.20_,62_1_4_2_31_,45.95_45.90_45.80_45.70_45.65_,17_15_33_3_3_
09:45:23,46.00,1,399,46.00_46.05_46.10_46.15_46.20_,62_1_4_2_31_,45.95_45.90_45.80_45.70_45.65_,13_19_33_3_3_
09:47:37,45.95,1,401,46.00_46.05_46.10_46.15_46.20_,64_1_8_2_30_,45.95_45.90_45.85_45.80_45.70_,14_15_4_2_3_
09:48:02,46.00,2,403,46.00_46.05_46.10_46.15_46.20_,69_1_8_2_30_,45.95_45.90_45.85_45.80_45.70_,13_14_4_2_3_
09:48:07,45.95,1,404,46.00_46.05_46.10_46.15_46.20_,68_1_8_2_30_,45.95_45.90_45.85_45.80_45.70_,12_14_4_2_3_
09:48:38,46.00,1,410,46.00_46.05_46.10_46.15_46.20_,62_1_8_2_30_,45.95_45.90_45.85_45.80_45.70_,16_12_4_2_4_
09:48:59,46.00,2,412,46.00_46.05_46.10_46.15_46.20_,60_1_8_2_30_,45.95_45.90_45.85_45.80_45.70_,16_12_4_2_4_
09:49:50,45.95,1,417,46.00_46.05_46.10_46.15_46.20_,62_1_6_2_30_,45.95_45.90_45.85_45.80_45.70_,13_12_5_2_3_
09:50:06,45.95,1,417,46.00_46.05_46.10_46.15_46.20_,63_1_6_2_30_,45.95_45.90_45.85_45.80_45.70_,13_12_5_2_3_
09:50:26,46.00,2,420,46.00_46.05_46.10_46.15_46.20_,61_1_6_2_30_,45.95_45.90_45.85_45.80_45.70_,11_11_5_2_3_
09:50:57,46.00,2,420,46.00_46.05_46.10_46.15_46.20_,61_1_2_2_34_,45.95_45.90_45.85_45.80_45.70_,11_15_1_2_3_
09:51:33,46.00,5,435,46.00_46.05_46.10_46.15_46.20_,47_1_2_2_34_,45.95_45.90_45.85_45.80_45.70_,12_17_1_2_3_
09:51:48,46.00,3,482,46.05_46.10_46.15_46.20_46.25_,1_2_2_34_2_,46.00_45.95_45.90_45.85_45.80_,10_22_13_1_2_
09:51:53,46.00,3,482,46.05_46.10_46.15_46.20_46.25_,1_2_2_12_24_,46.00_45.95_45.90_45.80_45.70_,26_15_11_2_3_
09:51:59,46.05,1,483,46.10_46.15_46.20_46.25_46.30_,2_2_12_24_9_,46.05_46.00_45.95_45.90_45.80_,4_27_15_11_2_
09:52:04,46.10,2,485,46.15_46.20_46.25_46.30_46.40_,2_12_2_31_4_,46.05_46.00_45.95_45.90_45.80_,17_15_14_11_2_
09:52:55,46.05,1,508,46.15_46.20_46.25_46.30_46.40_,1_12_2_12_14_,46.05_46.00_45.95_45.90_45.80_,9_19_21_11_2_
09:53:00,46.05,1,508,46.15_46.20_46.25_46.30_46.35_,1_12_2_12_10_,46.05_46.00_45.95_45.90_45.80_,9_19_21_11_2_
09:54:37,46.05,1,508,46.15_46.20_46.25_46.30_46.35_,4_13_3_12_18_,46.10_46.05_46.00_45.95_45.90_,14_5_16_16_10_
09:55:18,46.10,5,513,46.15_46.20_46.25_46.30_46.35_,4_13_3_12_18_,46.10_46.05_46.00_45.95_45.90_,9_8_15_15_10_
09:57:21,46.15,6,522,46.20_46.25_46.30_46.35_46.40_,10_2_12_3_23_,46.15_46.10_46.05_46.00_45.95_,6_8_8_15_15_
09:59:30,46.20,2,542,46.30_46.40_46.45_46.50_46.55_,7_7_4_53_10_,46.20_46.15_46.10_46.05_46.00_,8_7_3_2_15_
09:59:35,46.20,2,544,46.30_46.40_46.45_46.50_46.55_,7_7_4_53_10_,46.20_46.15_46.10_46.05_46.00_,6_9_3_2_15_
10:00:06,46.30,7,553,46.40_46.45_46.50_46.55_46.60_,7_4_55_10_9_,46.20_46.15_46.10_46.05_46.00_,4_9_3_12_15_
10:00:52,46.30,1,556,46.40_46.45_46.50_46.55_46.60_,4_4_45_12_17_,46.20_46.15_46.10_46.05_46.00_,18_4_2_13_15_
10:02:55,46.40,4,566,46.45_46.50_46.55_46.60_46.65_,4_45_2_27_1_,46.40_46.35_46.30_46.25_46.10_,1_2_7_12_2_
10:03:00,46.40,4,566,46.45_46.50_46.55_46.60_46.65_,4_45_2_9_19_,46.40_46.35_46.30_46.25_46.10_,1_5_4_12_2_
10:03:05,46.35,2,568,46.45_46.50_46.55_46.60_46.65_,5_45_2_9_19_,46.35_46.30_46.25_46.10_46.05_,4_12_4_2_2_
10:03:11,46.35,2,568,46.45_46.50_46.55_46.60_46.65_,5_45_2_9_19_,46.40_46.35_46.30_46.25_46.10_,2_6_1_11_2_
10:04:07,46.40,1,574,46.45_46.50_46.55_46.60_46.65_,4_44_2_9_19_,46.40_46.35_46.30_46.25_46.10_,3_4_8_3_2_
10:04:38,46.40,1,576,46.45_46.50_46.55_46.60_46.65_,4_44_2_9_19_,46.40_46.35_46.30_46.25_46.10_,5_4_9_3_2_
10:04:53,46.40,1,578,46.45_46.50_46.55_46.60_46.65_,4_44_2_9_19_,46.40_46.35_46.30_46.25_46.10_,4_3_9_3_2_
10:05:03,46.40,3,581,46.45_46.50_46.55_46.60_46.65_,4_44_2_8_19_,46.40_46.35_46.30_46.25_46.10_,1_3_9_3_2_
10:05:34,46.40,3,581,46.45_46.50_46.55_46.60_46.65_,9_45_2_8_19_,46.40_46.35_46.30_46.25_46.10_,4_3_9_3_2_
10:05:44,46.40,3,581,46.45_46.50_46.55_46.60_46.65_,9_45_2_8_19_,46.40_46.35_46.30_46.25_46.10_,5_3_9_3_2_
10:06:00,46.40,3,581,46.45_46.50_46.55_46.60_46.65_,10_45_2_8_19_,46.40_46.35_46.30_46.25_46.10_,5_3_9_3_2_
10:06:10,46.45,2,583,46.45_46.50_46.55_46.60_46.65_,9_45_2_8_19_,46.40_46.35_46.30_46.25_46.10_,5_3_9_3_2_
10:06:46,46.45,8,592,46.50_46.55_46.60_46.65_46.70_,45_2_8_1_22_,46.45_46.40_46.35_46.30_46.25_,47_6_8_1_3_
10:06:51,46.45,8,592,46.50_46.55_46.60_46.65_46.70_,45_2_8_1_22_,46.45_46.40_46.35_46.25_46.10_,49_5_8_3_2_
10:07:17,46.50,4,638,46.55_46.60_46.65_46.70_46.75_,3_8_1_4_10_,46.45_46.40_46.25_46.10_46.05_,53_15_3_2_2_
10:07:27,46.55,1,639,46.55_46.60_46.65_46.70_46.75_,3_8_1_4_18_,46.50_46.45_46.40_46.25_46.10_,8_47_15_3_2_
10:07:58,46.55,1,641,46.60_46.65_46.70_46.80_46.85_,8_1_4_21_1_,46.55_46.50_46.45_46.40_46.25_,7_10_52_2_13_
10:08:03,46.55,1,641,46.60_46.65_46.70_46.80_46.85_,8_1_4_14_9_,46.55_46.50_46.45_46.40_46.25_,7_18_44_2_13_
10:08:13,46.60,1,642,46.60_46.65_46.70_46.80_46.85_,7_1_2_14_9_,46.55_46.50_46.45_46.40_46.25_,7_18_44_2_13_
10:08:18,46.55,5,647,46.60_46.65_46.70_46.80_46.85_,7_1_2_14_9_,46.55_46.50_46.45_46.40_46.25_,5_15_44_2_13_
10:08:28,46.55,5,652,46.55_46.60_46.65_46.70_46.80_,44_7_2_2_14_,46.50_46.45_46.40_46.25_46.10_,15_44_2_13_2_
10:08:34,46.55,5,652,46.55_46.60_46.65_46.70_46.75_,44_7_2_2_10_,46.50_46.45_46.40_46.25_46.10_,7_44_10_13_2_
10:10:17,46.50,5,671,46.55_46.60_46.65_46.70_46.75_,44_7_2_2_10_,46.45_46.40_46.35_46.25_46.10_,47_11_3_13_2_
10:11:28,46.50,1,681,46.55_46.60_46.65_46.70_46.75_,41_7_2_2_10_,46.45_46.40_46.35_46.25_46.10_,52_3_3_13_2_
10:11:49,46.50,1,681,46.55_46.60_46.65_46.70_46.75_,42_7_3_2_18_,46.45_46.40_46.35_46.25_46.10_,54_3_1_13_2_
10:12:40,46.55,2,686,46.55_46.60_46.65_46.70_46.75_,43_8_2_2_18_,46.45_46.40_46.35_46.25_46.10_,54_3_1_13_2_
10:13:16,46.50,1,687,46.50_46.55_46.60_46.65_46.70_,3_41_8_2_20_,46.45_46.40_46.35_46.25_46.10_,56_3_1_13_2_
10:13:42,46.50,2,689,46.50_46.55_46.60_46.65_46.70_,3_41_8_2_20_,46.45_46.40_46.35_46.25_46.10_,54_3_1_13_2_
10:13:52,46.50,2,689,46.50_46.55_46.60_46.65_46.70_,7_41_8_2_20_,46.45_46.40_46.25_46.10_46.05_,47_11_13_2_2_
10:14:22,46.50,1,691,46.50_46.55_46.60_46.65_46.70_,6_41_8_2_20_,46.45_46.40_46.25_46.10_46.05_,49_11_13_2_2_
10:14:38,46.50,1,691,46.50_46.55_46.60_46.65_46.70_,7_41_8_2_20_,46.45_46.40_46.25_46.10_46.05_,50_11_13_2_2_
10:15:50,46.45,1,696,46.50_46.55_46.60_46.65_46.70_,13_41_8_2_20_,46.45_46.40_46.35_46.25_46.10_,47_3_8_13_2_
10:17:32,46.50,2,698,46.50_46.55_46.60_46.65_46.70_,12_40_8_2_20_,46.45_46.40_46.35_46.25_46.10_,45_3_8_13_2_
10:18:29,46.50,1,699,46.50_46.55_46.60_46.65_46.70_,15_40_8_2_20_,46.45_46.40_46.35_46.25_46.10_,45_3_8_13_2_
10:18:39,46.50,1,699,46.50_46.55_46.60_46.65_46.70_,15_40_8_2_20_,46.45_46.40_46.35_46.25_46.10_,47_3_8_13_2_
10:19:35,46.45,5,707,46.50_46.55_46.60_46.65_46.70_,25_40_8_2_20_,46.45_46.40_46.35_46.25_46.10_,39_3_8_13_2_
10:20:11,46.50,10,719,46.50_46.55_46.60_46.65_46.70_,13_40_8_2_20_,46.45_46.40_46.35_46.25_46.10_,44_3_8_13_2_
10:20:52,46.50,1,730,46.50_46.55_46.60_46.65_46.70_,4_40_8_2_20_,46.45_46.40_46.35_46.25_46.10_,42_3_8_13_2_
10:20:57,46.50,1,730,46.50_46.55_46.60_46.65_46.70_,4_40_8_2_20_,46.45_46.40_46.35_46.25_46.10_,40_3_8_13_2_
10:21:28,46.45,2,780,46.50_46.55_46.60_46.65_46.70_,6_40_8_2_20_,46.40_46.35_46.25_46.10_46.05_,8_14_13_2_2_
10:22:50,46.40,1,789,46.45_46.50_46.55_46.60_46.65_,11_13_39_8_20_,46.40_46.30_46.25_46.10_46.05_,8_9_13_2_2_
10:23:05,46.40,6,795,46.40_46.45_46.50_46.55_46.60_,2_11_13_39_8_,46.35_46.30_46.25_46.10_46.05_,2_9_13_2_2_
10:24:22,46.40,6,795,46.40_46.45_46.50_46.55_46.60_,5_21_12_39_26_,46.35_46.25_46.10_46.05_46.00_,5_22_2_2_22_
10:24:38,46.40,6,795,46.40_46.45_46.50_46.55_46.60_,3_21_12_39_26_,46.35_46.25_46.10_46.05_46.00_,5_22_2_2_22_
10:24:48,46.35,2,797,46.40_46.45_46.50_46.55_46.60_,3_21_12_39_26_,46.35_46.25_46.10_46.05_46.00_,3_22_3_2_22_
10:25:03,46.40,2,800,46.45_46.50_46.55_46.60_46.65_,21_12_39_8_20_,46.35_46.25_46.10_46.05_46.00_,3_23_3_2_23_
10:25:24,46.40,2,800,46.40_46.45_46.50_46.55_46.60_,1_21_12_39_26_,46.35_46.25_46.10_46.05_46.00_,11_23_3_2_23_
10:25:49,46.35,8,808,46.40_46.45_46.50_46.55_46.60_,4_26_12_39_26_,46.35_46.30_46.25_46.10_46.05_,5_1_23_3_2_
10:25:54,46.35,8,808,46.40_46.45_46.50_46.55_46.60_,4_21_12_39_26_,46.35_46.30_46.25_46.10_46.05_,5_1_23_3_2_
10:26:10,46.35,8,808,46.40_46.45_46.50_46.55_46.60_,4_21_22_39_26_,46.35_46.30_46.25_46.10_46.05_,5_1_23_3_2_
10:27:01,46.25,9,823,46.30_46.40_46.45_46.50_46.55_,5_7_6_22_39_,46.25_46.20_46.15_46.10_46.05_,6_8_1_3_2_
10:27:06,46.25,9,823,46.30_46.40_46.45_46.50_46.55_,5_7_5_22_57_,46.25_46.15_46.10_46.05_46.00_,6_9_3_2_21_
10:27:11,46.25,9,823,46.30_46.35_46.40_46.45_46.50_,5_1_8_5_22_,46.25_46.15_46.10_46.05_46.00_,6_9_3_2_21_
10:27:57,46.25,9,823,46.30_46.35_46.40_46.45_46.50_,6_1_8_5_40_,46.25_46.20_46.15_46.10_46.05_,6_2_9_3_11_
10:28:23,46.25,1,824,46.30_46.35_46.40_46.45_46.50_,6_1_8_5_40_,46.25_46.20_46.15_46.10_46.05_,5_2_9_3_11_
10:29:09,46.25,5,829,46.30_46.40_46.45_46.50_46.55_,7_9_5_40_39_,46.20_46.15_46.10_46.05_46.00_,2_9_3_12_21_
10:29:14,46.25,5,829,46.30_46.40_46.45_46.50_46.55_,7_9_5_32_47_,46.20_46.15_46.10_46.05_46.00_,2_9_3_12_21_
10:29:45,46.25,5,829,46.30_46.40_46.45_46.50_46.55_,7_6_5_32_47_,46.20_46.15_46.10_46.05_46.00_,2_9_3_12_21_
10:29:55,46.25,5,829,46.30_46.40_46.45_46.50_46.55_,7_5_5_32_47_,46.20_46.15_46.10_46.05_46.00_,2_9_3_12_21_
10:30:00,46.25,5,829,46.25_46.30_46.40_46.45_46.50_,3_7_5_5_32_,46.20_46.15_46.10_46.05_46.00_,2_9_3_12_21_
10:30:06,46.25,5,829,46.25_46.30_46.40_46.45_46.50_,4_6_5_5_40_,46.20_46.15_46.10_46.05_46.00_,2_9_3_12_21_
10:31:02,46.15,1,832,46.20_46.25_46.30_46.40_46.45_,5_5_5_4_23_,46.15_46.10_46.05_46.00_45.95_,1_5_20_23_1_
10:31:23,46.15,1,832,46.20_46.25_46.30_46.40_46.45_,5_5_5_4_23_,46.15_46.10_46.05_46.00_45.95_,1_14_12_23_1_
10:31:33,46.15,1,832,46.20_46.25_46.30_46.40_46.45_,6_1_5_4_23_,46.15_46.10_46.05_46.00_45.95_,1_14_12_23_1_
10:31:53,46.15,1,832,46.20_46.25_46.30_46.40_46.45_,6_1_5_4_23_,46.15_46.10_46.05_46.00_45.95_,1_15_11_22_1_
10:32:50,46.15,3,836,46.20_46.30_46.40_46.45_46.50_,6_5_4_16_36_,46.15_46.10_46.05_46.00_45.95_,6_26_2_23_1_
10:33:00,46.15,3,836,46.20_46.30_46.40_46.45_46.50_,6_5_4_16_36_,46.15_46.10_46.05_46.00_45.95_,7_26_2_23_1_
10:33:31,46.15,3,836,46.20_46.30_46.40_46.45_46.50_,6_5_4_16_36_,46.15_46.10_46.05_46.00_45.95_,13_18_2_23_1_
10:33:51,46.15,3,836,46.20_46.30_46.40_46.45_46.50_,6_5_4_16_36_,46.15_46.10_46.05_46.00_45.95_,15_17_2_23_1_
10:36:25,46.15,2,839,46.20_46.25_46.40_46.45_46.50_,12_1_4_16_36_,46.15_46.10_46.05_46.00_45.95_,15_8_11_24_1_
10:36:45,46.20,2,841,46.20_46.25_46.40_46.45_46.50_,10_1_4_16_36_,46.15_46.10_46.05_46.00_45.95_,15_6_11_24_1_
10:36:50,46.15,1,842,46.20_46.25_46.40_46.45_46.50_,10_1_4_16_36_,46.15_46.10_46.05_46.00_45.95_,15_7_11_24_1_
10:37:16,46.15,1,842,46.20_46.25_46.40_46.45_46.50_,10_1_4_16_36_,46.15_46.10_46.05_46.00_45.95_,15_7_12_24_1_
10:38:17,46.20,1,844,46.20_46.25_46.40_46.45_46.50_,9_1_4_16_36_,46.15_46.10_46.05_46.00_45.95_,16_8_14_23_1_
10:41:53,46.20,2,854,46.35_46.40_46.45_46.50_46.55_,2_6_6_38_47_,46.15_46.10_46.05_46.00_45.95_,27_7_6_23_2_
10:41:58,46.35,2,856,46.40_46.45_46.50_46.55_46.60_,6_6_38_47_17_,46.15_46.10_46.05_46.00_45.95_,26_6_6_23_2_
10:42:03,46.35,2,856,46.40_46.45_46.50_46.55_46.60_,6_6_39_39_25_,46.15_46.10_46.05_46.00_45.95_,26_6_6_23_2_
10:42:08,46.35,2,856,46.40_46.45_46.50_46.55_46.60_,6_5_39_39_25_,46.15_46.10_46.05_46.00_45.95_,26_6_6_23_2_
10:42:24,46.35,2,856,46.40_46.45_46.50_46.55_46.60_,6_5_39_39_25_,46.35_46.15_46.10_46.05_46.00_,2_26_6_6_23_
10:42:34,46.35,2,856,46.40_46.45_46.50_46.55_46.60_,6_5_29_39_35_,46.35_46.30_46.20_46.15_46.10_,8_1_8_13_6_
10:42:55,46.35,1,857,46.40_46.45_46.50_46.55_46.60_,6_5_29_39_35_,46.35_46.30_46.20_46.15_46.10_,8_1_9_10_7_
10:43:05,46.35,8,865,46.35_46.40_46.45_46.50_46.55_,2_6_5_29_39_,46.30_46.20_46.15_46.10_46.05_,1_9_10_7_5_
10:43:25,46.35,1,866,46.35_46.40_46.45_46.50_46.55_,3_5_5_28_57_,46.30_46.20_46.15_46.10_46.05_,1_9_10_7_5_
10:43:46,46.35,1,866,46.35_46.40_46.45_46.50_46.55_,3_5_5_28_57_,46.30_46.20_46.15_46.10_46.05_,1_9_2_7_5_
10:43:51,46.35,1,866,46.35_46.40_46.45_46.50_46.55_,3_5_5_28_57_,46.30_46.20_46.15_46.10_46.05_,1_1_10_6_6_
10:44:11,46.30,1,867,46.30_46.35_46.40_46.45_46.50_,2_3_5_5_28_,46.20_46.15_46.10_46.05_46.00_,1_10_6_6_12_
10:44:22,46.30,1,867,46.30_46.35_46.40_46.45_46.50_,4_2_5_5_46_,46.20_46.15_46.10_46.05_46.00_,1_10_6_6_12_
10:45:23,46.30,1,867,46.30_46.35_46.40_46.45_46.50_,4_2_5_15_36_,46.15_46.10_46.05_46.00_45.95_,5_14_6_12_1_
10:45:49,46.30,1,867,46.30_46.35_46.40_46.45_46.50_,4_2_5_15_36_,46.15_46.10_46.05_46.00_45.95_,4_15_6_12_1_
10:46:09,46.30,1,867,46.30_46.35_46.40_46.45_46.50_,4_4_5_5_46_,46.20_46.15_46.10_46.05_46.00_,8_5_7_6_14_
10:48:07,46.25,1,869,46.30_46.35_46.40_46.45_46.50_,3_4_5_5_46_,46.25_46.20_46.15_46.10_46.05_,10_3_2_6_6_
10:49:14,46.35,1,873,46.35_46.40_46.45_46.50_46.55_,4_4_5_28_57_,46.30_46.25_46.15_46.10_46.05_,5_9_3_6_5_
10:49:45,46.35,1,879,46.40_46.45_46.50_46.55_46.60_,4_5_28_39_45_,46.35_46.30_46.15_46.10_46.05_,6_11_2_7_5_
10:49:50,46.35,1,880,46.40_46.45_46.50_46.55_46.60_,4_5_28_39_45_,46.35_46.30_46.15_46.10_46.05_,5_11_2_7_5_
10:50:21,46.35,1,881,46.40_46.45_46.50_46.55_46.60_,4_5_28_39_45_,46.35_46.30_46.25_46.15_46.10_,12_3_1_2_7_
10:50:41,46.35,1,881,46.40_46.45_46.50_46.55_46.60_,4_5_28_39_45_,46.35_46.30_46.25_46.15_46.10_,4_11_1_2_7_
10:50:51,46.40,1,882,46.40_46.45_46.50_46.55_46.60_,3_5_28_39_45_,46.35_46.30_46.25_46.15_46.10_,4_11_1_2_7_
10:51:27,46.40,1,882,46.40_46.45_46.50_46.55_46.60_,4_5_29_39_45_,46.35_46.30_46.25_46.15_46.10_,6_11_1_2_7_
10:51:38,46.40,2,884,46.40_46.45_46.50_46.55_46.60_,8_5_29_39_45_,46.35_46.30_46.25_46.15_46.10_,7_10_1_2_7_
10:51:53,46.35,7,891,46.35_46.40_46.45_46.50_46.55_,3_8_5_29_39_,46.30_46.25_46.15_46.10_46.05_,10_1_3_6_5_
10:51:58,46.35,7,891,46.35_46.40_46.45_46.50_46.55_,4_7_5_29_57_,46.30_46.25_46.15_46.10_46.05_,2_9_3_6_5_
10:53:51,46.30,1,893,46.35_46.40_46.45_46.50_46.55_,11_1_5_31_57_,46.25_46.20_46.15_46.10_46.05_,5_8_2_6_6_
10:54:27,46.30,1,893,46.35_46.40_46.45_46.50_46.55_,11_1_5_31_58_,46.25_46.20_46.15_46.10_46.05_,5_8_2_6_6_
10:54:52,46.30,1,893,46.35_46.40_46.45_46.50_46.55_,11_1_5_31_58_,46.25_46.20_46.15_46.10_46.05_,4_9_2_6_6_
10:55:49,46.30,1,893,46.35_46.40_46.45_46.50_46.55_,11_1_10_31_58_,46.30_46.25_46.15_46.10_46.05_,8_12_2_7_5_
10:57:11,46.30,1,894,46.35_46.40_46.45_46.50_46.55_,11_1_10_32_58_,46.30_46.25_46.15_46.10_46.05_,7_12_2_7_5_
10:57:36,46.30,1,894,46.35_46.40_46.45_46.50_46.55_,5_1_10_42_58_,46.30_46.25_46.15_46.10_46.05_,7_12_2_7_5_
10:58:58,46.35,2,898,46.35_46.40_46.45_46.50_46.55_,2_1_10_42_58_,46.30_46.25_46.15_46.10_46.05_,9_14_2_6_5_
11:00:00,46.35,2,901,46.40_46.45_46.50_46.55_46.60_,1_10_42_40_48_,46.30_46.25_46.15_46.10_46.05_,8_11_3_6_5_
11:01:22,46.35,2,901,46.40_46.45_46.50_46.55_46.60_,12_10_42_40_48_,46.30_46.25_46.15_46.10_46.05_,17_4_3_6_5_
11:03:05,46.45,1,919,46.45_46.50_46.55_46.60_46.65_,7_42_40_40_10_,46.30_46.25_46.15_46.10_46.05_,17_2_3_6_6_
11:04:37,46.30,1,922,46.45_46.50_46.55_46.60_46.65_,5_42_40_40_10_,46.30_46.25_46.15_46.10_46.05_,8_8_3_7_5_
11:04:47,46.30,1,922,46.45_46.50_46.55_46.60_46.65_,5_42_40_30_20_,46.30_46.25_46.15_46.10_46.05_,9_8_3_7_5_
11:04:52,46.30,1,922,46.45_46.50_46.55_46.60_46.65_,5_42_40_30_20_,46.30_46.25_46.15_46.10_46.05_,8_9_3_7_5_
11:05:23,46.30,1,923,46.45_46.50_46.55_46.60_46.65_,5_43_40_30_20_,46.30_46.25_46.15_46.10_46.05_,7_9_3_7_5_
11:06:14,46.30,1,924,46.40_46.45_46.50_46.55_46.60_,2_5_42_40_38_,46.30_46.25_46.15_46.10_46.05_,6_11_3_7_5_
11:06:40,46.40,2,926,46.45_46.50_46.55_46.60_46.65_,5_42_40_38_2_,46.30_46.25_46.15_46.10_46.05_,6_9_3_7_5_
11:07:21,46.40,2,930,46.40_46.45_46.50_46.55_46.60_,4_5_42_40_38_,46.30_46.25_46.15_46.10_46.05_,6_8_3_7_5_
11:07:47,46.45,1,938,46.45_46.50_46.55_46.60_46.65_,1_42_40_20_20_,46.40_46.35_46.30_46.15_46.10_,11_1_9_4_6_
11:08:02,46.45,1,938,46.45_46.50_46.55_46.60_46.65_,2_42_40_20_20_,46.40_46.35_46.30_46.15_46.10_,11_2_9_3_6_
11:08:43,46.40,1,939,46.45_46.50_46.55_46.60_46.65_,2_42_40_20_20_,46.40_46.35_46.30_46.15_46.10_,9_2_9_3_6_
11:09:04,46.40,9,948,46.40_46.45_46.50_46.55_46.60_,44_2_42_40_20_,46.35_46.30_46.15_46.10_46.05_,2_9_3_6_5_
11:09:09,46.40,2,950,46.40_46.45_46.50_46.55_46.60_,42_2_42_40_38_,46.35_46.30_46.25_46.15_46.10_,2_1_8_3_6_
11:10:00,46.35,1,951,46.40_46.45_46.50_46.55_46.60_,42_2_42_40_38_,46.35_46.30_46.25_46.20_46.15_,12_4_8_1_2_
11:10:41,46.35,1,953,46.40_46.45_46.50_46.55_46.60_,43_12_42_40_39_,46.35_46.30_46.25_46.20_46.15_,11_4_8_1_2_
11:11:02,46.35,1,955,46.40_46.45_46.50_46.55_46.60_,41_12_42_40_39_,46.35_46.30_46.25_46.15_46.10_,9_4_10_2_6_
11:11:58,46.35,1,956,46.40_46.45_46.50_46.55_46.60_,41_12_42_40_39_,46.35_46.30_46.25_46.15_46.10_,8_4_10_2_6_
11:12:03,46.35,1,956,46.40_46.45_46.50_46.55_46.60_,41_12_42_40_39_,46.35_46.30_46.25_46.15_46.10_,9_4_10_2_6_
11:12:13,46.35,3,959,46.40_46.45_46.50_46.55_46.60_,41_12_42_40_39_,46.35_46.30_46.25_46.15_46.10_,6_4_10_2_6_
11:12:29,46.35,3,959,46.40_46.45_46.50_46.55_46.60_,41_12_42_40_39_,46.35_46.30_46.25_46.15_46.10_,27_4_10_2_6_
11:12:39,46.35,2,961,46.40_46.45_46.50_46.55_46.60_,41_12_42_40_39_,46.35_46.30_46.25_46.15_46.10_,25_4_10_2_6_
11:12:44,46.40,1,962,46.40_46.45_46.50_46.55_46.60_,41_12_42_40_39_,46.35_46.30_46.25_46.15_46.10_,30_1_10_2_6_
11:12:49,46.40,1,962,46.40_46.45_46.50_46.55_46.60_,41_12_42_40_39_,46.35_46.30_46.25_46.15_46.10_,31_1_9_3_6_
11:13:51,46.40,1,962,46.40_46.45_46.50_46.55_46.60_,41_12_42_40_39_,46.35_46.30_46.25_46.15_46.10_,31_1_10_2_6_
11:14:17,46.40,1,962,46.40_46.45_46.50_46.55_46.60_,41_12_42_40_39_,46.35_46.30_46.25_46.15_46.10_,10_1_10_2_6_
11:15:23,46.35,1,964,46.40_46.45_46.50_46.55_46.60_,41_12_47_40_39_,46.35_46.30_46.25_46.15_46.10_,7_1_10_2_7_
11:16:09,46.40,4,970,46.40_46.45_46.50_46.55_46.60_,35_12_47_40_39_,46.35_46.30_46.20_46.15_46.10_,6_3_8_2_7_
11:16:50,46.40,4,970,46.40_46.45_46.50_46.55_46.60_,35_12_47_40_39_,46.35_46.30_46.20_46.15_46.10_,7_2_8_3_6_
11:18:23,46.40,1,973,46.40_46.45_46.50_46.55_46.60_,34_12_47_40_39_,46.35_46.30_46.20_46.15_46.10_,6_4_9_2_6_
11:19:34,46.35,1,977,46.40_46.45_46.50_46.55_46.60_,31_12_47_40_39_,46.35_46.30_46.20_46.15_46.10_,4_2_9_2_6_
11:19:55,46.35,1,978,46.40_46.45_46.50_46.55_46.60_,31_12_47_40_39_,46.35_46.30_46.20_46.15_46.10_,13_2_9_2_6_
11:20:00,46.35,1,979,46.40_46.45_46.50_46.55_46.60_,31_12_47_40_39_,46.35_46.30_46.20_46.15_46.10_,13_2_9_2_6_
11:20:05,46.35,1,979,46.40_46.45_46.50_46.55_46.60_,31_12_47_40_39_,46.35_46.30_46.25_46.20_46.15_,15_2_8_1_2_
11:21:38,46.40,1,981,46.40_46.45_46.50_46.55_46.60_,31_12_48_40_39_,46.35_46.30_46.15_46.10_46.05_,14_11_2_6_5_
11:21:53,46.35,1,982,46.40_46.45_46.50_46.55_46.60_,31_12_48_40_39_,46.35_46.30_46.15_46.10_46.05_,13_11_2_6_5_
11:22:34,46.35,1,983,46.40_46.45_46.50_46.55_46.60_,31_12_48_40_39_,46.35_46.30_46.15_46.10_46.05_,15_11_2_6_5_
11:22:55,46.35,1,983,46.40_46.45_46.50_46.55_46.60_,31_12_48_40_39_,46.35_46.30_46.15_46.10_46.05_,23_3_2_6_5_
11:23:00,46.35,1,983,46.40_46.45_46.50_46.55_46.60_,32_12_48_40_39_,46.35_46.30_46.15_46.10_46.05_,23_3_2_6_5_
11:23:26,46.35,1,984,46.40_46.45_46.50_46.55_46.60_,32_12_48_40_39_,46.35_46.30_46.15_46.10_46.05_,23_3_2_5_5_
11:23:31,46.35,20,1004,46.40_46.45_46.50_46.55_46.60_,32_12_48_40_39_,46.35_46.30_46.15_46.10_46.05_,3_3_2_5_5_
11:23:51,46.35,1,1005,46.40_46.45_46.50_46.55_46.60_,31_12_48_40_39_,46.30_46.25_46.15_46.10_46.05_,5_9_2_5_5_
11:24:22,46.35,1,1005,46.40_46.45_46.50_46.55_46.60_,31_12_50_40_39_,46.30_46.25_46.15_46.10_46.05_,5_9_2_5_5_
11:25:03,46.30,1,1006,46.35_46.40_46.45_46.50_46.55_,1_30_12_50_40_,46.30_46.25_46.15_46.10_46.05_,4_9_2_5_5_
11:25:08,46.30,1,1006,46.35_46.40_46.45_46.50_46.55_,1_30_12_50_58_,46.30_46.25_46.15_46.10_46.05_,4_9_2_5_5_
11:25:34,46.30,1,1006,46.40_46.45_46.50_46.55_46.60_,31_12_50_40_39_,46.30_46.25_46.15_46.10_46.05_,4_9_2_5_5_
11:26:46,46.30,5,1012,46.35_46.40_46.45_46.50_46.55_,1_30_13_50_58_,46.30_46.25_46.15_46.10_46.05_,3_11_2_6_5_
11:27:01,46.30,5,1012,46.35_46.40_46.45_46.50_46.55_,1_30_13_50_58_,46.30_46.25_46.15_46.10_46.05_,3_12_2_6_5_
11:28:08,46.30,2,1014,46.35_46.40_46.45_46.50_46.55_,22_30_13_50_58_,46.30_46.25_46.15_46.10_46.05_,14_12_2_5_5_
11:28:23,46.30,1,1015,46.35_46.40_46.45_46.50_46.55_,22_30_13_50_58_,46.30_46.25_46.15_46.10_46.05_,13_12_2_5_5_
11:28:33,46.30,1,1015,46.35_46.40_46.45_46.50_46.55_,22_30_13_50_58_,46.30_46.25_46.20_46.15_46.10_,16_3_8_2_5_
11:28:44,46.30,1,1016,46.35_46.40_46.45_46.50_46.55_,22_30_13_50_58_,46.30_46.25_46.20_46.15_46.10_,15_3_8_2_5_
11:28:54,46.30,6,1022,46.35_46.40_46.45_46.50_46.55_,22_30_13_50_58_,46.30_46.25_46.20_46.15_46.10_,9_3_8_2_5_
11:28:59,46.35,1,1023,46.35_46.40_46.45_46.50_46.55_,21_30_13_50_58_,46.30_46.25_46.20_46.15_46.10_,9_3_8_2_5_
11:29:56,46.35,1,1024,46.35_46.40_46.45_46.50_46.55_,22_30_13_50_58_,46.30_46.25_46.20_46.15_46.10_,8_3_8_2_6_
11:31:33,46.25,1,1034,46.30_46.35_46.40_46.45_46.50_,3_21_30_13_70_,46.25_46.20_46.15_46.10_46.05_,2_10_2_6_5_
11:31:59,46.25,1,1036,46.30_46.35_46.40_46.45_46.50_,3_21_32_12_70_,46.20_46.15_46.10_46.05_46.00_,11_2_5_5_11_
11:32:04,46.25,1,1036,46.30_46.35_46.40_46.45_46.50_,3_21_32_12_70_,46.20_46.15_46.10_46.05_46.00_,3_10_5_5_12_
11:32:20,46.25,1,1036,46.25_46.30_46.35_46.40_46.45_,4_4_21_32_12_,46.20_46.15_46.10_46.05_46.00_,3_10_5_5_12_
11:32:25,46.25,1,1036,46.25_46.30_46.35_46.40_46.45_,5_3_21_32_30_,46.20_46.15_46.10_46.05_46.00_,3_10_5_5_12_
11:33:06,46.25,1,1036,46.25_46.30_46.35_46.40_46.45_,1_3_21_32_30_,46.20_46.15_46.10_46.05_46.00_,2_11_5_5_12_
11:33:32,46.25,1,1036,46.25_46.30_46.35_46.40_46.45_,1_3_21_32_30_,46.20_46.15_46.10_46.05_46.00_,2_11_6_5_12_
11:33:52,46.25,1,1036,46.25_46.30_46.35_46.40_46.45_,1_3_21_32_30_,46.20_46.15_46.10_46.05_46.00_,2_11_6_6_11_
11:34:02,46.25,1,1036,46.25_46.30_46.35_46.40_46.45_,1_3_21_32_30_,46.20_46.15_46.10_46.05_46.00_,1_14_6_6_11_
11:34:33,46.25,1,1038,46.30_46.35_46.40_46.45_46.50_,3_21_32_12_70_,46.15_46.10_46.05_46.00_45.95_,14_5_6_11_2_
11:34:54,46.25,1,1038,46.30_46.35_46.40_46.45_46.50_,11_21_32_12_70_,46.20_46.15_46.10_46.05_46.00_,3_12_5_6_11_
11:35:19,46.30,1,1039,46.30_46.35_46.40_46.45_46.50_,10_21_32_12_70_,46.20_46.15_46.10_46.05_46.00_,3_4_13_6_12_
11:36:10,46.30,1,1039,46.30_46.35_46.40_46.45_46.50_,12_21_32_12_70_,46.20_46.15_46.10_46.05_46.00_,3_3_14_6_12_
11:37:58,46.30,1,1051,46.30_46.35_46.40_46.45_46.50_,11_21_32_22_61_,46.15_46.10_46.05_46.00_45.95_,4_15_6_12_1_
11:39:15,46.30,1,1051,46.25_46.30_46.35_46.40_46.45_,13_11_21_30_30_,46.15_46.10_46.05_46.00_45.95_,6_8_14_12_1_
11:40:01,46.20,1,1053,46.25_46.30_46.35_46.40_46.45_,12_11_21_48_12_,46.15_46.10_46.05_46.00_45.95_,6_9_14_11_1_
11:40:06,46.20,1,1053,46.25_46.30_46.35_46.40_46.45_,12_11_21_30_30_,46.15_46.10_46.05_46.00_45.95_,6_9_14_11_1_
11:40:47,46.25,1,1056,46.25_46.30_46.35_46.40_46.45_,11_11_21_30_30_,46.15_46.10_46.05_46.00_45.95_,3_8_14_12_1_
11:41:34,46.15,1,1057,46.25_46.30_46.35_46.40_46.45_,11_11_21_30_30_,46.15_46.10_46.05_46.00_45.95_,4_16_6_12_1_
11:41:49,46.15,1,1057,46.25_46.30_46.35_46.40_46.45_,11_11_21_30_30_,46.15_46.10_46.05_46.00_45.95_,13_8_5_12_1_
11:44:12,46.20,2,1065,46.25_46.30_46.35_46.40_46.45_,11_11_23_30_20_,46.20_46.15_46.10_46.05_46.00_,2_5_14_6_12_
11:46:05,46.20,1,1076,46.25_46.30_46.35_46.40_46.45_,9_11_23_40_20_,46.20_46.15_46.10_46.05_46.00_,8_14_6_6_12_
11:46:26,46.20,1,1076,46.25_46.30_46.35_46.40_46.45_,10_11_23_40_20_,46.20_46.15_46.10_46.05_46.00_,10_14_6_6_12_
11:48:03,46.20,2,1080,46.25_46.30_46.35_46.40_46.45_,10_11_23_40_20_,46.20_46.15_46.10_46.05_46.00_,6_14_6_6_12_
11:49:15,46.20,1,1081,46.25_46.30_46.35_46.40_46.45_,11_11_23_40_20_,46.20_46.15_46.10_46.05_46.00_,5_16_6_6_12_
11:50:53,46.25,1,1091,46.25_46.30_46.35_46.40_46.45_,7_11_23_40_20_,46.20_46.15_46.10_46.05_46.00_,2_15_5_7_13_
11:51:49,46.20,2,1093,46.25_46.30_46.35_46.40_46.45_,27_11_23_40_20_,46.15_46.10_46.05_46.00_45.95_,16_5_7_13_1_
11:52:10,46.20,2,1093,46.25_46.30_46.35_46.40_46.45_,27_11_23_40_20_,46.15_46.10_46.05_46.00_45.95_,17_5_7_13_1_
11:52:25,46.20,2,1093,46.25_46.30_46.35_46.40_46.45_,27_11_23_40_20_,46.15_46.10_46.05_46.00_45.95_,19_5_7_13_1_
11:52:51,46.20,2,1093,46.25_46.30_46.35_46.40_46.45_,27_11_23_40_20_,46.15_46.10_46.05_46.00_45.95_,19_6_6_13_1_
11:52:56,46.15,1,1094,46.25_46.30_46.35_46.40_46.45_,27_11_23_40_20_,46.15_46.10_46.05_46.00_45.95_,18_6_6_13_1_
11:53:37,46.15,1,1094,46.25_46.30_46.35_46.40_46.45_,27_11_23_40_20_,46.15_46.10_46.05_46.00_45.95_,23_6_6_13_1_
11:53:57,46.15,1,1094,46.25_46.30_46.35_46.40_46.45_,27_11_23_40_20_,46.20_46.15_46.10_46.05_46.00_,8_16_5_6_13_
11:54:03,46.25,15,1109,46.25_46.30_46.35_46.40_46.45_,12_11_23_40_20_,46.20_46.15_46.10_46.05_46.00_,13_11_5_6_13_
11:54:54,46.20,1,1142,46.30_46.35_46.40_46.45_46.50_,12_23_40_2_70_,46.20_46.15_46.10_46.05_46.00_,34_8_6_7_12_
12:02:10,46.35,1,1193,46.35_46.40_46.45_46.50_46.55_,6_42_2_53_59_,46.30_46.25_46.20_46.15_46.10_,6_25_12_7_5_
12:05:09,46.35,1,1216,46.40_46.45_46.50_46.55_46.60_,36_2_53_41_39_,46.35_46.30_46.25_46.20_46.15_,2_16_11_12_8_
12:05:19,46.35,1,1216,46.40_46.45_46.50_46.55_46.60_,36_2_53_41_39_,46.35_46.30_46.25_46.20_46.15_,2_16_11_14_8_
12:05:35,46.40,1,1217,46.40_46.45_46.50_46.55_46.60_,35_2_53_41_39_,46.35_46.30_46.25_46.20_46.15_,2_18_11_14_6_
12:05:40,46.40,1,1218,46.40_46.45_46.50_46.55_46.60_,34_2_53_41_39_,46.35_46.30_46.25_46.20_46.15_,2_18_11_14_6_
12:06:10,46.35,2,1220,46.40_46.45_46.50_46.55_46.60_,32_2_53_41_39_,46.30_46.25_46.20_46.15_46.10_,9_19_14_6_6_
12:06:21,46.30,1,1221,46.40_46.45_46.50_46.55_46.60_,32_2_53_41_39_,46.30_46.25_46.20_46.15_46.10_,8_19_14_6_6_
12:06:51,46.30,1,1221,46.40_46.45_46.50_46.55_46.60_,32_2_53_41_39_,46.30_46.25_46.20_46.15_46.10_,7_20_14_6_6_
12:07:22,46.30,1,1221,46.40_46.45_46.50_46.55_46.60_,33_2_53_41_39_,46.30_46.25_46.20_46.15_46.10_,9_12_22_6_6_
12:07:53,46.30,1,1221,46.40_46.45_46.50_46.55_46.60_,33_2_53_41_39_,46.30_46.25_46.20_46.15_46.10_,9_11_23_6_6_
12:09:05,46.40,3,1224,46.40_46.45_46.50_46.55_46.60_,31_2_53_41_39_,46.30_46.25_46.20_46.15_46.10_,9_13_23_6_6_
12:10:11,46.40,3,1241,46.40_46.45_46.50_46.55_46.60_,14_2_53_41_39_,46.30_46.25_46.20_46.15_46.10_,21_21_14_6_6_
12:11:08,46.40,2,1243,46.40_46.45_46.50_46.55_46.60_,12_2_53_41_39_,46.30_46.25_46.20_46.15_46.10_,22_21_13_8_6_
12:11:39,46.40,1,1244,46.40_46.45_46.50_46.55_46.60_,12_3_53_41_39_,46.30_46.25_46.20_46.15_46.10_,22_21_13_8_6_
12:11:44,46.40,1,1244,46.35_46.40_46.45_46.50_46.55_,25_12_3_53_41_,46.30_46.25_46.20_46.15_46.10_,22_21_13_8_6_
12:11:49,46.40,1,1244,46.35_46.40_46.45_46.50_46.55_,25_12_3_53_59_,46.30_46.25_46.20_46.15_46.10_,22_13_21_8_6_
12:12:09,46.40,1,1244,46.35_46.40_46.45_46.50_46.55_,27_11_3_53_59_,46.30_46.25_46.20_46.15_46.10_,22_14_21_7_6_
12:12:45,46.40,1,1244,46.35_46.40_46.45_46.50_46.55_,27_11_3_53_59_,46.30_46.25_46.20_46.15_46.10_,22_14_21_27_6_
12:13:11,46.40,1,1244,46.35_46.40_46.45_46.50_46.55_,27_11_3_53_59_,46.30_46.25_46.20_46.15_46.10_,12_14_21_27_6_
12:14:17,46.30,1,1249,46.35_46.40_46.45_46.50_46.55_,23_11_5_53_59_,46.30_46.25_46.20_46.15_46.10_,8_19_23_27_6_
12:14:23,46.30,1,1250,46.35_46.40_46.45_46.50_46.55_,23_11_5_53_59_,46.30_46.25_46.20_46.15_46.10_,7_19_23_27_6_
12:15:14,46.30,1,1250,46.35_46.40_46.45_46.50_46.55_,23_11_5_53_59_,46.30_46.25_46.20_46.15_46.10_,8_20_23_27_6_
12:15:29,46.30,1,1251,46.35_46.40_46.45_46.50_46.55_,23_11_5_53_59_,46.30_46.25_46.20_46.15_46.10_,7_20_23_27_6_
12:16:05,46.30,1,1251,46.35_46.40_46.45_46.50_46.55_,24_11_5_53_59_,46.30_46.25_46.20_46.15_46.10_,7_20_24_27_6_
12:16:10,46.30,1,1251,46.35_46.40_46.45_46.50_46.55_,24_11_5_54_59_,46.30_46.25_46.20_46.15_46.10_,7_20_24_27_6_
12:16:26,46.30,1,1251,46.35_46.40_46.45_46.50_46.55_,24_11_17_54_59_,46.30_46.25_46.20_46.15_46.10_,7_20_24_27_6_
12:16:46,46.30,7,1258,46.30_46.35_46.40_46.45_46.50_,14_24_11_17_54_,46.25_46.20_46.15_46.10_46.05_,20_24_27_6_9_
12:16:51,46.30,7,1258,46.30_46.35_46.40_46.45_46.50_,15_23_11_17_72_,46.25_46.20_46.15_46.10_46.05_,20_24_27_6_9_
12:17:48,46.35,1,1277,46.35_46.40_46.45_46.50_46.55_,21_11_17_55_59_,46.30_46.25_46.20_46.15_46.10_,2_17_24_28_6_
12:18:29,46.35,1,1277,46.35_46.40_46.45_46.50_46.55_,21_11_17_55_59_,46.30_46.25_46.20_46.15_46.10_,7_17_24_28_6_
12:18:59,46.35,2,1279,46.35_46.40_46.45_46.50_46.55_,19_11_17_55_59_,46.30_46.25_46.20_46.15_46.10_,7_17_24_28_6_
12:19:05,46.35,2,1279,46.35_46.40_46.45_46.50_46.55_,19_11_17_55_59_,46.30_46.25_46.20_46.15_46.10_,7_25_16_28_6_
12:19:30,46.35,2,1279,46.35_46.40_46.45_46.50_46.55_,19_11_17_55_59_,46.30_46.25_46.20_46.15_46.10_,7_17_24_28_6_
12:20:06,46.30,1,1280,46.35_46.40_46.45_46.50_46.55_,21_11_17_55_59_,46.30_46.25_46.20_46.15_46.10_,14_19_23_28_6_
12:21:23,46.30,1,1281,46.35_46.40_46.45_46.50_46.55_,21_11_17_55_59_,46.30_46.25_46.20_46.15_46.10_,16_18_24_27_6_
12:22:14,46.30,1,1281,46.35_46.40_46.45_46.50_46.55_,22_11_17_55_59_,46.30_46.25_46.20_46.15_46.10_,16_18_24_27_6_
12:22:25,46.30,1,1282,46.35_46.40_46.45_46.50_46.55_,22_11_17_55_59_,46.30_46.25_46.20_46.15_46.10_,15_18_24_27_6_
12:22:56,46.30,1,1282,46.35_46.40_46.45_46.50_46.55_,22_11_17_55_59_,46.30_46.25_46.20_46.15_46.10_,16_24_23_27_6_
12:23:47,46.30,1,1282,46.35_46.40_46.45_46.50_46.55_,22_11_17_55_59_,46.30_46.25_46.20_46.15_46.10_,16_26_23_27_6_
12:26:05,46.35,1,1286,46.35_46.40_46.45_46.50_46.55_,19_11_17_55_59_,46.30_46.25_46.20_46.15_46.10_,15_32_15_27_6_
12:26:15,46.35,1,1286,46.35_46.40_46.45_46.50_46.55_,19_11_17_55_59_,46.30_46.25_46.20_46.15_46.10_,15_34_15_27_6_
12:26:56,46.35,2,1288,46.35_46.40_46.45_46.50_46.55_,17_11_17_55_59_,46.30_46.25_46.20_46.15_46.10_,16_31_15_27_6_
12:27:07,46.35,2,1288,46.35_46.40_46.45_46.50_46.55_,17_11_17_55_59_,46.30_46.25_46.20_46.15_46.10_,17_31_15_27_6_
12:27:17,46.35,2,1288,46.35_46.40_46.45_46.50_46.55_,18_11_17_55_59_,46.30_46.25_46.20_46.15_46.10_,17_31_15_27_6_
12:27:48,46.30,1,1289,46.35_46.40_46.45_46.50_46.55_,18_11_17_55_59_,46.30_46.25_46.20_46.15_46.10_,16_31_15_27_6_
12:27:53,46.35,1,1290,46.35_46.40_46.45_46.50_46.55_,17_11_17_55_59_,46.30_46.25_46.20_46.15_46.10_,16_31_15_27_6_
12:28:08,46.30,2,1292,46.35_46.40_46.45_46.50_46.55_,17_11_17_55_59_,46.30_46.25_46.20_46.15_46.10_,15_32_15_27_6_
12:29:20,46.35,2,1294,46.35_46.40_46.45_46.50_46.55_,16_11_17_55_59_,46.30_46.25_46.20_46.15_46.10_,16_24_23_27_6_
12:29:46,46.35,2,1294,46.35_46.40_46.45_46.50_46.55_,17_11_17_55_59_,46.30_46.25_46.20_46.15_46.10_,16_24_23_27_6_
12:30:32,46.30,1,1297,46.35_46.40_46.45_46.50_46.55_,16_11_17_55_59_,46.30_46.25_46.20_46.15_46.10_,13_23_23_27_6_
12:31:54,46.30,1,1314,46.30_46.35_46.40_46.45_46.50_,2_14_11_17_73_,46.25_46.20_46.15_46.10_46.05_,24_24_27_6_9_
12:32:15,46.30,1,1316,46.35_46.40_46.45_46.50_46.55_,14_11_17_73_2_,46.25_46.20_46.15_46.10_46.05_,24_24_27_6_9_
12:32:50,46.30,1,1316,46.35_46.40_46.45_46.50_46.55_,15_11_17_60_20_,46.30_46.25_46.20_46.15_46.10_,13_23_23_27_6_
12:33:11,46.25,1,1330,46.30_46.35_46.40_46.45_46.50_,8_14_11_17_78_,46.25_46.20_46.15_46.10_46.05_,23_24_27_6_9_
12:37:01,46.35,1,1347,46.35_46.40_46.45_46.50_46.55_,9_11_17_70_10_,46.25_46.20_46.15_46.10_46.05_,43_16_7_7_9_
12:38:33,46.30,1,1350,46.35_46.40_46.45_46.50_46.55_,9_11_17_60_20_,46.30_46.25_46.20_46.15_46.10_,1_41_16_7_6_
12:39:10,46.30,1,1350,46.35_46.40_46.45_46.50_46.55_,9_11_17_60_20_,46.30_46.25_46.20_46.15_46.10_,4_41_16_7_6_
12:39:20,46.30,1,1350,46.35_46.40_46.45_46.50_46.55_,9_11_17_60_20_,46.30_46.25_46.20_46.15_46.10_,4_42_16_7_6_
12:39:40,46.35,2,1353,46.35_46.40_46.45_46.50_46.55_,6_11_17_60_20_,46.30_46.25_46.20_46.15_46.10_,5_42_16_7_6_
12:40:16,46.40,1,1370,46.40_46.45_46.50_46.55_46.60_,10_17_60_2_41_,46.35_46.30_46.25_46.20_46.15_,2_5_33_15_7_
12:40:26,46.40,1,1370,46.40_46.45_46.50_46.55_46.60_,10_17_60_2_41_,46.35_46.30_46.25_46.20_46.15_,2_15_33_15_7_
12:40:47,46.40,1,1371,46.40_46.45_46.50_46.55_46.60_,9_17_60_12_31_,46.30_46.25_46.20_46.15_46.10_,23_33_15_7_6_
12:40:57,46.40,1,1371,46.40_46.45_46.50_46.55_46.60_,11_17_60_12_31_,46.35_46.30_46.25_46.20_46.15_,8_16_33_14_7_
12:41:02,46.40,1,1371,46.40_46.45_46.50_46.55_46.60_,11_17_60_2_41_,46.35_46.30_46.25_46.20_46.15_,8_16_33_14_7_
12:41:13,46.40,1,1372,46.40_46.45_46.50_46.55_46.60_,11_17_60_2_41_,46.35_46.30_46.25_46.20_46.15_,8_16_33_14_7_
12:41:33,46.40,1,1372,46.40_46.45_46.50_46.55_46.60_,11_17_60_2_41_,46.35_46.30_46.25_46.20_46.15_,10_16_33_14_7_
12:42:30,46.40,1,1375,46.40_46.45_46.50_46.55_46.60_,9_22_60_2_41_,46.35_46.30_46.25_46.20_46.15_,1_24_33_15_7_
12:43:00,46.40,1,1376,46.40_46.45_46.50_46.55_46.60_,8_22_70_2_41_,46.35_46.30_46.25_46.20_46.15_,1_24_33_15_7_
12:43:46,46.40,1,1376,46.40_46.45_46.50_46.55_46.60_,8_22_70_2_41_,46.35_46.30_46.25_46.20_46.15_,14_16_33_15_7_
12:43:52,46.35,1,1377,46.40_46.45_46.50_46.55_46.60_,8_22_70_2_41_,46.35_46.30_46.25_46.20_46.15_,15_15_33_14_7_
12:44:43,46.40,1,1388,46.40_46.45_46.50_46.55_46.60_,1_22_70_2_23_,46.35_46.30_46.25_46.20_46.15_,14_15_33_14_7_
12:45:19,46.45,1,1401,46.45_46.50_46.55_46.60_46.65_,21_71_2_33_11_,46.35_46.30_46.25_46.20_46.15_,16_15_33_14_7_
12:46:15,46.40,1,1406,46.40_46.45_46.50_46.55_46.60_,1_20_71_2_41_,46.35_46.30_46.25_46.20_46.15_,8_21_32_14_7_
12:46:35,46.40,2,1409,46.45_46.50_46.55_46.60_46.65_,20_70_2_23_21_,46.35_46.30_46.25_46.20_46.15_,7_21_32_14_7_
12:46:40,46.45,1,1410,46.45_46.50_46.55_46.60_46.65_,19_70_2_33_11_,46.35_46.30_46.25_46.20_46.15_,7_21_32_14_7_
12:46:56,46.45,1,1410,46.45_46.50_46.55_46.60_46.65_,19_70_2_33_11_,46.35_46.30_46.25_46.20_46.15_,6_22_33_14_7_
12:47:01,46.45,1,1410,46.40_46.45_46.50_46.55_46.60_,11_19_70_2_33_,46.35_46.30_46.25_46.20_46.15_,6_22_33_14_7_
12:47:06,46.45,1,1410,46.40_46.45_46.50_46.55_46.60_,11_19_70_2_41_,46.35_46.30_46.25_46.20_46.15_,6_22_33_14_7_
12:47:21,46.40,4,1414,46.40_46.45_46.50_46.55_46.60_,7_19_70_2_41_,46.35_46.30_46.25_46.20_46.15_,6_22_33_14_7_
12:48:43,46.45,1,1422,46.45_46.50_46.55_46.60_46.65_,18_70_2_23_21_,46.40_46.35_46.30_46.25_46.20_,3_6_11_33_15_
12:49:14,46.40,1,1423,46.45_46.50_46.55_46.60_46.65_,18_70_2_23_21_,46.40_46.35_46.30_46.25_46.20_,2_6_11_33_15_
12:50:06,46.40,1,1423,46.45_46.50_46.55_46.60_46.65_,18_70_2_26_21_,46.40_46.35_46.30_46.25_46.20_,2_15_2_33_15_
12:50:26,46.40,1,1423,46.45_46.50_46.55_46.60_46.65_,18_70_2_26_21_,46.40_46.35_46.30_46.25_46.20_,2_17_2_33_15_
12:52:03,46.40,1,1425,46.45_46.50_46.55_46.60_46.65_,18_70_2_26_21_,46.40_46.35_46.30_46.25_46.20_,5_20_2_33_14_
12:52:19,46.40,1,1425,46.45_46.50_46.55_46.60_46.65_,18_70_2_26_21_,46.40_46.35_46.30_46.25_46.20_,5_12_10_33_14_
12:52:50,46.40,4,1429,46.45_46.50_46.55_46.60_46.65_,18_70_2_26_21_,46.40_46.35_46.30_46.25_46.20_,1_11_11_33_14_
12:53:10,46.40,4,1429,46.45_46.50_46.55_46.60_46.65_,18_70_2_26_21_,46.40_46.35_46.30_46.25_46.20_,2_11_11_33_14_
12:53:51,46.40,4,1429,46.45_46.50_46.55_46.60_46.65_,18_70_2_26_21_,46.40_46.35_46.30_46.25_46.20_,5_5_11_33_14_
12:54:22,46.40,4,1429,46.45_46.50_46.55_46.60_46.65_,19_70_2_26_21_,46.40_46.35_46.30_46.25_46.20_,5_5_12_33_14_
12:54:37,46.40,1,1430,46.45_46.50_46.55_46.60_46.65_,19_70_2_26_21_,46.40_46.35_46.30_46.25_46.20_,4_5_12_33_14_
12:56:25,46.40,2,1438,46.45_46.50_46.55_46.60_46.65_,17_70_2_28_21_,46.40_46.35_46.30_46.25_46.20_,2_4_11_33_15_
12:57:16,46.40,1,1439,46.45_46.50_46.55_46.60_46.65_,17_70_2_28_21_,46.40_46.35_46.30_46.25_46.20_,1_4_11_33_15_
12:58:12,46.40,1,1440,46.45_46.50_46.55_46.60_46.65_,17_70_2_28_21_,46.40_46.35_46.30_46.25_46.20_,2_4_11_33_15_
12:59:19,46.40,1,1440,46.45_46.50_46.55_46.60_46.65_,18_70_2_28_21_,46.40_46.35_46.30_46.25_46.20_,3_5_2_41_16_
13:00:00,46.40,1,1441,46.45_46.50_46.55_46.60_46.65_,18_70_2_28_21_,46.40_46.35_46.30_46.25_46.20_,2_5_2_41_16_
13:00:36,46.40,1,1442,46.45_46.50_46.55_46.60_46.65_,17_70_2_28_21_,46.40_46.35_46.30_46.25_46.20_,3_4_2_41_16_
13:00:51,46.40,1,1442,46.45_46.50_46.55_46.60_46.65_,17_70_2_28_21_,46.40_46.35_46.30_46.25_46.20_,6_3_11_33_15_
13:02:13,46.40,5,1447,46.45_46.50_46.55_46.60_46.65_,17_65_2_28_21_,46.40_46.35_46.30_46.25_46.20_,1_3_11_33_15_
13:02:49,46.40,1,1449,46.45_46.50_46.55_46.60_46.65_,17_65_2_28_21_,46.40_46.35_46.30_46.25_46.20_,1_3_2_41_16_
13:04:26,46.40,1,1450,46.45_46.50_46.55_46.60_46.65_,18_80_2_38_11_,46.35_46.30_46.25_46.20_46.15_,3_3_41_16_17_
13:05:43,46.35,1,1452,46.45_46.50_46.55_46.60_46.65_,18_80_2_38_11_,46.35_46.30_46.25_46.20_46.15_,1_3_41_16_17_
13:06:24,46.45,2,1454,46.45_46.50_46.55_46.60_46.65_,16_80_2_38_11_,46.35_46.30_46.25_46.20_46.15_,1_3_41_16_17_
13:07:00,46.45,2,1454,46.45_46.50_46.55_46.60_46.65_,16_80_2_38_11_,46.35_46.30_46.25_46.20_46.15_,1_4_41_16_17_
13:07:11,46.45,2,1454,46.45_46.50_46.55_46.60_46.65_,18_80_2_38_11_,46.35_46.30_46.25_46.20_46.15_,1_4_41_16_17_
13:07:26,46.35,1,1455,46.45_46.50_46.55_46.60_46.65_,18_80_2_38_11_,46.30_46.25_46.20_46.15_46.10_,4_42_16_17_6_
13:08:07,46.40,2,1458,46.45_46.50_46.55_46.60_46.65_,16_80_2_38_11_,46.30_46.25_46.20_46.15_46.10_,3_42_16_17_6_
13:09:08,46.40,2,1458,46.45_46.50_46.55_46.60_46.65_,16_80_2_38_11_,46.35_46.30_46.25_46.20_46.15_,3_4_41_15_17_
13:09:39,46.45,1,1461,46.45_46.50_46.55_46.60_46.65_,13_80_2_38_11_,46.35_46.30_46.25_46.20_46.15_,3_3_41_16_17_
13:09:44,46.45,1,1462,46.45_46.50_46.55_46.60_46.65_,12_80_2_38_11_,46.35_46.30_46.25_46.20_46.15_,3_3_41_16_17_
13:09:55,46.45,1,1462,46.45_46.50_46.55_46.60_46.65_,17_80_2_38_11_,46.35_46.30_46.25_46.20_46.15_,3_3_41_16_17_
13:12:39,46.35,2,1469,46.35_46.45_46.50_46.55_46.60_,9_17_81_12_36_,46.30_46.25_46.20_46.15_46.10_,3_35_25_17_6_
13:15:23,46.45,1,1484,46.45_46.50_46.55_46.60_46.65_,15_81_2_38_11_,46.35_46.30_46.25_46.20_46.15_,3_18_22_5_7_
13:16:55,46.30,15,1505,46.45_46.50_46.55_46.60_46.65_,13_81_2_38_11_,46.30_46.25_46.20_46.15_46.10_,19_21_5_7_6_
13:17:16,46.30,8,1513,46.45_46.50_46.55_46.60_46.65_,13_81_2_38_11_,46.30_46.25_46.20_46.15_46.10_,14_21_5_7_6_
13:17:41,46.45,1,1514,46.45_46.50_46.55_46.60_46.65_,12_81_2_38_11_,46.30_46.25_46.20_46.15_46.10_,13_21_5_7_6_
13:19:44,46.40,1,1519,46.40_46.45_46.50_46.55_46.60_,6_11_81_12_36_,46.30_46.25_46.20_46.15_46.10_,17_20_4_7_7_
13:19:50,46.30,1,1520,46.40_46.45_46.50_46.55_46.60_,7_11_81_12_36_,46.30_46.25_46.20_46.15_46.10_,16_20_5_6_7_
13:20:36,46.30,1,1521,46.40_46.45_46.50_46.55_46.60_,11_11_81_12_36_,46.30_46.25_46.20_46.15_46.10_,12_21_13_6_7_
13:21:07,46.30,1,1521,46.35_46.40_46.45_46.50_46.55_,1_10_11_81_12_,46.30_46.25_46.20_46.15_46.10_,13_21_13_6_7_
13:21:22,46.30,5,1527,46.40_46.45_46.50_46.55_46.60_,10_11_81_12_36_,46.30_46.25_46.20_46.15_46.10_,9_20_13_6_7_
13:23:05,46.40,1,1537,46.40_46.45_46.50_46.55_46.60_,9_11_81_2_46_,46.35_46.30_46.25_46.20_46.15_,10_4_29_4_6_
13:23:10,46.40,2,1539,46.40_46.45_46.50_46.55_46.60_,7_11_81_2_46_,46.35_46.30_46.25_46.20_46.15_,9_3_29_4_6_
13:24:16,46.40,1,1545,46.40_46.45_46.50_46.55_46.60_,2_11_80_2_46_,46.35_46.30_46.25_46.20_46.15_,5_3_29_4_6_
13:25:19,46.40,1,1545,46.40_46.45_46.50_46.55_46.60_,3_11_65_2_46_,46.35_46.30_46.25_46.20_46.15_,4_8_14_4_6_
13:25:24,46.40,1,1545,46.40_46.45_46.50_46.55_46.60_,3_11_65_2_46_,46.35_46.30_46.25_46.20_46.15_,4_3_14_4_6_
13:25:30,46.40,1,1545,46.40_46.45_46.50_46.55_46.60_,23_11_65_2_46_,46.35_46.30_46.25_46.20_46.15_,4_3_14_4_6_
13:25:40,46.40,1,1545,46.40_46.45_46.50_46.55_46.60_,19_11_65_2_46_,46.35_46.30_46.25_46.20_46.15_,4_3_14_4_6_
13:25:55,46.40,1,1545,46.40_46.45_46.50_46.55_46.60_,24_11_65_2_46_,46.35_46.30_46.25_46.20_46.15_,4_3_14_4_6_
13:27:12,46.40,1,1545,46.30_46.40_46.45_46.50_46.55_,2_38_11_67_2_,46.25_46.20_46.15_46.10_46.05_,10_4_15_75_43_
13:27:22,46.40,1,1545,46.30_46.40_46.45_46.50_46.55_,2_38_11_67_2_,46.25_46.20_46.15_46.10_46.05_,5_4_15_75_43_
13:27:43,46.40,1,1545,46.30_46.40_46.45_46.50_46.55_,2_38_11_67_2_,46.20_46.15_46.10_46.05_46.00_,5_15_75_43_83_
13:27:48,46.40,1,1545,46.30_46.40_46.45_46.50_46.55_,2_38_11_67_2_,46.25_46.20_46.15_46.10_46.05_,2_5_15_75_43_
13:28:08,46.40,1,1545,46.40_46.45_46.50_46.55_46.60_,15_11_67_2_46_,46.35_46.30_46.25_46.20_46.15_,3_6_13_5_15_
13:28:34,46.40,1,1545,46.40_46.45_46.50_46.55_46.60_,16_11_67_2_46_,46.35_46.30_46.25_46.20_46.15_,3_6_13_5_15_
13:28:55,46.40,1,1545,46.40_46.45_46.50_46.55_46.60_,17_11_67_2_46_,46.35_46.30_46.25_46.20_46.15_,3_6_13_5_15_
13:29:00,46.40,1,1545,46.40_46.45_46.50_46.55_46.60_,17_11_67_2_46_,46.35_46.30_46.25_46.20_46.15_,3_53_13_5_15_
13:29:05,46.40,1,1545,46.40_46.45_46.50_46.55_46.60_,17_11_67_2_46_,46.35_46.30_46.25_46.20_46.15_,4_53_60_5_15_
13:30:00,46.40,106,1651,46.45_46.50_46.55_46.60_46.65_,11_67_2_46_2_,46.40_46.35_46.30_46.25_46.20_,14_4_53_60_5_
