09:03:11,193.00,2,292,193.50_194.00_194.50_195.00_195.50_,2_17_13_27_6_,193.00_192.50_192.00_191.50_191.00_,2_10_49_9_16_
09:03:27,193.50,5,312,193.50_194.00_194.50_195.00_195.50_,6_11_10_30_6_,193.00_192.50_192.00_191.50_191.00_,14_8_48_8_15_
09:03:37,193.00,7,320,193.50_194.00_194.50_195.00_195.50_,10_11_13_27_11_,193.00_192.50_192.00_191.50_191.00_,11_8_48_8_17_
09:04:18,192.50,1,351,192.50_193.00_193.50_194.00_194.50_,11_28_11_10_11_,192.00_191.50_191.00_190.50_190.00_,50_7_18_4_26_
09:04:54,192.50,1,365,192.50_193.00_193.50_194.00_194.50_,3_28_7_10_11_,192.00_191.50_191.00_190.50_190.00_,55_8_17_5_32_
09:05:40,191.50,1,442,192.00_192.50_193.00_193.50_194.00_,5_5_30_5_10_,191.50_191.00_190.50_190.00_189.00_,1_18_4_33_7_
09:05:45,192.00,1,443,192.00_192.50_193.00_193.50_194.00_,5_3_32_5_10_,191.50_191.00_190.50_190.00_189.00_,3_18_4_33_7_
09:07:12,189.00,2,538,189.00_190.00_190.50_191.00_191.50_,9_18_9_15_3_,188.50_188.00_187.50_187.00_186.00_,3_10_1_3_5_
09:07:38,187.00,2,571,187.00_188.00_188.50_189.00_189.50_,6_22_5_7_2_,186.50_186.00_185.50_185.00_183.50_,2_6_3_15_1_
09:11:54,185.50,4,903,185.50_186.00_186.50_187.00_187.50_,4_5_7_26_1_,185.00_184.50_184.00_183.50_183.00_,17_22_23_12_18_
09:11:59,185.50,4,907,185.50_186.00_186.50_187.00_187.50_,2_4_7_26_1_,185.00_184.50_184.00_183.50_183.00_,17_22_24_12_18_
09:12:09,186.00,1,912,186.00_186.50_187.00_187.50_188.00_,3_4_29_1_5_,185.50_185.00_184.50_184.00_183.50_,4_22_10_24_12_
09:12:35,186.50,1,920,186.50_187.00_187.50_188.00_188.50_,2_26_4_5_3_,186.00_185.50_185.00_184.50_184.00_,10_20_27_11_24_
09:13:52,184.50,2,1025,185.00_185.50_186.00_186.50_187.00_,10_1_14_8_26_,184.50_184.00_183.50_183.00_182.50_,4_26_17_24_6_
09:13:57,185.00,2,1027,185.00_185.50_186.00_186.50_187.00_,10_1_14_8_26_,184.50_184.00_183.50_183.00_182.50_,4_26_17_25_6_
09:14:02,185.00,2,1027,185.00_185.50_186.00_186.50_187.00_,10_1_15_8_26_,184.50_184.00_183.50_183.00_182.50_,4_26_17_25_6_
09:14:07,184.50,1,1028,185.00_185.50_186.00_186.50_187.00_,10_1_15_8_26_,184.50_184.00_183.50_183.00_182.50_,4_26_17_25_6_
09:14:12,185.00,1,1029,185.00_185.50_186.00_186.50_187.00_,9_1_15_8_26_,184.50_184.00_183.50_183.00_182.50_,4_27_17_25_6_
09:14:22,184.50,1,1030,185.00_185.50_186.00_186.50_187.00_,14_1_18_5_26_,184.50_184.00_183.50_183.00_182.50_,6_28_17_26_6_
09:14:48,184.50,4,1042,185.00_185.50_186.00_186.50_187.00_,14_1_17_8_26_,184.50_184.00_183.50_183.00_182.50_,3_28_17_27_7_
09:15:55,184.50,2,1058,185.00_185.50_186.00_186.50_187.00_,20_4_21_35_26_,184.50_184.00_183.50_183.00_182.50_,2_32_17_27_10_
09:16:05,184.50,2,1061,184.50_185.00_185.50_186.00_186.50_,1_21_4_19_35_,184.00_183.50_183.00_182.50_182.00_,32_17_28_10_8_
09:16:10,184.50,1,1062,185.00_185.50_186.00_186.50_187.00_,21_7_16_35_26_,184.50_184.00_183.50_183.00_182.50_,1_31_16_28_10_
09:16:31,185.00,1,1063,185.00_185.50_186.00_186.50_187.00_,20_4_19_35_26_,184.50_184.00_183.50_183.00_182.50_,8_33_16_34_10_
09:17:53,184.50,2,1091,184.50_185.00_185.50_186.00_186.50_,1_17_4_21_6_,184.00_183.50_183.00_182.50_182.00_,38_16_39_12_11_
09:18:08,184.50,1,1092,185.00_185.50_186.00_186.50_187.00_,17_4_21_6_26_,184.50_184.00_183.50_183.00_182.50_,4_44_16_40_12_
09:18:54,185.00,5,1110,185.50_186.00_186.50_187.00_188.00_,2_18_10_26_7_,185.00_184.50_184.00_183.50_183.00_,8_13_44_16_42_
09:19:04,185.50,2,1114,186.00_186.50_187.00_188.00_188.50_,14_10_27_8_3_,185.50_185.00_184.50_184.00_183.50_,6_16_15_43_16_
09:20:11,186.50,1,1163,186.50_187.00_187.50_188.00_188.50_,2_36_15_9_3_,186.00_185.50_185.00_184.50_184.00_,12_4_19_29_66_
09:20:16,186.50,1,1164,186.50_187.00_187.50_188.00_188.50_,16_36_18_6_3_,186.00_185.50_185.00_184.50_184.00_,12_4_19_29_66_
09:20:21,186.50,3,1167,186.50_187.00_187.50_188.00_188.50_,13_36_18_6_3_,186.00_185.50_185.00_184.50_184.00_,12_3_20_29_66_
09:21:12,186.00,2,1181,186.00_186.50_187.00_187.50_188.00_,3_13_40_15_6_,185.50_185.00_184.50_184.00_183.50_,9_22_29_65_18_
09:21:22,186.00,2,1181,186.00_186.50_187.00_187.50_188.00_,8_13_40_15_6_,185.50_185.00_184.50_184.00_183.50_,9_22_29_41_18_
09:21:38,185.50,1,1191,185.50_186.00_186.50_187.00_187.50_,1_8_16_37_15_,185.00_184.50_184.00_183.50_183.00_,22_29_41_18_46_
09:22:24,186.00,9,1202,186.50_187.00_187.50_188.00_188.50_,13_37_18_12_2_,186.00_185.50_185.00_184.50_184.00_,1_2_23_30_41_
09:22:34,186.00,9,1202,186.50_187.00_187.50_188.00_188.50_,13_38_18_12_2_,186.00_185.50_185.00_184.50_184.00_,5_2_24_30_41_
09:22:44,186.50,5,1207,186.50_187.00_187.50_188.00_188.50_,8_39_18_11_2_,186.00_185.50_185.00_184.50_184.00_,5_2_24_30_42_
09:22:55,186.50,1,1209,186.50_187.00_187.50_188.00_188.50_,6_39_18_11_2_,186.00_185.50_185.00_184.50_184.00_,6_4_24_30_42_
09:23:00,186.50,1,1209,186.50_187.00_187.50_188.00_188.50_,16_39_18_11_2_,186.00_185.50_185.00_184.50_184.00_,11_4_24_30_42_
09:23:30,186.50,1,1210,186.50_187.00_187.50_188.00_188.50_,17_39_18_13_2_,186.00_185.50_185.00_184.50_184.00_,12_21_24_30_43_
09:23:36,186.00,1,1211,186.50_187.00_187.50_188.00_188.50_,17_39_18_13_2_,186.00_185.50_185.00_184.50_184.00_,11_21_24_30_43_
09:23:41,186.50,3,1214,186.50_187.00_187.50_188.00_188.50_,15_39_18_13_2_,186.00_185.50_185.00_184.50_184.00_,12_21_24_31_43_
09:23:51,186.50,1,1217,186.50_187.00_187.50_188.00_188.50_,12_39_19_13_2_,186.00_185.50_185.00_184.50_184.00_,14_22_29_31_55_
09:26:25,187.00,1,1262,187.00_187.50_188.00_188.50_189.00_,28_18_16_12_10_,186.50_186.00_185.50_185.00_184.50_,4_26_25_32_35_
09:26:46,187.00,1,1263,187.00_187.50_188.00_188.50_189.00_,27_18_13_12_10_,186.50_186.00_185.50_185.00_184.50_,4_26_25_33_35_
09:27:01,187.00,1,1263,187.00_187.50_188.00_188.50_189.00_,27_18_13_12_11_,186.50_186.00_185.50_185.00_184.50_,6_28_25_33_35_
09:28:18,187.00,1,1270,187.00_187.50_188.00_188.50_189.00_,22_20_13_12_11_,186.50_186.00_185.50_185.00_184.50_,12_29_25_35_35_
09:28:23,187.00,1,1270,187.00_187.50_188.00_188.50_189.00_,22_20_13_12_11_,186.50_186.00_185.50_185.00_184.50_,12_28_25_35_35_
09:28:33,187.00,1,1271,187.00_187.50_188.00_188.50_189.00_,22_20_13_12_11_,186.50_186.00_185.50_185.00_184.50_,12_28_25_35_35_
09:30:46,187.00,1,1299,187.00_187.50_188.00_188.50_189.00_,24_17_14_11_7_,186.50_186.00_185.50_185.00_184.50_,46_27_25_35_37_
09:31:27,187.00,20,1326,187.50_188.00_188.50_189.00_189.50_,17_14_11_7_16_,187.00_186.50_186.00_185.50_185.00_,39_2_27_25_35_
09:31:32,187.50,1,1327,187.50_188.00_188.50_189.00_189.50_,16_11_14_7_16_,187.00_186.50_186.00_185.50_185.00_,39_2_27_25_35_
09:31:38,187.50,1,1327,187.50_188.00_188.50_189.00_189.50_,16_9_14_7_16_,187.00_186.50_186.00_185.50_185.00_,40_2_27_25_35_
09:31:43,187.50,6,1333,187.50_188.00_188.50_189.00_189.50_,10_9_14_7_16_,187.00_186.50_186.00_185.50_185.00_,41_2_27_25_57_
09:31:48,187.50,1,1334,187.50_188.00_188.50_189.00_189.50_,9_9_14_7_16_,187.00_186.50_186.00_185.50_185.00_,40_2_27_25_57_
09:31:53,187.50,9,1343,188.00_188.50_189.00_189.50_190.00_,9_14_7_16_16_,187.50_187.00_186.50_186.00_185.50_,8_40_2_27_25_
09:31:58,187.50,9,1343,188.00_188.50_189.00_189.50_190.00_,9_11_10_16_16_,187.50_187.00_186.50_186.00_185.50_,9_40_2_27_25_
09:32:03,188.00,3,1346,188.00_188.50_189.00_189.50_190.00_,6_11_11_16_16_,187.50_187.00_186.50_186.00_185.50_,11_40_2_28_25_
09:32:08,188.00,4,1350,188.00_188.50_189.00_189.50_190.00_,2_11_11_16_16_,187.50_187.00_186.50_186.00_185.50_,11_40_2_28_25_
09:32:13,188.00,4,1350,188.00_188.50_189.00_189.50_190.00_,2_11_11_16_16_,187.50_187.00_186.50_186.00_185.50_,12_40_2_28_25_
09:32:19,188.00,2,1352,188.50_189.00_189.50_190.00_190.50_,11_11_16_16_1_,188.00_187.50_187.00_186.50_186.00_,1_11_40_2_28_
09:32:24,188.00,1,1353,188.50_189.00_189.50_190.00_190.50_,11_8_19_16_1_,187.50_187.00_186.50_186.00_185.50_,10_41_2_28_25_
09:32:29,188.00,1,1353,188.00_188.50_189.00_189.50_190.00_,3_11_10_19_16_,187.50_187.00_186.50_186.00_185.50_,9_42_2_28_25_
09:32:34,188.00,2,1355,188.00_188.50_189.00_189.50_190.00_,1_11_13_16_16_,187.50_187.00_186.50_186.00_185.50_,9_42_2_28_25_
09:32:39,188.50,12,1367,189.00_189.50_190.00_190.50_191.00_,13_6_16_1_5_,188.50_188.00_187.50_187.00_186.50_,27_2_9_3_2_
09:32:44,188.50,1,1368,189.00_189.50_190.00_190.50_191.00_,10_6_19_1_5_,188.50_188.00_187.50_187.00_186.50_,26_2_9_2_2_
09:33:25,189.00,6,1403,189.50_190.00_190.50_191.00_191.50_,6_16_5_5_1_,189.00_188.50_188.00_187.50_187.00_,1_3_4_9_4_
09:33:56,189.00,2,1411,189.00_189.50_190.00_190.50_191.00_,4_5_17_2_5_,188.50_188.00_187.50_187.00_186.50_,1_5_10_5_6_
09:34:01,189.00,1,1412,189.00_189.50_190.00_190.50_191.00_,6_5_18_3_5_,188.50_188.00_187.50_187.00_186.50_,1_6_10_6_6_
09:34:06,189.00,1,1412,189.00_189.50_190.00_190.50_191.00_,6_5_18_4_5_,188.50_188.00_187.50_187.00_186.50_,1_7_10_6_6_
09:34:11,189.00,1,1412,189.00_189.50_190.00_190.50_191.00_,11_6_18_4_5_,188.50_188.00_187.50_187.00_186.50_,2_7_10_6_6_
09:34:16,189.00,1,1413,189.00_189.50_190.00_190.50_191.00_,11_6_18_4_5_,188.50_188.00_187.50_187.00_186.50_,2_8_9_5_6_
09:34:37,189.00,2,1419,189.00_189.50_190.00_190.50_191.00_,6_6_18_4_10_,188.50_188.00_187.50_187.00_186.50_,2_10_9_7_6_
09:34:42,189.00,2,1419,189.00_189.50_190.00_190.50_191.00_,6_6_18_4_10_,188.50_188.00_187.50_187.00_186.50_,3_10_9_7_6_
09:34:47,189.00,2,1421,189.00_189.50_190.00_190.50_191.00_,4_6_18_4_10_,188.50_188.00_187.50_187.00_186.50_,4_9_9_7_6_
09:38:07,188.50,2,1461,188.50_189.00_189.50_190.00_190.50_,16_10_12_11_4_,188.00_187.50_187.00_186.50_186.00_,9_9_5_12_33_
09:38:17,188.50,1,1462,188.50_189.00_189.50_190.00_190.50_,15_9_12_11_4_,188.00_187.50_187.00_186.50_186.00_,9_9_4_12_33_
09:38:22,188.50,1,1463,188.50_189.00_189.50_190.00_190.50_,14_9_12_11_4_,188.00_187.50_187.00_186.50_186.00_,9_9_4_12_33_
09:38:28,188.00,5,1468,188.50_189.00_189.50_190.00_190.50_,14_9_12_11_4_,188.00_187.50_187.00_186.50_186.00_,4_9_4_12_33_
09:40:31,187.50,1,1481,188.00_188.50_189.00_189.50_190.00_,4_6_13_11_9_,187.50_187.00_186.50_186.00_185.50_,8_10_12_34_25_
09:41:47,187.50,9,1490,188.00_188.50_189.00_189.50_190.00_,11_9_13_11_9_,187.00_186.50_186.00_185.50_185.00_,10_12_35_24_46_
09:43:04,187.50,1,1497,188.00_188.50_189.00_189.50_190.00_,11_10_13_12_9_,187.50_187.00_186.50_186.00_185.50_,2_10_11_34_24_
09:43:19,188.00,1,1498,188.00_188.50_189.00_189.50_190.00_,10_10_13_12_9_,187.50_187.00_186.50_186.00_185.50_,2_10_11_34_24_
09:44:31,188.00,1,1504,188.00_188.50_189.00_189.50_190.00_,4_10_16_12_10_,187.50_187.00_186.50_186.00_185.50_,11_24_12_34_24_
09:44:36,188.00,3,1507,188.00_188.50_189.00_189.50_190.00_,1_9_16_12_10_,187.50_187.00_186.50_186.00_185.50_,11_24_12_34_24_
09:44:46,188.00,1,1508,188.50_189.00_189.50_190.00_190.50_,8_13_15_10_6_,187.50_187.00_186.50_186.00_185.50_,11_24_12_34_24_
09:44:57,188.00,1,1508,188.50_189.00_189.50_190.00_190.50_,8_13_15_10_6_,188.00_187.50_187.00_186.50_186.00_,2_13_24_13_34_
09:46:44,188.50,1,1520,188.50_189.00_189.50_190.00_190.50_,4_13_15_10_6_,188.00_187.50_187.00_186.50_186.00_,8_12_24_24_34_
09:46:49,188.50,2,1522,188.50_189.00_189.50_190.00_190.50_,2_13_15_10_6_,188.00_187.50_187.00_186.50_186.00_,8_13_24_24_34_
09:46:55,188.00,1,1523,188.50_189.00_189.50_190.00_190.50_,2_13_15_10_6_,188.00_187.50_187.00_186.50_186.00_,8_13_23_24_34_
09:47:00,188.00,1,1523,188.50_189.00_189.50_190.00_190.50_,3_13_15_9_6_,188.00_187.50_187.00_186.50_186.00_,8_13_23_24_34_
09:47:05,188.50,3,1526,188.50_189.00_189.50_190.00_190.50_,1_12_15_8_6_,188.00_187.50_187.00_186.50_186.00_,8_13_23_24_34_
09:47:36,188.50,1,1527,189.00_189.50_190.00_190.50_191.00_,13_12_11_7_13_,188.00_187.50_187.00_186.50_186.00_,25_18_13_24_34_
09:47:46,189.00,10,1537,189.00_189.50_190.00_190.50_191.00_,3_12_11_7_13_,188.50_188.00_187.50_187.00_186.50_,1_25_18_13_24_
09:48:47,189.00,1,1542,189.50_190.00_190.50_191.00_191.50_,6_11_7_18_22_,188.50_188.00_187.50_187.00_186.50_,14_28_23_25_23_
09:49:34,189.00,2,1547,189.50_190.00_190.50_191.00_191.50_,6_8_11_19_22_,188.50_188.00_187.50_187.00_186.50_,15_28_28_27_18_
09:51:16,188.50,1,1554,189.00_189.50_190.00_190.50_191.00_,22_4_11_7_19_,188.50_188.00_187.50_187.00_186.50_,14_28_23_20_18_
09:51:57,188.50,1,1556,189.00_189.50_190.00_190.50_191.00_,21_4_11_8_19_,188.50_188.00_187.50_187.00_186.50_,14_28_23_20_18_
09:52:48,188.50,1,1556,189.00_189.50_190.00_190.50_191.00_,21_4_11_8_19_,188.50_188.00_187.50_187.00_186.50_,15_28_23_19_18_
09:52:58,188.50,1,1556,189.00_189.50_190.00_190.50_191.00_,31_4_11_8_19_,188.50_188.00_187.50_187.00_186.50_,15_28_23_19_18_
09:54:10,189.00,3,1566,189.00_189.50_190.00_190.50_191.00_,21_5_11_8_19_,188.50_188.00_187.50_187.00_186.50_,67_28_23_19_18_
09:56:54,189.50,10,1613,190.00_190.50_191.00_191.50_192.00_,8_9_22_22_10_,189.50_189.00_188.50_188.00_187.50_,8_13_18_19_19_
09:56:59,189.50,2,1615,190.00_190.50_191.00_191.50_192.00_,18_9_22_22_10_,189.50_189.00_188.50_188.00_187.50_,6_13_18_19_19_
09:57:04,189.50,7,1622,189.50_190.00_190.50_191.00_191.50_,9_18_9_22_22_,189.00_188.50_188.00_187.50_187.00_,13_18_19_19_22_
09:57:09,189.50,7,1622,189.50_190.00_190.50_191.00_191.50_,10_18_12_19_22_,189.00_188.50_188.00_187.50_187.00_,13_18_19_19_22_
09:57:35,188.50,27,1650,189.50_190.00_190.50_191.00_191.50_,5_17_12_19_22_,188.50_188.00_187.50_187.00_186.50_,3_19_20_21_19_
09:57:55,189.50,4,1654,189.50_190.00_190.50_191.00_191.50_,55_17_13_19_22_,188.50_188.00_187.50_187.00_186.50_,4_19_20_21_19_
09:58:31,189.00,1,1660,189.00_189.50_190.00_190.50_191.00_,7_57_20_12_20_,188.50_188.00_187.50_187.00_186.50_,7_18_21_24_19_
09:58:47,189.00,1,1660,189.00_189.50_190.00_190.50_191.00_,7_7_20_12_20_,188.50_188.00_187.50_187.00_186.50_,7_18_21_24_19_
09:58:57,189.00,1,1660,189.00_189.50_190.00_190.50_191.00_,7_7_20_12_20_,188.50_188.00_187.50_187.00_186.50_,7_19_21_24_19_
09:59:28,189.00,1,1661,189.00_189.50_190.00_190.50_191.00_,6_8_21_10_20_,188.50_188.00_187.50_187.00_186.50_,10_20_21_24_19_
10:00:34,188.50,1,1663,189.00_189.50_190.00_190.50_191.00_,5_9_41_52_20_,188.50_188.00_187.50_187.00_186.50_,9_19_21_24_20_
10:00:44,188.50,1,1663,189.00_189.50_190.00_190.50_191.00_,5_9_41_52_20_,188.50_188.00_187.50_187.00_186.50_,10_19_21_24_20_
10:02:42,188.50,2,1665,189.00_189.50_190.00_190.50_191.00_,8_10_41_52_20_,188.50_188.00_187.50_187.00_186.50_,11_19_21_25_20_
10:05:21,188.00,1,1704,188.50_189.00_189.50_190.00_190.50_,9_12_33_39_52_,187.50_187.00_186.50_186.00_185.50_,19_24_20_45_26_
10:06:02,188.00,1,1704,188.00_188.50_189.00_189.50_190.00_,6_8_15_30_39_,187.50_187.00_186.50_186.00_185.50_,19_24_20_45_26_
10:07:40,187.50,1,1725,187.50_188.00_188.50_189.00_189.50_,1_5_11_12_30_,187.00_186.50_186.00_185.50_185.00_,23_20_45_26_61_
10:08:16,188.00,3,1728,187.50_188.00_188.50_189.00_189.50_,5_5_13_12_30_,187.00_186.50_186.00_185.50_185.00_,23_20_45_26_60_
10:08:31,188.00,3,1728,187.50_188.00_188.50_189.00_189.50_,5_5_13_12_30_,187.00_186.50_186.00_185.50_185.00_,24_20_45_27_60_
10:12:37,187.00,3,1803,187.00_187.50_188.00_188.50_189.00_,7_73_64_35_71_,186.50_186.00_185.50_185.00_184.50_,16_45_25_58_39_
10:12:42,187.00,3,1803,187.00_187.50_188.00_188.50_189.00_,13_13_14_35_71_,186.50_186.00_185.50_185.00_184.50_,16_45_25_58_39_
10:12:47,187.00,3,1803,187.00_187.50_188.00_188.50_189.00_,13_13_15_5_20_,186.50_186.00_185.50_185.00_184.50_,16_45_25_58_40_
10:12:52,187.00,3,1803,187.00_187.50_188.00_188.50_189.00_,13_13_15_5_13_,186.50_186.00_185.50_185.00_184.50_,16_45_25_58_40_
10:12:57,187.00,3,1803,187.00_187.50_188.00_188.50_189.00_,13_13_15_5_13_,186.50_186.00_185.50_185.00_184.50_,16_45_25_60_40_
10:14:30,187.00,1,1806,187.00_187.50_188.00_188.50_189.00_,18_14_15_4_14_,186.50_186.00_185.50_185.00_184.50_,16_46_25_60_40_
10:15:00,187.00,1,1806,187.00_187.50_188.00_188.50_189.00_,18_15_15_4_14_,186.50_186.00_185.50_185.00_184.50_,16_47_25_60_40_
10:15:06,187.00,1,1806,187.00_187.50_188.00_188.50_189.00_,18_14_15_4_14_,186.50_186.00_185.50_185.00_184.50_,16_47_25_60_40_
10:18:15,187.00,1,1825,187.00_187.50_188.00_188.50_189.00_,1_14_15_6_15_,186.50_186.00_185.50_185.00_184.50_,13_45_27_68_39_
10:18:46,187.00,1,1825,187.00_187.50_188.00_188.50_189.00_,2_14_15_6_15_,186.50_186.00_185.50_185.00_184.50_,13_45_27_68_39_
10:19:07,187.00,1,1825,187.00_187.50_188.00_188.50_189.00_,3_13_15_6_15_,186.50_186.00_185.50_185.00_184.50_,14_45_26_68_39_
10:19:43,187.00,2,1828,187.50_188.00_188.50_189.00_189.50_,13_15_6_15_12_,187.00_186.50_186.00_185.50_185.00_,1_14_50_27_68_
10:19:53,187.00,1,1829,187.00_187.50_188.00_188.50_189.00_,1_13_12_9_15_,186.50_186.00_185.50_185.00_184.50_,14_50_27_67_39_
10:20:39,187.00,1,1829,187.00_187.50_188.00_188.50_189.00_,5_14_15_6_15_,186.50_186.00_185.50_185.00_184.50_,14_50_27_67_39_
10:20:44,187.00,1,1829,187.00_187.50_188.00_188.50_189.00_,5_14_15_6_15_,186.50_186.00_185.50_185.00_184.50_,19_50_27_67_39_
10:20:54,187.00,5,1834,187.50_188.00_188.50_189.00_189.50_,14_12_10_15_12_,186.50_186.00_185.50_185.00_184.50_,19_50_27_69_39_
10:21:20,187.00,5,1834,187.50_188.00_188.50_189.00_189.50_,14_11_10_15_13_,186.50_186.00_185.50_185.00_184.50_,19_50_27_69_39_
10:21:25,187.00,5,1834,187.50_188.00_188.50_189.00_189.50_,14_11_10_15_13_,186.50_186.00_185.50_185.00_184.50_,18_51_27_69_39_
10:21:35,187.00,5,1834,187.00_187.50_188.00_188.50_189.00_,1_14_11_10_15_,186.50_186.00_185.50_185.00_184.50_,18_51_27_69_39_
10:21:40,187.00,5,1834,187.00_187.50_188.00_188.50_189.00_,1_14_14_7_15_,186.50_186.00_185.50_185.00_184.50_,18_51_27_69_39_
10:22:26,187.00,1,1836,187.00_187.50_188.00_188.50_189.00_,1_14_15_7_15_,186.50_186.00_185.50_185.00_184.50_,17_51_27_71_39_
10:23:28,186.50,1,1838,187.00_187.50_188.00_188.50_189.00_,1_14_15_7_15_,186.50_186.00_185.50_185.00_184.50_,18_51_27_71_38_
10:24:45,186.00,5,1868,186.50_187.00_187.50_188.00_188.50_,14_1_17_12_12_,186.00_185.50_185.00_184.50_184.00_,44_26_65_43_56_
10:24:55,186.00,5,1868,186.50_187.00_187.50_188.00_188.50_,14_1_17_12_12_,186.00_185.50_185.00_184.50_184.00_,49_26_65_43_56_
10:25:00,186.00,7,1875,186.50_187.00_187.50_188.00_188.50_,14_1_17_12_12_,186.00_185.50_185.00_184.50_184.00_,42_31_65_43_56_
10:25:10,186.00,7,1875,186.50_187.00_187.50_188.00_188.50_,14_1_17_12_12_,186.00_185.50_185.00_184.50_184.00_,41_31_65_43_56_
10:25:16,186.00,1,1876,186.50_187.00_187.50_188.00_188.50_,14_1_17_12_12_,186.00_185.50_185.00_184.50_184.00_,41_31_65_43_56_
10:25:21,186.00,1,1876,186.50_187.00_187.50_188.00_188.50_,14_1_17_12_12_,186.00_185.50_185.00_184.50_184.00_,41_31_66_43_56_
10:26:02,186.00,4,1913,186.50_187.00_187.50_188.00_188.50_,5_2_16_12_12_,186.00_185.50_185.00_184.50_184.00_,4_30_66_43_57_
10:26:07,186.00,4,1913,186.50_187.00_187.50_188.00_188.50_,5_2_16_12_12_,186.00_185.50_185.00_184.50_184.00_,4_31_66_43_57_
10:26:43,186.00,2,1919,186.00_186.50_187.00_187.50_188.00_,8_1_6_13_11_,185.50_185.00_184.50_184.00_183.50_,32_70_38_63_22_
10:27:39,186.00,6,1934,186.00_187.00_187.50_188.00_188.50_,4_7_13_11_12_,185.50_185.00_184.50_184.00_183.50_,33_72_40_62_22_
10:27:49,186.00,6,1934,186.00_187.00_187.50_188.00_188.50_,4_7_13_12_12_,185.50_185.00_184.50_184.00_183.50_,33_72_40_62_22_
10:29:11,184.00,18,2138,184.00_184.50_185.00_185.50_186.00_,7_24_22_8_17_,183.50_183.00_182.50_182.00_181.50_,23_71_15_24_17_
10:29:27,184.00,5,2152,184.00_184.50_185.00_185.50_186.00_,5_24_23_11_13_,183.50_183.00_182.50_182.00_181.50_,29_73_14_25_17_
10:29:42,184.00,1,2157,184.00_184.50_185.00_185.50_186.00_,2_24_23_11_14_,183.50_183.00_182.50_182.00_181.50_,33_73_14_26_17_
10:29:47,184.00,2,2159,184.50_185.00_185.50_186.00_187.00_,24_23_12_14_6_,184.00_183.50_183.00_182.50_182.00_,2_34_73_14_26_
10:29:53,184.00,2,2161,184.50_185.00_185.50_186.00_187.00_,24_23_9_17_6_,184.00_183.50_183.00_182.50_182.00_,2_34_73_14_26_
10:30:38,183.50,3,2178,184.00_184.50_185.00_185.50_186.00_,31_20_21_12_11_,183.50_183.00_182.50_182.00_181.50_,26_75_16_24_17_
10:30:44,183.50,5,2183,184.00_184.50_185.00_185.50_186.00_,32_20_21_12_11_,183.50_183.00_182.50_182.00_181.50_,24_75_16_24_17_
10:30:49,183.50,16,2199,184.00_184.50_185.00_185.50_186.00_,27_20_21_12_11_,183.50_183.00_182.50_182.00_181.50_,8_75_16_24_17_
10:30:54,183.50,8,2207,184.00_184.50_185.00_185.50_186.00_,27_20_21_12_11_,183.50_183.00_182.50_182.00_181.50_,1_75_15_24_17_
10:30:59,183.50,1,2208,183.50_184.00_184.50_185.00_185.50_,20_27_20_21_12_,183.00_182.50_182.00_181.50_181.00_,74_15_24_17_74_
10:31:04,183.50,1,2208,183.50_184.00_184.50_185.00_185.50_,26_28_20_24_8_,183.00_182.50_182.00_181.50_181.00_,74_15_23_17_75_
10:31:09,183.50,2,2210,183.50_184.00_184.50_185.00_185.50_,24_27_20_24_8_,183.00_182.50_182.00_181.50_181.00_,74_15_23_17_75_
10:31:14,183.00,5,2215,183.50_184.00_184.50_185.00_185.50_,24_27_20_24_8_,183.00_182.50_182.00_181.50_181.00_,73_15_23_17_75_
10:31:19,183.50,4,2219,183.50_184.00_184.50_185.00_185.50_,20_27_20_24_8_,183.00_182.50_182.00_181.50_181.00_,73_15_23_17_75_
10:31:24,183.50,4,2219,183.50_184.00_184.50_185.00_185.50_,20_27_20_24_8_,183.00_182.50_182.00_181.50_181.00_,76_15_23_17_76_
10:31:30,183.50,1,2220,183.50_184.00_184.50_185.00_185.50_,19_27_21_23_8_,183.00_182.50_182.00_181.50_181.00_,76_15_23_17_76_
10:34:24,181.50,10,2420,182.00_182.50_183.00_183.50_184.00_,11_42_16_24_8_,181.50_181.00_180.50_180.00_179.50_,13_84_27_102_126_
10:34:29,181.50,13,2433,181.50_182.00_182.50_183.00_183.50_,28_11_42_16_24_,181.00_180.50_180.00_179.50_,85_27_102_128_
10:34:34,181.50,6,2439,181.50_182.00_182.50_183.00_183.50_,27_11_42_20_21_,181.00_180.50_180.00_179.50_,89_28_102_133_
10:34:39,181.00,31,2470,181.50_182.00_182.50_183.00_183.50_,28_13_42_21_21_,181.00_180.50_180.00_179.50_,61_29_116_136_
10:34:44,181.00,11,2481,181.50_182.00_182.50_183.00_183.50_,28_13_42_6_16_,181.00_180.50_180.00_179.50_,54_29_116_164_
10:34:49,181.00,36,2517,181.50_182.00_182.50_183.00_183.50_,28_14_41_6_16_,181.00_180.50_180.00_179.50_,20_29_116_161_
10:34:55,181.00,21,2538,181.00_181.50_182.00_182.50_183.00_,23_27_14_41_6_,180.50_180.00_179.50_,29_118_164_
10:35:41,180.50,6,2651,181.00_181.50_182.00_182.50_183.00_,4_11_1_3_3_,180.50_180.00_179.50_,9_87_187_
10:36:22,180.50,10,2705,181.50_182.00_182.50_183.00_183.50_,15_18_9_5_12_,180.50_180.00_179.50_,16_100_200_
10:36:42,180.50,2,2707,181.50_182.00_182.50_183.00_183.50_,15_19_9_7_12_,180.50_180.00_179.50_,13_101_209_
10:36:48,180.50,2,2707,181.50_182.00_182.50_183.00_183.50_,15_19_9_7_12_,180.50_180.00_179.50_,12_102_210_
10:36:53,181.00,1,2708,181.50_182.00_182.50_183.00_183.50_,15_19_9_7_12_,181.00_180.50_180.00_179.50_,4_14_103_213_
10:37:03,181.00,1,2709,181.50_182.00_182.50_183.00_183.50_,16_20_6_11_12_,181.00_180.50_180.00_179.50_,8_15_104_212_
10:37:08,181.00,1,2710,181.50_182.00_182.50_183.00_183.50_,16_20_6_11_12_,181.00_180.50_180.00_179.50_,7_15_105_212_
10:37:18,181.50,1,2711,181.50_182.00_182.50_183.00_183.50_,15_20_6_11_12_,181.00_180.50_180.00_179.50_,8_35_105_214_
10:37:59,182.00,1,2727,182.00_182.50_183.00_183.50_184.00_,8_11_8_15_8_,181.50_181.00_180.50_180.00_179.50_,13_15_32_107_213_
10:40:08,182.00,1,2773,182.50_183.00_183.50_184.00_184.50_,3_9_13_12_6_,182.00_181.50_181.00_180.50_180.00_,9_15_31_36_123_
10:40:18,182.50,2,2775,182.50_183.00_183.50_184.00_184.50_,1_9_13_12_8_,182.00_181.50_181.00_180.50_180.00_,10_15_31_37_122_
10:40:33,182.50,1,2777,183.00_183.50_184.00_184.50_185.00_,9_13_9_12_2_,182.50_182.00_181.50_181.00_180.50_,2_10_15_26_37_
10:40:38,182.50,1,2778,183.00_183.50_184.00_184.50_185.00_,9_13_9_12_2_,182.50_182.00_181.50_181.00_180.50_,5_10_15_26_38_
10:41:04,183.00,6,2784,183.00_183.50_184.00_184.50_185.00_,7_13_12_10_8_,182.50_182.00_181.50_181.00_180.50_,8_12_10_26_37_
10:42:16,182.50,3,2798,183.00_183.50_184.00_184.50_185.00_,10_12_10_15_10_,182.50_182.00_181.50_181.00_180.50_,5_11_9_31_38_
10:44:24,181.50,1,2823,182.00_182.50_183.00_183.50_184.00_,5_7_25_15_10_,181.50_181.00_180.50_180.00_179.50_,6_39_43_131_221_
10:44:54,181.50,1,2830,181.50_182.00_182.50_183.00_183.50_,3_4_8_30_11_,181.00_180.50_180.00_179.50_,39_44_132_221_
10:45:00,181.50,1,2831,181.50_182.00_182.50_183.00_183.50_,2_4_8_31_11_,181.00_180.50_180.00_179.50_,39_44_132_222_
10:45:10,181.50,2,2833,182.00_182.50_183.00_183.50_184.00_,4_8_31_11_12_,181.50_181.00_180.50_180.00_179.50_,2_39_44_132_225_
10:47:03,182.00,2,2839,182.50_183.00_183.50_184.00_184.50_,8_33_11_16_10_,182.00_181.50_181.00_180.50_180.00_,2_21_39_45_175_
10:47:08,182.00,1,2840,182.50_183.00_183.50_184.00_184.50_,8_33_11_16_10_,182.00_181.50_181.00_180.50_180.00_,3_22_39_46_175_
10:47:59,182.50,8,2854,183.00_183.50_184.00_184.50_185.00_,33_11_16_9_11_,182.50_182.00_181.50_181.00_180.50_,2_4_22_39_45_
10:48:25,182.50,2,2871,182.50_183.00_183.50_184.00_184.50_,4_33_11_13_12_,182.00_181.50_181.00_180.50_180.00_,5_22_39_46_175_
10:48:40,182.50,1,2872,182.50_183.00_183.50_184.00_184.50_,3_33_11_16_9_,182.00_181.50_181.00_180.50_180.00_,6_22_37_46_175_
10:48:56,182.50,1,2872,182.50_183.00_183.50_184.00_184.50_,3_33_11_16_9_,182.00_181.50_181.00_180.50_180.00_,7_22_37_46_175_
10:50:13,183.00,2,2878,183.00_183.50_184.00_184.50_185.00_,33_12_17_10_12_,182.50_182.00_181.50_181.00_180.50_,4_11_22_37_46_
10:50:23,183.00,2,2878,183.00_183.50_184.00_184.50_185.00_,33_12_17_50_12_,182.50_182.00_181.50_181.00_180.50_,4_11_22_38_46_
10:50:38,183.00,1,2879,183.00_183.50_184.00_184.50_185.00_,32_12_17_50_12_,182.50_182.00_181.50_181.00_180.50_,4_11_22_38_46_
10:51:14,183.00,5,2886,183.00_183.50_184.00_184.50_185.00_,26_12_17_10_12_,182.50_182.00_181.50_181.00_180.50_,4_12_22_38_46_
10:51:24,183.00,5,2886,183.00_183.50_184.00_184.50_185.00_,25_12_18_10_12_,182.50_182.00_181.50_181.00_180.50_,4_13_22_38_47_
10:52:15,183.00,5,2886,183.00_183.50_184.00_184.50_185.00_,25_12_19_10_11_,182.50_182.00_181.50_181.00_180.50_,5_14_22_33_51_
10:52:26,183.00,1,2887,183.00_183.50_184.00_184.50_185.00_,24_12_19_10_11_,182.50_182.00_181.50_181.00_180.50_,10_14_22_34_51_
10:53:22,183.00,1,2889,183.00_183.50_184.00_184.50_185.00_,22_13_19_10_16_,182.50_182.00_181.50_181.00_180.50_,10_18_22_34_51_
10:53:32,183.00,2,2891,183.00_183.50_184.00_184.50_185.00_,20_13_19_10_16_,182.50_182.00_181.50_181.00_180.50_,10_18_22_34_51_
10:53:53,183.00,8,2905,183.00_183.50_184.00_184.50_185.00_,6_13_19_10_16_,182.50_182.00_181.50_181.00_180.50_,10_18_22_34_52_
10:53:58,183.00,2,2907,183.00_183.50_184.00_184.50_185.00_,4_13_19_10_16_,182.50_182.00_181.50_181.00_180.50_,9_18_22_34_52_
10:55:15,183.50,2,2914,183.50_184.00_184.50_185.00_185.50_,13_15_14_16_3_,183.00_182.50_182.00_181.50_181.00_,9_9_20_22_34_
10:56:01,183.50,5,2920,183.50_184.00_184.50_185.00_185.50_,6_15_14_16_3_,183.00_182.50_182.00_181.50_181.00_,9_9_21_22_34_
10:56:06,183.50,5,2920,183.50_184.00_184.50_185.00_185.50_,9_15_14_16_3_,183.00_182.50_182.00_181.50_181.00_,10_9_26_22_34_
10:56:11,183.50,5,2920,183.50_184.00_184.50_185.00_185.50_,11_15_14_16_3_,183.00_182.50_182.00_181.50_181.00_,10_9_25_22_34_
10:56:21,183.50,5,2920,183.50_184.00_184.50_185.00_185.50_,12_15_14_16_3_,183.00_182.50_182.00_181.50_181.00_,11_9_25_22_34_
10:59:00,183.50,2,2932,183.50_184.00_184.50_185.00_185.50_,8_16_14_17_3_,183.00_182.50_182.00_181.50_181.00_,9_9_29_23_40_
11:01:03,183.00,8,2942,183.50_184.00_184.50_185.00_185.50_,12_17_12_17_14_,182.50_182.00_181.50_181.00_180.50_,9_27_23_45_54_
11:01:08,183.00,8,2942,183.00_183.50_184.00_184.50_185.00_,3_12_17_12_18_,182.50_182.00_181.50_181.00_180.50_,9_27_23_45_54_
11:01:39,182.50,1,2945,183.00_183.50_184.00_184.50_185.00_,4_10_19_9_18_,182.50_182.00_181.50_181.00_180.50_,6_26_23_45_55_
11:02:10,182.50,1,2945,183.00_183.50_184.00_184.50_185.00_,6_10_19_9_18_,182.50_182.00_181.50_181.00_180.50_,9_24_23_46_54_
11:03:06,183.00,1,2948,183.00_183.50_184.00_184.50_185.00_,5_10_19_9_18_,182.50_182.00_181.50_181.00_180.50_,8_25_23_46_56_
11:04:08,183.00,1,2949,183.00_183.50_184.00_184.50_185.00_,4_10_19_9_18_,182.50_182.00_181.50_181.00_180.50_,8_26_23_46_55_
11:04:13,183.00,1,2949,183.00_183.50_184.00_184.50_185.00_,4_10_19_9_18_,182.50_182.00_181.50_181.00_180.50_,8_26_24_46_55_
11:04:23,183.00,2,2951,183.00_183.50_184.00_184.50_185.00_,2_10_19_9_18_,182.50_182.00_181.50_181.00_180.50_,9_26_24_46_55_
11:04:49,183.00,2,2954,183.50_184.00_184.50_185.00_185.50_,10_16_12_18_13_,183.00_182.50_182.00_181.50_181.00_,1_9_26_24_46_
11:05:09,183.00,1,2956,183.00_183.50_184.00_184.50_185.00_,2_10_18_9_18_,182.50_182.00_181.50_181.00_180.50_,9_26_24_46_55_
11:05:30,183.00,2,2958,183.50_184.00_184.50_185.00_185.50_,11_15_12_18_13_,183.00_182.50_182.00_181.50_181.00_,1_9_26_24_46_
11:05:56,183.50,1,2960,183.50_184.00_184.50_185.00_185.50_,10_15_12_18_13_,182.50_182.00_181.50_181.00_180.50_,9_25_24_45_55_
11:06:01,183.50,1,2960,183.50_184.00_184.50_185.00_185.50_,10_15_12_18_13_,182.50_182.00_181.50_181.00_180.50_,9_25_25_45_55_
11:06:42,183.50,1,2960,183.00_183.50_184.00_184.50_185.00_,2_11_18_9_18_,182.50_182.00_181.50_181.00_180.50_,9_27_24_45_55_
11:07:28,183.00,1,2963,183.50_184.00_184.50_185.00_185.50_,11_15_12_18_13_,183.00_182.50_182.00_181.50_181.00_,4_9_25_24_45_
11:08:29,183.00,2,2972,183.50_184.00_184.50_185.00_185.50_,13_15_12_18_12_,183.00_182.50_182.00_181.50_181.00_,6_9_26_24_45_
11:08:35,183.00,7,2979,183.00_183.50_184.00_184.50_185.00_,4_13_15_12_18_,182.50_182.00_181.50_181.00_180.50_,9_25_24_45_55_
11:08:40,183.00,7,2979,183.00_183.50_184.00_184.50_185.00_,4_13_18_9_18_,182.50_182.00_181.50_181.00_180.50_,9_25_24_45_55_
11:09:00,183.00,7,2979,183.00_183.50_184.00_184.50_185.00_,5_13_18_9_18_,182.50_182.00_181.50_181.00_180.50_,9_23_24_46_55_
11:09:05,183.00,7,2979,183.00_183.50_184.00_184.50_185.00_,6_13_18_9_18_,182.50_182.00_181.50_181.00_180.50_,9_22_24_46_55_
11:09:16,183.00,1,2980,183.00_183.50_184.00_184.50_185.00_,7_13_18_9_18_,182.50_182.00_181.50_181.00_180.50_,9_22_24_46_55_
11:10:38,182.50,10,2992,183.00_183.50_184.00_184.50_185.00_,7_16_18_9_20_,182.50_182.00_181.50_181.00_180.50_,2_21_24_46_55_
11:12:56,183.00,1,2994,183.00_183.50_184.00_184.50_185.00_,8_16_17_9_22_,182.50_182.00_181.50_181.00_180.50_,3_22_24_46_55_
11:13:16,183.00,1,2995,183.00_183.50_184.00_184.50_185.00_,7_16_17_9_22_,182.50_182.00_181.50_181.00_180.50_,3_22_24_46_55_
11:13:21,183.00,1,2995,183.00_183.50_184.00_184.50_185.00_,8_16_17_9_22_,182.50_182.00_181.50_181.00_180.50_,3_22_24_46_55_
11:13:26,183.00,1,2995,183.00_183.50_184.00_184.50_185.00_,8_16_17_9_21_,182.50_182.00_181.50_181.00_180.50_,3_22_24_46_55_
11:14:38,183.00,1,2998,183.00_183.50_184.00_184.50_185.00_,6_9_17_9_21_,182.50_182.00_181.50_181.00_180.50_,7_22_24_46_55_
11:16:41,183.00,1,3004,183.50_184.00_184.50_185.00_185.50_,9_14_12_21_12_,182.50_182.00_181.50_181.00_180.50_,10_22_24_46_55_
11:17:02,182.50,1,3005,183.50_184.00_184.50_185.00_185.50_,10_14_12_21_12_,182.50_182.00_181.50_181.00_180.50_,9_20_24_46_55_
11:19:20,182.50,1,3005,183.00_183.50_184.00_184.50_185.00_,1_10_18_8_22_,182.50_182.00_181.50_181.00_180.50_,12_20_26_47_55_
11:20:01,182.50,1,3005,183.00_183.50_184.00_184.50_185.00_,3_10_18_9_22_,182.50_182.00_181.50_181.00_180.50_,12_20_26_48_55_
11:20:17,182.50,1,3005,183.00_183.50_184.00_184.50_185.00_,3_11_18_9_22_,182.50_182.00_181.50_181.00_180.50_,12_20_26_48_55_
11:20:57,182.50,1,3005,183.00_183.50_184.00_184.50_185.00_,3_11_18_9_22_,182.50_182.00_181.50_181.00_180.50_,12_20_26_48_61_
11:22:35,182.50,1,3016,183.50_184.00_184.50_185.00_185.50_,12_14_12_23_13_,182.50_182.00_181.50_181.00_180.50_,2_20_28_48_61_
11:22:50,182.50,1,3016,183.50_184.00_184.50_185.00_185.50_,12_14_12_23_13_,182.50_182.00_181.50_181.00_180.50_,3_20_28_48_61_
11:23:31,182.50,1,3016,183.00_183.50_184.00_184.50_185.00_,7_13_18_9_22_,182.50_182.00_181.50_181.00_180.50_,4_20_26_53_61_
11:23:46,182.50,1,3016,183.00_183.50_184.00_184.50_185.00_,7_13_18_9_22_,182.50_182.00_181.50_181.00_180.50_,4_22_26_53_61_
11:24:12,182.50,1,3016,183.00_183.50_184.00_184.50_185.00_,7_13_18_9_22_,182.50_182.00_181.50_181.00_180.50_,6_22_26_53_61_
11:24:38,182.50,4,3020,183.00_183.50_184.00_184.50_185.00_,7_13_18_9_22_,182.50_182.00_181.50_181.00_180.50_,2_22_26_53_61_
11:26:51,183.00,3,3034,183.00_183.50_184.00_184.50_185.00_,8_11_15_12_22_,182.50_182.00_181.50_181.00_180.50_,11_22_26_51_61_
11:28:08,183.00,1,3045,183.00_183.50_184.00_184.50_185.00_,3_12_18_9_22_,182.50_182.00_181.50_181.00_180.50_,7_22_26_53_61_
11:28:49,182.50,4,3056,183.00_183.50_184.00_184.50_185.00_,4_11_18_9_22_,182.50_182.00_181.50_181.00_180.50_,17_22_26_48_61_
11:29:56,183.00,2,3059,183.00_183.50_184.00_184.50_185.00_,2_11_17_9_22_,182.50_182.00_181.50_181.00_180.50_,22_23_25_48_61_
11:30:16,183.00,2,3061,183.50_184.00_184.50_185.00_185.50_,11_14_13_22_13_,183.00_182.50_182.00_181.50_181.00_,1_20_23_25_53_
11:30:21,183.00,2,3061,183.50_184.00_184.50_185.00_185.50_,11_14_13_22_13_,183.00_182.50_182.00_181.50_181.00_,2_20_23_25_53_
11:30:47,183.00,2,3063,183.00_183.50_184.00_184.50_185.00_,3_11_17_10_22_,182.50_182.00_181.50_181.00_180.50_,19_24_25_53_61_
11:33:31,183.00,1,3071,183.50_184.00_184.50_185.00_185.50_,6_18_13_22_18_,183.00_182.50_182.00_181.50_181.00_,13_20_24_20_49_
11:33:46,183.00,1,3071,183.50_184.00_184.50_185.00_185.50_,6_18_13_22_18_,183.00_182.50_182.00_181.50_181.00_,13_20_24_20_48_
11:35:29,183.00,4,3089,183.00_183.50_184.00_184.50_185.00_,6_4_21_10_22_,182.50_182.00_181.50_181.00_180.50_,20_24_15_48_61_
11:35:34,183.00,2,3091,183.00_183.50_184.00_184.50_185.00_,4_4_21_10_22_,182.50_182.00_181.50_181.00_180.50_,19_25_15_48_61_
11:35:39,183.00,1,3092,183.00_183.50_184.00_184.50_185.00_,3_4_21_10_22_,182.50_182.00_181.50_181.00_180.50_,19_25_15_48_61_
11:35:49,183.00,1,3093,183.00_183.50_184.00_184.50_185.00_,2_4_21_10_22_,182.50_182.00_181.50_181.00_180.50_,19_25_15_48_61_
11:35:54,183.00,2,3095,183.50_184.00_184.50_185.00_185.50_,4_21_10_22_18_,183.00_182.50_182.00_181.50_181.00_,1_19_25_15_48_
11:36:35,183.50,1,3100,184.00_184.50_185.00_185.50_186.00_,18_13_22_18_25_,183.00_182.50_182.00_181.50_181.00_,3_20_24_20_48_
11:36:41,183.50,1,3100,184.00_184.50_185.00_185.50_186.00_,18_10_25_18_25_,183.00_182.50_182.00_181.50_181.00_,3_20_24_20_48_
11:36:46,183.50,1,3100,184.00_184.50_185.00_185.50_186.00_,18_9_25_18_26_,183.00_182.50_182.00_181.50_181.00_,4_20_24_20_48_
11:37:01,183.50,2,3102,183.50_184.00_184.50_185.00_185.50_,8_18_12_22_18_,183.00_182.50_182.00_181.50_181.00_,4_20_24_20_49_
11:38:13,183.50,3,3105,183.50_184.00_184.50_185.00_185.50_,6_17_13_23_18_,183.00_182.50_182.00_181.50_181.00_,4_20_24_20_49_
11:40:11,183.50,2,3113,183.50_184.00_184.50_185.00_185.50_,1_18_10_26_18_,183.00_182.50_182.00_181.50_181.00_,9_19_22_19_50_
11:40:16,183.50,2,3113,183.50_184.00_184.50_185.00_185.50_,1_18_13_23_18_,183.00_182.50_182.00_181.50_181.00_,8_20_22_19_50_
11:40:21,183.50,1,3114,184.00_184.50_185.00_185.50_186.00_,18_14_23_18_31_,183.00_182.50_182.00_181.50_181.00_,8_20_22_19_50_
11:40:26,183.50,1,3114,184.00_184.50_185.00_185.50_186.00_,18_11_26_18_31_,183.00_182.50_182.00_181.50_181.00_,8_20_22_19_50_
11:41:22,183.50,1,3115,183.50_184.00_184.50_185.00_185.50_,4_18_14_24_18_,183.00_182.50_182.00_181.50_181.00_,8_20_22_19_50_
11:41:33,183.50,1,3115,183.50_184.00_184.50_185.00_185.50_,10_18_14_24_18_,183.00_182.50_182.00_181.50_181.00_,9_20_22_19_50_
11:41:48,183.50,1,3115,183.50_184.00_184.50_185.00_185.50_,14_18_14_24_18_,183.00_182.50_182.00_181.50_181.00_,9_20_22_19_50_
11:42:03,183.00,9,3125,183.00_183.50_184.00_184.50_185.00_,1_12_21_10_24_,182.50_182.00_181.50_181.00_180.50_,19_23_14_50_60_
11:42:44,183.00,1,3126,183.50_184.00_184.50_185.00_185.50_,12_21_10_24_18_,182.50_182.00_181.50_181.00_180.50_,19_23_14_50_60_
11:42:49,183.00,1,3126,183.50_184.00_184.50_185.00_185.50_,12_18_13_24_18_,182.50_182.00_181.50_181.00_180.50_,19_23_14_50_60_
11:45:13,183.00,1,3129,183.50_184.00_184.50_185.00_185.50_,16_24_13_25_20_,183.00_182.50_182.00_181.50_181.00_,1_20_22_24_55_
11:45:49,183.00,1,3129,183.50_184.00_184.50_185.00_185.50_,16_24_13_25_19_,183.00_182.50_182.00_181.50_181.00_,3_20_21_24_55_
11:46:04,183.00,1,3129,183.50_184.00_184.50_185.00_185.50_,16_24_13_25_19_,183.00_182.50_182.00_181.50_181.00_,3_21_21_24_55_
11:46:10,183.00,1,3129,183.50_184.00_184.50_185.00_185.50_,20_24_13_25_19_,183.00_182.50_182.00_181.50_181.00_,3_21_21_24_55_
11:46:15,183.50,1,3130,183.50_184.00_184.50_185.00_185.50_,19_24_13_25_19_,183.00_182.50_182.00_181.50_181.00_,2_21_21_24_55_
11:46:20,183.50,1,3130,183.50_184.00_184.50_185.00_185.50_,19_24_13_25_19_,183.00_182.50_182.00_181.50_181.00_,2_21_22_24_55_
11:46:25,183.50,1,3130,183.50_184.00_184.50_185.00_185.50_,19_25_13_25_19_,183.00_182.50_182.00_181.50_181.00_,2_21_22_24_55_
11:47:11,183.50,1,3130,183.50_184.00_184.50_185.00_185.50_,19_25_13_25_17_,183.00_182.50_182.00_181.50_181.00_,4_21_23_24_55_
11:49:19,183.00,7,3137,183.00_183.50_184.00_184.50_185.00_,3_19_27_10_26_,182.50_182.00_181.50_181.00_180.50_,20_26_25_55_60_
11:50:11,182.50,1,3139,183.00_183.50_184.00_184.50_185.00_,8_19_27_10_26_,182.50_182.00_181.50_181.00_180.50_,19_26_25_55_60_
11:51:02,182.50,1,3139,183.00_183.50_184.00_184.50_185.00_,9_18_27_10_26_,182.50_182.00_181.50_181.00_180.50_,19_26_30_58_60_
11:55:08,182.50,1,3163,182.50_183.00_183.50_184.00_184.50_,1_8_23_24_9_,182.00_181.50_181.00_180.50_180.00_,26_32_51_58_193_
11:56:04,182.50,1,3164,183.00_183.50_184.00_184.50_185.00_,7_21_27_9_25_,182.50_182.00_181.50_181.00_180.50_,1_27_31_51_59_
11:56:15,182.50,1,3165,182.50_183.00_183.50_184.00_184.50_,1_7_24_24_9_,182.00_181.50_181.00_180.50_180.00_,26_32_51_59_193_
11:58:08,183.00,1,3173,183.00_183.50_184.00_184.50_185.00_,5_20_27_9_25_,182.50_182.00_181.50_181.00_180.50_,2_25_30_47_60_
11:58:13,183.00,1,3173,183.00_183.50_184.00_184.50_185.00_,5_20_27_9_25_,182.50_182.00_181.50_181.00_180.50_,2_25_31_47_60_
11:58:18,183.00,1,3174,183.00_183.50_184.00_184.50_185.00_,4_20_27_9_25_,182.50_182.00_181.50_181.00_180.50_,2_25_31_47_60_
11:58:28,183.00,1,3175,183.00_183.50_184.00_184.50_185.00_,3_20_27_9_25_,182.50_182.00_181.50_181.00_180.50_,2_25_31_47_60_
12:00:31,183.00,1,3177,183.00_183.50_184.00_184.50_185.00_,1_21_27_9_25_,182.50_182.00_181.50_181.00_180.50_,5_23_31_47_59_
12:00:47,183.00,1,3177,183.00_183.50_184.00_184.50_185.00_,1_21_27_9_26_,182.50_182.00_181.50_181.00_180.50_,5_23_31_47_59_
12:01:17,183.00,1,3177,183.00_183.50_184.00_184.50_185.00_,2_21_27_9_26_,182.50_182.00_181.50_181.00_180.50_,5_23_31_47_59_
12:02:09,183.00,1,3177,183.00_183.50_184.00_184.50_185.00_,1_21_27_9_26_,182.50_182.00_181.50_181.00_180.50_,5_23_31_47_59_
12:04:12,183.00,1,3179,183.50_184.00_184.50_185.00_185.50_,21_24_12_22_19_,183.00_182.50_182.00_181.50_181.00_,1_5_22_31_56_
12:04:17,183.00,1,3179,183.50_184.00_184.50_185.00_185.50_,21_24_13_22_18_,183.00_182.50_182.00_181.50_181.00_,1_5_22_31_56_
12:04:22,183.00,1,3180,183.00_183.50_184.00_184.50_185.00_,1_21_24_13_22_,182.50_182.00_181.50_181.00_180.50_,5_22_31_57_59_
12:04:37,183.00,1,3181,183.50_184.00_184.50_185.00_185.50_,21_24_13_22_18_,182.50_182.00_181.50_181.00_180.50_,4_23_31_57_59_
12:06:56,183.00,1,3181,183.50_184.00_184.50_185.00_185.50_,26_20_13_22_18_,182.50_182.00_181.50_181.00_180.50_,6_23_31_57_59_
12:08:08,182.50,1,3183,183.00_183.50_184.00_184.50_185.00_,1_26_22_10_22_,182.50_182.00_181.50_181.00_180.50_,5_23_31_57_59_
12:09:14,182.50,1,3183,183.00_183.50_184.00_184.50_185.00_,3_26_22_10_22_,182.50_182.00_181.50_181.00_180.50_,5_23_32_57_59_
12:09:45,182.50,1,3183,183.00_183.50_184.00_184.50_185.00_,1_26_22_10_22_,182.50_182.00_181.50_181.00_180.50_,6_23_32_57_59_
12:10:01,182.50,1,3184,183.00_183.50_184.00_184.50_185.00_,1_25_22_10_22_,182.50_182.00_181.50_181.00_180.50_,5_23_32_57_59_
12:10:16,182.50,1,3184,183.00_183.50_184.00_184.50_185.00_,2_25_22_10_22_,182.50_182.00_181.50_181.00_180.50_,5_23_32_57_59_
12:10:57,182.50,1,3184,183.00_183.50_184.00_184.50_185.00_,2_25_22_10_22_,182.50_182.00_181.50_181.00_180.50_,9_21_32_57_59_
12:11:33,182.50,1,3184,183.00_183.50_184.00_184.50_185.00_,2_25_22_10_23_,182.50_182.00_181.50_181.00_180.50_,9_21_32_57_59_
12:11:53,182.50,1,3184,183.00_183.50_184.00_184.50_185.00_,2_25_24_10_23_,182.50_182.00_181.50_181.00_180.50_,9_21_32_57_59_
12:12:50,183.00,1,3187,183.50_184.00_184.50_185.00_185.50_,24_22_12_24_19_,182.50_182.00_181.50_181.00_180.50_,9_21_32_58_59_
12:14:27,183.00,1,3187,183.50_184.00_184.50_185.00_185.50_,26_22_12_24_19_,182.50_182.00_181.50_181.00_180.50_,9_21_32_58_59_
12:16:25,182.50,1,3190,183.50_184.00_184.50_185.00_185.50_,26_22_12_24_19_,182.50_182.00_181.50_181.00_180.50_,27_41_32_59_59_
12:17:47,182.50,1,3190,183.50_184.00_184.50_185.00_185.50_,27_23_12_23_18_,183.00_182.50_182.00_181.50_181.00_,3_28_41_32_59_
12:18:44,183.00,2,3192,183.50_184.00_184.50_185.00_185.50_,27_23_12_23_18_,183.00_182.50_182.00_181.50_181.00_,1_28_41_32_59_
12:20:01,183.00,2,3192,183.50_184.00_184.50_185.00_185.50_,27_23_12_23_18_,183.00_182.50_182.00_181.50_181.00_,1_28_41_32_58_
12:20:21,183.00,1,3193,183.50_184.00_184.50_185.00_185.50_,27_23_9_24_18_,182.50_182.00_181.50_181.00_180.50_,27_43_32_58_59_
12:21:23,183.00,1,3194,183.50_184.00_184.50_185.00_185.50_,28_22_9_23_18_,182.50_182.00_181.50_181.00_180.50_,27_43_32_58_59_
12:22:04,183.00,1,3194,183.00_183.50_184.00_184.50_185.00_,3_28_25_5_23_,182.50_182.00_181.50_181.00_180.50_,27_44_32_58_58_
12:23:00,183.00,2,3196,183.00_183.50_184.00_184.50_185.00_,2_28_24_5_23_,182.50_182.00_181.50_181.00_180.50_,27_44_32_58_58_
12:23:31,182.50,1,3197,183.00_183.50_184.00_184.50_185.00_,2_28_24_6_23_,182.50_182.00_181.50_181.00_180.50_,26_44_32_58_58_
12:25:03,183.00,1,3199,183.00_183.50_184.00_184.50_185.00_,6_28_24_6_23_,182.50_182.00_181.50_181.00_180.50_,25_44_32_63_58_
12:25:13,183.00,1,3200,183.00_183.50_184.00_184.50_185.00_,5_28_24_6_23_,182.50_182.00_181.50_181.00_180.50_,25_44_32_63_58_
12:26:25,183.00,1,3201,183.00_183.50_184.00_184.50_185.00_,4_29_24_6_23_,182.50_182.00_181.50_181.00_180.50_,25_46_32_63_58_
12:27:17,183.00,1,3201,183.00_183.50_184.00_184.50_185.00_,4_29_24_6_23_,182.50_182.00_181.50_181.00_180.50_,25_47_32_63_58_
12:29:15,183.00,1,3202,183.00_183.50_184.00_184.50_185.00_,3_29_24_6_23_,182.50_182.00_181.50_181.00_180.50_,25_47_31_64_58_
12:30:01,183.00,1,3203,183.00_183.50_184.00_184.50_185.00_,3_28_24_6_23_,182.50_182.00_181.50_181.00_180.50_,25_47_28_64_58_
12:30:21,183.00,1,3203,183.00_183.50_184.00_184.50_185.00_,3_28_24_6_23_,182.50_182.00_181.50_181.00_180.50_,28_47_28_64_58_
12:33:46,182.50,6,3214,183.00_183.50_184.00_184.50_185.00_,6_26_24_6_23_,182.50_182.00_181.50_181.00_180.50_,24_48_28_59_58_
12:33:52,182.50,6,3214,183.00_183.50_184.00_184.50_185.00_,6_26_24_6_23_,182.50_182.00_181.50_181.00_180.50_,25_48_30_59_58_
12:34:07,182.50,6,3214,183.00_183.50_184.00_184.50_185.00_,6_26_24_6_23_,182.50_182.00_181.50_181.00_180.50_,28_48_30_59_58_
12:34:22,182.50,6,3214,183.00_183.50_184.00_184.50_185.00_,6_26_24_6_23_,182.50_182.00_181.50_181.00_180.50_,29_48_30_59_58_
12:35:14,183.00,1,3215,183.00_183.50_184.00_184.50_185.00_,5_26_24_6_23_,182.50_182.00_181.50_181.00_180.50_,29_48_30_60_57_
12:35:34,183.00,1,3216,183.00_183.50_184.00_184.50_185.00_,4_26_24_6_23_,182.50_182.00_181.50_181.00_180.50_,29_48_30_60_57_
12:37:22,183.00,1,3216,183.00_183.50_184.00_184.50_185.00_,8_25_24_6_29_,182.50_182.00_181.50_181.00_180.50_,30_48_30_60_57_
12:37:42,183.00,1,3216,183.00_183.50_184.00_184.50_185.00_,8_25_24_6_29_,182.50_182.00_181.50_181.00_180.50_,31_48_30_60_57_
12:38:29,183.00,1,3220,183.00_183.50_184.00_184.50_185.00_,4_26_24_6_29_,182.50_182.00_181.50_181.00_180.50_,31_49_30_61_57_
12:38:34,182.50,31,3251,183.00_183.50_184.00_184.50_185.00_,4_26_24_6_29_,182.00_181.50_181.00_180.50_180.00_,49_30_61_57_158_
12:39:05,183.00,1,3256,183.50_184.00_184.50_185.00_185.50_,26_24_6_29_17_,182.50_182.00_181.50_181.00_180.50_,1_48_30_61_57_
12:39:10,183.00,1,3256,183.50_184.00_184.50_185.00_185.50_,26_21_9_29_17_,182.50_182.00_181.50_181.00_180.50_,1_48_30_61_57_
12:39:15,183.00,1,3256,183.50_184.00_184.50_185.00_185.50_,26_21_9_29_17_,182.50_182.00_181.50_181.00_180.50_,2_48_30_61_57_
12:39:20,183.00,1,3256,183.50_184.00_184.50_185.00_185.50_,26_22_9_29_17_,182.50_182.00_181.50_181.00_180.50_,2_48_30_61_57_
12:39:51,183.00,1,3257,183.50_184.00_184.50_185.00_185.50_,26_21_8_28_16_,182.50_182.00_181.50_181.00_180.50_,3_47_30_61_57_
12:40:01,183.00,1,3257,183.50_184.00_184.50_185.00_185.50_,26_21_8_28_16_,182.50_182.00_181.50_181.00_180.50_,3_47_30_60_57_
12:40:06,183.00,1,3257,183.00_183.50_184.00_184.50_185.00_,4_22_21_8_28_,182.50_182.00_181.50_181.00_180.50_,3_47_30_60_57_
12:40:11,183.00,1,3257,183.00_183.50_184.00_184.50_185.00_,4_22_24_5_28_,182.50_182.00_181.50_181.00_180.50_,2_48_30_60_57_
12:40:27,183.00,1,3258,183.00_183.50_184.00_184.50_185.00_,3_22_24_5_28_,182.50_182.00_181.50_181.00_180.50_,2_48_30_60_57_
12:40:52,183.00,1,3258,183.00_183.50_184.00_184.50_185.00_,3_22_24_5_28_,182.50_182.00_181.50_181.00_180.50_,3_48_30_60_57_
12:41:08,183.00,1,3258,183.00_183.50_184.00_184.50_185.00_,3_22_24_5_28_,182.50_182.00_181.50_181.00_180.50_,13_48_30_60_57_
12:44:48,182.00,5,3288,182.50_183.00_183.50_184.00_184.50_,2_15_16_20_7_,182.00_181.50_181.00_180.50_180.00_,40_31_54_57_157_
12:45:03,182.00,5,3288,182.50_183.00_183.50_184.00_184.50_,3_14_16_20_7_,182.00_181.50_181.00_180.50_180.00_,40_31_54_57_157_
12:45:50,182.00,2,3290,182.50_183.00_183.50_184.00_184.50_,8_14_16_20_7_,182.00_181.50_181.00_180.50_180.00_,38_30_54_57_157_
12:46:31,182.00,1,3293,182.50_183.00_183.50_184.00_184.50_,8_14_16_20_7_,182.00_181.50_181.00_180.50_180.00_,35_29_54_64_157_
12:46:46,182.00,1,3294,182.50_183.00_183.50_184.00_184.50_,8_14_16_20_7_,182.00_181.50_181.00_180.50_180.00_,34_29_54_64_157_
12:46:51,182.00,1,3294,182.50_183.00_183.50_184.00_184.50_,8_15_16_20_7_,182.00_181.50_181.00_180.50_180.00_,34_29_54_64_157_
12:47:37,182.00,1,3296,182.50_183.00_183.50_184.00_184.50_,6_15_16_20_7_,182.00_181.50_181.00_180.50_180.00_,33_29_55_66_157_
12:47:48,182.00,1,3297,182.50_183.00_183.50_184.00_184.50_,6_15_16_20_7_,182.00_181.50_181.00_180.50_180.00_,35_29_55_66_158_
12:49:05,183.00,1,3305,183.00_183.50_184.00_184.50_185.00_,14_13_23_7_28_,182.50_182.00_181.50_181.00_180.50_,4_37_29_55_66_
12:52:35,182.50,1,3330,182.50_183.00_183.50_184.00_184.50_,2_15_16_20_7_,182.00_181.50_181.00_180.50_180.00_,40_29_56_66_158_
12:52:45,182.50,1,3331,182.50_183.00_183.50_184.00_184.50_,1_15_16_20_7_,182.00_181.50_181.00_180.50_180.00_,40_29_56_66_158_
12:54:12,182.50,1,3334,183.00_183.50_184.00_184.50_185.00_,14_13_23_7_28_,182.00_181.50_181.00_180.50_180.00_,41_29_56_66_157_
12:54:38,182.50,1,3334,183.00_183.50_184.00_184.50_185.00_,14_13_23_7_28_,182.00_181.50_181.00_180.50_180.00_,43_29_56_66_157_
12:55:14,182.50,1,3336,183.00_183.50_184.00_184.50_185.00_,14_16_20_7_26_,182.50_182.00_181.50_181.00_180.50_,1_41_19_56_66_
12:55:50,182.50,1,3336,183.00_183.50_184.00_184.50_185.00_,16_13_23_7_26_,182.50_182.00_181.50_181.00_180.50_,3_51_20_55_66_
12:56:05,182.50,1,3337,183.00_183.50_184.00_184.50_185.00_,16_13_23_7_26_,182.50_182.00_181.50_181.00_180.50_,4_51_20_55_66_
12:57:53,183.00,7,3346,183.00_183.50_184.00_184.50_185.00_,21_12_24_7_27_,182.50_182.00_181.50_181.00_180.50_,9_51_20_57_66_
13:01:08,182.00,2,3364,182.50_183.00_183.50_184.00_184.50_,18_17_16_21_8_,182.00_181.50_181.00_180.50_180.00_,47_20_57_65_150_
13:01:33,182.00,2,3364,182.50_183.00_183.50_184.00_184.50_,20_19_16_21_8_,182.00_181.50_181.00_180.50_180.00_,49_20_58_65_150_
13:01:39,182.50,1,3365,182.50_183.00_183.50_184.00_184.50_,19_19_16_21_8_,182.00_181.50_181.00_180.50_180.00_,49_20_58_65_150_
13:03:01,182.50,1,3366,182.50_183.00_183.50_184.00_184.50_,19_19_15_21_8_,182.00_181.50_181.00_180.50_180.00_,53_20_58_65_150_
13:03:47,182.50,1,3366,182.50_183.00_183.50_184.00_184.50_,20_23_15_21_8_,182.00_181.50_181.00_180.50_180.00_,54_20_57_65_151_
13:03:52,182.50,1,3366,182.50_183.00_183.50_184.00_184.50_,20_24_15_21_8_,182.00_181.50_181.00_180.50_180.00_,54_20_57_65_151_
13:04:48,182.00,1,3368,182.50_183.00_183.50_184.00_184.50_,21_24_20_21_8_,182.00_181.50_181.00_180.50_180.00_,55_23_57_66_150_
13:05:04,182.50,4,3372,182.50_183.00_183.50_184.00_184.50_,17_24_20_21_8_,182.00_181.50_181.00_180.50_180.00_,55_23_57_66_150_
13:07:07,182.00,1,3379,182.50_183.00_183.50_184.00_184.50_,14_23_22_21_8_,182.00_181.50_181.00_180.50_180.00_,50_22_57_67_151_
13:07:58,182.00,3,3386,182.50_183.00_183.50_184.00_184.50_,9_21_22_21_8_,182.00_181.50_181.00_180.50_180.00_,49_22_57_67_148_
13:08:03,182.00,3,3386,182.50_183.00_183.50_184.00_184.50_,10_21_22_21_8_,182.00_181.50_181.00_180.50_180.00_,50_22_57_67_148_
13:08:08,182.00,3,3386,182.50_183.00_183.50_184.00_184.50_,11_21_22_21_8_,182.00_181.50_181.00_180.50_180.00_,50_22_57_67_148_
13:08:14,182.00,3,3386,182.50_183.00_183.50_184.00_184.50_,12_21_22_21_8_,182.00_181.50_181.00_180.50_180.00_,50_22_57_67_148_
13:08:44,182.00,1,3396,182.50_183.00_183.50_184.00_184.50_,14_21_22_21_6_,182.00_181.50_181.00_180.50_180.00_,41_22_57_67_149_
13:09:15,182.00,1,3397,182.50_183.00_183.50_184.00_184.50_,15_22_22_20_6_,182.00_181.50_181.00_180.50_180.00_,41_23_57_67_149_
13:10:22,182.00,1,3399,182.50_183.00_183.50_184.00_184.50_,14_27_22_20_6_,182.00_181.50_181.00_180.50_180.00_,40_23_57_67_150_
13:11:28,181.50,1,3440,182.50_183.00_183.50_184.00_184.50_,14_26_22_20_6_,181.50_181.00_180.50_180.00_179.50_,22_57_67_150_258_
13:11:33,181.50,15,3455,182.00_182.50_183.00_183.50_184.00_,5_14_26_22_20_,181.50_181.00_180.50_180.00_179.50_,6_56_67_150_258_
13:11:38,181.50,15,3455,182.00_182.50_183.00_183.50_184.00_,5_10_29_19_20_,181.50_181.00_180.50_180.00_179.50_,6_57_66_152_258_
13:11:44,181.50,1,3456,182.00_182.50_183.00_183.50_184.00_,5_10_29_19_20_,181.50_181.00_180.50_180.00_179.50_,6_57_66_152_258_
13:11:49,181.50,1,3456,182.00_182.50_183.00_183.50_184.00_,5_10_29_19_20_,181.50_181.00_180.50_180.00_179.50_,7_57_66_152_258_
13:11:54,181.50,2,3458,182.00_182.50_183.00_183.50_184.00_,5_10_29_19_20_,181.50_181.00_180.50_180.00_179.50_,5_57_66_152_258_
13:12:35,181.00,4,3467,181.50_182.00_182.50_183.00_183.50_,9_5_9_22_19_,181.00_180.50_180.00_179.50_,54_66_153_256_
13:16:10,180.50,1,3604,180.50_181.00_181.50_182.00_182.50_,2_11_6_4_7_,180.00_179.50_,165_267_
13:16:15,180.50,2,3606,181.00_181.50_182.00_182.50_183.00_,10_6_4_7_19_,180.50_180.00_179.50_,1_166_267_
13:16:21,180.50,2,3606,181.00_181.50_182.00_182.50_183.00_,13_6_1_10_14_,180.50_180.00_179.50_,2_167_267_
13:16:56,180.50,4,3617,181.00_181.50_182.00_182.50_183.00_,12_6_1_10_14_,180.50_180.00_179.50_,4_168_267_
13:17:27,180.50,5,3622,181.00_181.50_182.00_182.50_183.00_,13_6_1_10_14_,180.50_180.00_179.50_,2_167_270_
13:17:48,180.50,1,3624,181.00_181.50_182.00_182.50_183.00_,13_6_2_10_14_,180.50_180.00_179.50_,3_167_270_
13:17:58,180.50,2,3627,180.50_181.00_181.50_182.00_182.50_,2_13_6_2_10_,180.00_179.50_,167_265_
13:20:57,181.00,1,3645,181.00_181.50_182.00_182.50_183.00_,14_4_3_9_13_,180.50_180.00_179.50_,9_164_265_
13:21:28,180.50,5,3661,180.50_181.00_181.50_182.00_182.50_,5_24_4_8_6_,180.00_179.50_,165_262_
13:23:05,180.50,1,3708,181.00_181.50_182.00_182.50_183.00_,17_4_4_9_11_,180.50_180.00_179.50_,5_152_263_
13:23:21,181.00,11,3720,181.00_181.50_182.00_182.50_183.00_,12_4_8_6_11_,180.50_180.00_179.50_,6_155_263_
13:26:24,181.50,3,3747,183.50_184.00_184.50_185.00_185.50_,5_18_7_13_17_,181.50_181.00_180.50_180.00_179.50_,3_6_24_157_241_
13:26:40,181.50,3,3747,183.00_183.50_184.00_184.50_185.00_,1_10_18_7_13_,181.50_181.00_180.50_180.00_179.50_,4_6_26_157_241_
13:26:45,181.50,3,3747,183.50_184.00_184.50_185.00_185.50_,2_18_7_13_17_,181.50_181.00_180.50_180.00_179.50_,5_6_27_159_241_
13:26:50,181.50,3,3747,183.50_184.00_184.50_185.00_185.50_,3_18_7_13_17_,181.50_181.00_180.50_180.00_179.50_,5_6_27_159_241_
13:27:00,181.50,3,3747,184.00_184.50_185.00_185.50_186.00_,17_7_13_17_16_,181.50_181.00_180.50_180.00_179.50_,5_6_27_160_241_
13:27:05,181.50,3,3747,184.00_184.50_185.00_185.50_186.00_,15_7_13_17_16_,181.50_181.00_180.50_180.00_179.50_,5_6_27_160_241_
13:27:11,181.50,3,3747,184.00_184.50_185.00_185.50_186.00_,14_7_13_17_16_,181.50_181.00_180.50_180.00_179.50_,5_7_27_160_241_
13:27:21,181.50,3,3747,184.00_184.50_185.00_185.50_186.00_,18_7_13_17_16_,181.50_181.00_180.50_180.00_179.50_,5_15_27_160_241_
13:27:31,181.50,3,3747,183.50_184.00_184.50_185.00_185.50_,9_19_7_13_7_,181.50_181.00_180.50_180.00_179.50_,6_15_27_152_241_
13:27:36,181.50,3,3747,183.50_184.00_184.50_185.00_185.50_,9_19_7_13_7_,181.50_181.00_180.50_180.00_179.50_,6_17_27_151_241_
13:27:46,181.50,3,3747,183.50_184.00_184.50_185.00_185.50_,14_19_7_13_7_,181.50_181.00_180.50_180.00_179.50_,6_18_26_152_241_
13:27:52,181.50,3,3747,183.50_184.00_184.50_185.00_185.50_,14_19_7_13_7_,181.50_181.00_180.50_180.00_179.50_,6_19_26_152_240_
13:28:02,181.50,3,3747,183.50_184.00_184.50_185.00_185.50_,10_19_7_13_7_,181.50_181.00_180.50_180.00_179.50_,6_19_27_152_239_
13:28:07,181.50,3,3747,183.50_184.00_184.50_185.00_185.50_,11_19_7_13_7_,182.50_181.50_181.00_180.50_180.00_,1_6_19_26_152_
13:28:22,181.50,3,3747,181.50_182.00_182.50_183.00_183.50_,4_7_14_13_25_,181.00_180.50_180.00_179.50_,15_26_152_239_
13:30:00,181.50,77,3824,182.00_182.50_183.00_183.50_184.00_,6_15_13_25_22_,181.50_181.00_180.50_180.00_179.50_,4_18_28_155_239_
