13:03:57,224.00,1,2106,224.00_224.50_225.00_225.50_226.00_,23_10_25_6_73_,223.50_223.00_222.50_222.00_221.50_,5_4_19_8_6_
13:04:22,223.50,1,2107,224.00_224.50_225.00_225.50_226.00_,27_10_25_7_73_,223.50_223.00_222.50_222.00_221.50_,5_4_19_8_6_
13:06:25,223.50,5,2115,224.00_224.50_225.00_225.50_226.00_,31_12_28_6_74_,223.50_223.00_222.50_222.00_221.50_,7_4_18_8_6_
13:07:01,224.00,1,2125,224.00_224.50_225.00_225.50_226.00_,29_12_28_6_74_,223.50_223.00_222.50_222.00_221.50_,2_4_18_8_6_
13:08:59,223.00,2,2140,223.50_224.00_224.50_225.00_225.50_,12_37_16_26_6_,223.00_222.50_222.00_221.50_221.00_,10_15_13_2_65_
13:09:14,223.00,1,2141,223.50_224.00_224.50_225.00_225.50_,16_41_15_33_6_,223.00_222.50_222.00_221.50_221.00_,9_15_13_2_65_
13:09:55,223.00,1,2143,223.50_224.00_224.50_225.00_225.50_,17_35_16_33_6_,223.00_222.50_222.00_221.50_221.00_,9_15_13_2_65_
13:12:34,223.00,1,2158,223.50_224.00_224.50_225.00_225.50_,15_35_8_28_6_,223.00_222.50_222.00_221.50_221.00_,15_15_13_2_67_
13:13:51,223.00,2,2162,223.50_224.00_224.50_225.00_225.50_,17_35_8_27_6_,223.00_222.50_222.00_221.50_221.00_,15_15_13_2_69_
13:13:56,223.00,2,2162,223.50_224.00_224.50_225.00_225.50_,19_35_8_27_6_,223.00_222.50_222.00_221.50_221.00_,15_15_13_2_69_
13:16:05,224.00,1,2199,224.00_224.50_225.00_225.50_226.00_,32_8_33_5_73_,223.50_223.00_222.50_222.00_221.50_,14_17_17_11_6_
13:16:15,223.50,1,2200,224.00_224.50_225.00_225.50_226.00_,36_8_33_5_73_,223.50_223.00_222.50_222.00_221.50_,13_17_17_11_6_
13:16:20,223.50,1,2200,224.00_224.50_225.00_225.50_226.00_,37_7_33_5_73_,223.50_223.00_222.50_222.00_221.50_,14_17_17_11_6_
13:17:37,225.00,2,2262,225.00_225.50_226.00_226.50_227.00_,34_11_74_17_24_,224.50_224.00_223.50_223.00_222.50_,16_1_6_17_16_
13:18:28,224.50,1,2268,225.00_225.50_226.00_226.50_227.00_,33_11_75_17_24_,224.50_224.00_223.50_223.00_222.50_,14_1_5_17_16_
13:18:33,225.00,2,2270,225.00_225.50_226.00_226.50_227.00_,31_11_75_17_24_,224.50_224.00_223.50_223.00_222.50_,14_1_5_15_16_
13:18:38,225.00,2,2272,225.00_225.50_226.00_226.50_227.00_,31_12_75_17_25_,224.50_224.00_223.50_223.00_222.50_,14_1_5_15_16_
13:18:43,225.00,2,2272,225.00_225.50_226.00_226.50_227.00_,32_12_75_17_25_,224.50_224.00_223.50_223.00_222.50_,14_1_5_15_16_
13:18:48,225.00,2,2272,225.00_225.50_226.00_226.50_227.00_,33_12_75_17_25_,224.50_224.00_223.50_223.00_222.50_,14_1_5_15_16_
13:18:54,225.00,1,2273,225.00_225.50_226.00_226.50_227.00_,34_12_75_17_25_,224.50_224.00_223.50_223.00_222.50_,14_1_5_15_16_
13:18:59,224.50,5,2278,225.00_225.50_226.00_226.50_227.00_,34_12_75_17_25_,224.50_224.00_223.50_223.00_222.50_,10_1_5_15_16_
13:19:14,224.50,5,2287,225.00_225.50_226.00_226.50_227.00_,34_12_65_17_24_,224.50_224.00_223.50_223.00_222.50_,5_1_5_14_16_
13:20:11,224.50,6,2301,224.50_225.00_225.50_226.00_226.50_,1_43_12_65_17_,224.00_223.50_223.00_222.50_222.00_,5_10_14_16_10_
13:20:21,224.00,1,2302,224.50_225.00_225.50_226.00_226.50_,7_41_12_64_17_,224.00_223.50_223.00_222.50_222.00_,8_5_19_12_14_
13:22:04,223.50,6,2312,224.00_224.50_225.00_225.50_226.00_,12_9_31_16_65_,223.50_223.00_222.50_222.00_221.50_,10_20_12_10_6_
13:23:00,225.00,5,2339,225.00_225.50_226.00_226.50_227.00_,22_16_65_17_24_,224.00_223.50_223.00_222.50_222.00_,10_3_10_11_11_
13:23:05,224.50,4,2343,224.50_225.00_225.50_226.00_226.50_,4_22_16_65_17_,224.00_223.50_223.00_222.50_222.00_,11_3_10_11_11_
13:23:10,224.50,4,2347,225.00_225.50_226.00_226.50_227.00_,23_15_65_17_24_,224.50_224.00_223.50_223.00_222.50_,3_11_4_10_10_
13:23:16,225.00,3,2350,225.00_225.50_226.00_226.50_227.00_,21_15_66_17_24_,224.50_224.00_223.50_223.00_222.50_,7_3_9_5_14_
13:23:21,225.00,6,2356,225.00_225.50_226.00_226.50_227.00_,16_15_66_17_24_,224.50_224.00_223.50_223.00_222.50_,9_5_9_5_14_
13:23:26,225.00,3,2359,225.00_225.50_226.00_226.50_227.00_,13_15_66_17_24_,224.50_224.00_223.50_223.00_222.50_,15_5_9_5_14_
13:25:33,225.00,3,2403,226.00_226.50_227.00_227.50_228.00_,20_17_28_11_16_,225.00_224.00_223.50_223.00_222.50_,52_1_3_9_22_
13:25:38,225.00,3,2403,226.00_226.50_227.00_227.50_228.00_,12_17_28_11_16_,225.00_224.00_223.50_223.00_222.50_,52_1_3_9_22_
13:25:54,225.00,3,2403,226.50_227.00_227.50_228.00_228.50_,17_28_11_16_1_,225.00_224.00_223.50_223.00_222.50_,52_6_3_9_22_
13:26:45,225.00,3,2403,225.50_226.00_226.50_227.00_227.50_,9_90_18_28_11_,225.00_224.00_223.50_223.00_222.50_,24_7_3_9_29_
13:26:50,225.00,3,2403,225.50_226.00_226.50_227.00_227.50_,10_90_18_28_11_,225.00_224.00_223.50_223.00_222.50_,25_7_3_9_29_
13:26:55,225.00,3,2403,225.50_226.00_226.50_227.00_227.50_,10_90_18_28_11_,225.00_224.00_223.50_223.00_222.50_,24_7_3_9_29_
13:28:01,225.00,3,2403,225.50_226.00_226.50_227.00_227.50_,12_96_18_28_11_,225.00_224.00_223.50_223.00_222.50_,17_11_3_11_29_
13:28:27,225.00,3,2403,225.50_226.00_226.50_227.00_227.50_,12_96_18_28_11_,225.00_224.00_223.50_223.00_222.50_,21_11_3_11_29_
13:30:00,223.00,312,2715,223.50_224.00_224.50_225.00_225.50_,2_1_3_9_12_,223.00_222.50_222.00_221.50_221.00_,22_48_37_35_99_
09:00:32,224.50,1,32,225.00_225.50_226.00_226.50_227.00_,4_1_9_2_7_,224.50_224.00_223.00_222.50_222.00_,5_6_8_1_3_
09:00:37,224.50,1,32,225.00_225.50_226.00_226.50_227.00_,4_1_9_2_7_,224.50_224.00_223.00_222.50_222.00_,6_6_13_1_3_
09:00:43,224.50,1,33,225.00_225.50_226.00_226.50_227.00_,5_1_9_2_7_,224.50_224.00_223.00_222.50_222.00_,6_6_13_1_3_
09:00:53,224.50,1,33,225.00_225.50_226.00_226.50_227.00_,4_2_9_2_7_,224.50_224.00_223.00_222.50_222.00_,7_7_13_1_3_
09:01:13,225.00,4,39,225.00_225.50_226.00_226.50_227.00_,1_2_10_2_7_,224.50_224.00_223.00_222.50_222.00_,5_7_12_1_3_
09:03:01,226.00,2,55,226.00_226.50_227.00_227.50_228.00_,7_2_13_3_18_,225.50_225.00_224.00_223.50_223.00_,4_8_4_7_14_
09:03:42,226.00,1,65,226.50_227.00_227.50_228.00_228.50_,3_6_11_21_6_,226.00_225.50_225.00_224.50_224.00_,5_16_11_3_4_
09:03:47,226.00,5,70,226.50_227.00_227.50_228.00_228.50_,3_6_11_21_6_,225.50_225.00_224.50_224.00_223.50_,16_11_3_4_7_
09:03:52,225.50,5,75,226.50_227.00_227.50_228.00_228.50_,3_11_8_18_6_,225.50_225.00_224.50_224.00_223.50_,13_11_3_4_7_
09:03:58,226.00,1,76,226.50_227.00_227.50_228.00_228.50_,4_11_7_18_7_,225.50_225.00_224.50_224.00_223.50_,13_11_3_4_7_
09:04:03,225.50,6,82,226.00_226.50_227.00_227.50_228.00_,2_5_11_7_18_,225.50_225.00_224.50_224.00_223.50_,9_11_3_4_7_
09:05:20,226.00,2,90,226.00_226.50_227.00_227.50_228.00_,13_7_9_7_19_,225.50_225.00_224.00_223.50_223.00_,12_4_7_7_15_
09:05:51,225.50,3,100,226.00_226.50_227.00_227.50_228.00_,22_6_10_7_20_,225.50_225.00_224.00_223.50_223.00_,6_5_7_7_15_
09:05:56,225.50,7,107,226.00_226.50_227.00_227.50_228.00_,24_6_13_4_20_,225.00_224.00_223.50_223.00_222.50_,5_7_8_15_1_
09:06:11,225.00,1,109,225.50_226.00_226.50_227.00_227.50_,16_18_14_5_4_,225.00_224.00_223.50_223.00_222.50_,4_4_11_16_1_
09:07:49,223.50,1,135,223.50_224.00_224.50_225.00_225.50_,7_7_6_7_4_,223.00_222.50_222.00_221.50_220.50_,15_1_2_3_14_
09:07:59,223.00,1,136,223.50_224.00_224.50_225.00_225.50_,9_5_6_7_3_,223.00_222.50_222.00_221.50_220.50_,15_1_2_3_14_
09:08:09,223.00,1,136,223.50_224.00_224.50_225.00_225.50_,10_4_6_7_3_,223.00_222.50_222.00_221.50_220.50_,15_1_2_3_14_
09:08:51,222.50,1,155,222.50_223.00_223.50_224.00_225.00_,2_5_11_7_4_,222.00_221.00_220.50_220.00_219.50_,4_4_14_13_1_
09:08:56,222.00,2,157,222.50_223.00_223.50_224.00_225.00_,3_5_11_7_4_,222.00_220.50_220.00_219.50_219.00_,2_17_14_1_3_
09:09:01,222.00,2,157,222.50_223.00_223.50_224.00_225.00_,7_5_6_7_4_,222.00_220.50_220.00_219.50_219.00_,3_16_14_1_3_
09:09:06,222.00,1,158,222.50_223.00_223.50_224.00_225.00_,9_5_6_7_4_,222.00_220.50_220.00_219.50_219.00_,2_16_14_1_3_
09:09:11,222.00,2,160,222.50_223.00_223.50_224.00_225.00_,9_5_9_3_4_,220.50_220.00_219.50_219.00_218.50_,17_14_1_3_2_
09:09:11,222.00,2,160,222.50_223.00_223.50_224.00_225.00_,9_5_9_3_4_,220.50_220.00_219.50_219.00_218.50_,17_14_1_3_2_
09:09:21,222.00,1,161,222.00_222.50_223.00_224.00_225.00_,4_13_8_3_4_,220.50_220.00_219.50_219.00_218.50_,15_15_1_4_3_
09:09:26,222.00,1,162,222.00_222.50_223.00_224.00_225.00_,5_13_9_3_4_,221.00_220.50_220.00_219.00_218.50_,1_15_15_4_3_
09:09:42,222.00,1,163,222.00_222.50_223.00_224.00_225.00_,6_10_9_2_4_,221.00_220.50_220.00_219.00_218.50_,7_14_12_4_4_
09:10:02,222.00,1,164,222.00_222.50_223.00_223.50_224.00_,2_7_12_3_2_,221.50_221.00_220.50_220.00_219.00_,3_11_13_12_4_
09:10:02,222.00,1,164,222.00_222.50_223.00_223.50_224.00_,2_7_12_3_2_,221.50_221.00_220.50_220.00_219.00_,3_11_13_12_4_
09:10:18,222.00,1,166,222.50_223.00_223.50_224.00_225.00_,6_7_9_1_4_,222.00_221.50_221.00_220.50_220.00_,6_5_9_17_9_
09:10:23,222.00,1,166,222.50_223.00_223.50_224.00_225.00_,1_12_9_1_4_,222.00_221.50_221.00_220.50_220.00_,7_5_9_16_9_
09:11:09,222.50,1,171,222.50_223.00_223.50_224.00_225.00_,4_7_6_6_4_,222.00_221.50_221.00_220.50_220.00_,12_5_9_16_10_
09:11:14,222.50,2,173,222.50_223.00_223.50_224.00_225.00_,2_7_6_6_4_,222.00_221.50_221.00_220.50_220.00_,12_5_7_16_10_
09:11:19,222.50,3,176,223.00_223.50_224.00_225.00_225.50_,7_6_6_4_4_,222.00_221.50_221.00_220.50_220.00_,13_5_7_16_10_
09:11:24,222.50,3,176,223.00_223.50_224.00_225.00_225.50_,7_5_6_4_4_,222.50_222.00_221.50_221.00_220.50_,1_14_5_10_13_
09:11:29,222.50,3,176,223.00_224.00_225.00_225.50_226.00_,7_11_4_4_21_,222.50_222.00_221.50_221.00_220.50_,4_8_5_10_13_
09:11:34,223.00,1,177,223.00_224.00_225.00_225.50_226.00_,5_11_4_4_21_,222.50_222.00_221.50_221.00_220.50_,4_8_5_10_13_
09:12:26,224.00,3,186,225.00_225.50_226.00_226.50_227.00_,4_13_22_5_7_,224.00_223.00_222.50_222.00_221.50_,3_12_8_6_4_
09:12:31,224.00,1,187,225.00_225.50_226.00_226.50_227.00_,4_9_26_5_7_,224.00_223.50_223.00_222.50_222.00_,3_1_14_5_6_
09:12:36,224.00,1,187,225.00_225.50_226.00_226.50_227.00_,4_9_26_5_7_,224.00_223.50_223.00_222.50_222.00_,4_1_14_5_6_
09:12:41,224.00,2,189,225.00_225.50_226.00_226.50_227.00_,4_9_26_5_7_,224.00_223.50_223.00_222.50_222.00_,3_1_13_5_7_
09:13:42,224.00,1,206,224.00_224.50_225.00_225.50_226.00_,5_3_14_5_21_,223.50_223.00_222.50_222.00_221.50_,9_6_3_11_2_
09:15:56,224.00,1,216,224.00_225.00_225.50_226.00_226.50_,1_12_9_23_4_,223.50_223.00_222.50_222.00_221.50_,13_7_5_9_3_
09:16:01,224.00,1,216,224.00_224.50_225.00_225.50_226.00_,1_1_14_6_23_,223.50_223.00_222.50_222.00_221.50_,14_7_2_11_4_
09:16:06,224.00,1,217,224.50_225.00_225.50_226.00_226.50_,2_14_5_23_4_,224.00_223.50_223.00_222.50_222.00_,1_14_7_2_11_
09:16:11,224.50,1,218,225.00_225.50_226.00_226.50_227.00_,7_14_23_4_7_,224.00_223.50_223.00_222.50_222.00_,4_7_7_5_8_
09:16:16,224.50,1,218,225.00_225.50_226.00_226.50_227.00_,7_14_22_3_7_,224.00_223.50_223.00_222.50_222.00_,4_7_7_5_8_
09:16:22,224.50,1,218,225.00_225.50_226.00_226.50_227.00_,7_14_21_3_7_,224.00_223.50_223.00_222.50_222.00_,4_7_7_5_8_
09:17:18,224.50,1,219,224.50_225.00_225.50_226.00_226.50_,8_7_14_21_3_,224.00_223.50_223.00_222.50_222.00_,13_6_7_5_8_
09:19:06,224.50,2,235,224.50_225.00_225.50_226.00_226.50_,6_10_15_20_3_,224.00_223.50_223.00_222.50_222.00_,3_4_7_5_8_
09:19:06,224.50,2,235,224.50_225.00_225.50_226.00_226.50_,6_10_15_20_3_,224.00_223.50_223.00_222.50_222.00_,3_4_7_5_8_
09:19:22,224.50,2,235,224.50_225.00_225.50_226.00_226.50_,7_10_15_22_3_,224.00_223.50_223.00_222.50_222.00_,4_4_7_5_8_
09:19:22,224.50,2,235,224.50_225.00_225.50_226.00_226.50_,7_10_15_22_3_,224.00_223.50_223.00_222.50_222.00_,4_4_7_5_8_
09:19:27,224.50,2,235,224.50_225.00_225.50_226.00_226.50_,7_11_15_22_3_,224.00_223.50_223.00_222.50_222.00_,4_4_7_5_8_
09:19:27,224.50,2,235,224.50_225.00_225.50_226.00_226.50_,7_11_15_22_3_,224.00_223.50_223.00_222.50_222.00_,4_4_7_5_8_
09:19:27,224.50,2,235,224.50_225.00_225.50_226.00_226.50_,7_11_15_22_3_,224.00_223.50_223.00_222.50_222.00_,4_4_7_5_8_
09:19:42,224.50,2,235,224.50_225.00_225.50_226.00_226.50_,8_11_15_22_3_,224.00_223.50_223.00_222.50_222.00_,4_4_7_5_8_
09:19:47,224.00,1,236,224.50_225.00_225.50_226.00_226.50_,8_11_16_22_3_,224.00_223.50_223.00_222.50_222.00_,3_4_7_5_8_
09:20:03,224.00,1,238,224.50_225.00_225.50_226.00_226.50_,8_12_16_22_3_,224.00_223.50_223.00_222.50_222.00_,4_4_7_5_8_
09:21:45,224.00,2,243,224.00_224.50_225.00_225.50_226.00_,6_22_19_5_21_,223.50_223.00_222.50_222.00_221.50_,7_6_2_11_3_
09:22:26,223.50,1,247,224.00_224.50_225.00_225.50_226.00_,7_24_19_5_21_,223.50_223.00_222.50_222.00_221.50_,7_6_2_11_3_
09:22:31,223.50,1,247,224.00_224.50_225.00_225.50_226.00_,7_24_20_5_21_,223.50_223.00_222.50_222.00_221.50_,8_6_2_11_2_
09:22:31,223.50,1,247,224.00_224.50_225.00_225.50_226.00_,7_24_20_5_21_,223.50_223.00_222.50_222.00_221.50_,8_6_2_11_2_
09:26:53,222.00,1,306,222.00_222.50_223.00_223.50_224.00_,8_5_21_1_1_,221.50_221.00_220.50_220.00_219.00_,6_19_5_14_3_
09:30:08,222.50,1,326,222.50_223.00_223.50_224.00_224.50_,2_14_9_2_24_,222.00_221.50_221.00_220.50_220.00_,9_5_26_4_10_
09:30:08,222.50,1,326,222.50_223.00_223.50_224.00_224.50_,2_14_9_2_24_,222.00_221.50_221.00_220.50_220.00_,9_5_26_4_10_
09:31:35,222.50,1,329,222.50_223.00_223.50_224.00_224.50_,2_15_9_3_25_,222.00_221.50_221.00_220.50_220.00_,19_5_26_4_10_
09:32:00,222.50,1,329,222.50_223.00_223.50_224.00_224.50_,2_15_9_3_24_,222.00_221.50_221.00_220.50_220.00_,19_5_26_4_10_
09:32:26,222.50,1,335,223.00_223.50_224.00_224.50_225.00_,12_6_9_24_17_,222.50_222.00_221.50_221.00_220.50_,2_9_5_26_4_
09:32:47,222.00,2,339,222.50_223.00_223.50_224.00_224.50_,6_14_11_3_24_,222.00_221.50_221.00_220.50_220.00_,10_5_23_7_10_
09:32:57,222.00,2,341,222.50_223.00_223.50_224.00_224.50_,6_14_11_3_24_,222.00_221.50_221.00_220.50_220.00_,8_5_23_7_10_
09:32:57,222.00,2,341,222.50_223.00_223.50_224.00_224.50_,6_14_11_3_24_,222.00_221.50_221.00_220.50_220.00_,8_5_23_7_10_
09:33:43,222.50,2,343,222.50_223.00_223.50_224.00_224.50_,5_13_11_3_24_,222.00_221.50_221.00_220.50_220.00_,10_5_24_7_10_
09:34:08,222.50,1,344,222.50_223.00_223.50_224.00_224.50_,6_13_10_3_24_,222.00_221.50_221.00_220.50_220.00_,10_5_24_7_10_
09:34:44,222.50,1,346,222.50_223.00_223.50_224.00_224.50_,8_13_10_3_24_,222.00_221.50_221.00_220.50_220.00_,15_5_24_7_11_
09:35:05,222.50,1,346,222.50_223.00_223.50_224.00_224.50_,9_12_10_3_24_,222.00_221.50_221.00_220.50_220.00_,16_5_24_7_11_
09:35:20,222.50,1,347,222.50_223.00_223.50_224.00_224.50_,8_12_10_3_25_,222.00_221.50_221.00_220.50_220.00_,16_5_27_4_11_
09:35:20,222.50,1,347,222.50_223.00_223.50_224.00_224.50_,8_12_10_3_25_,222.00_221.50_221.00_220.50_220.00_,16_5_27_4_11_
09:36:01,222.50,3,352,222.50_223.00_223.50_224.00_224.50_,6_13_10_3_24_,222.00_221.50_221.00_220.50_220.00_,15_5_27_4_11_
09:36:06,222.50,1,353,222.50_223.00_223.50_224.00_224.50_,6_13_10_3_24_,222.00_221.50_221.00_220.50_220.00_,15_5_27_4_11_
09:36:17,222.50,3,356,222.50_223.00_223.50_224.00_224.50_,3_13_10_3_24_,222.00_221.50_221.00_220.50_220.00_,15_5_27_4_11_
09:36:22,222.50,3,356,222.50_223.00_223.50_224.00_224.50_,1_13_10_3_24_,222.00_221.50_221.00_220.50_220.00_,14_5_27_4_11_
09:39:01,223.00,2,368,223.00_223.50_224.00_224.50_225.00_,8_1_12_25_18_,222.50_222.00_221.50_221.00_220.50_,8_6_7_28_6_
09:39:57,223.50,2,378,223.50_224.00_224.50_225.00_225.50_,4_3_33_20_8_,223.00_222.50_222.00_221.50_221.00_,14_2_8_11_25_
09:41:14,224.00,1,383,224.00_224.50_225.00_225.50_226.00_,6_25_29_8_18_,223.50_223.00_222.50_222.00_221.50_,16_3_2_11_8_
09:41:19,224.00,1,384,224.00_224.50_225.00_225.50_226.00_,5_25_29_8_18_,223.50_223.00_222.50_222.00_221.50_,16_3_2_11_8_
09:44:03,224.00,4,412,224.50_225.00_225.50_226.00_226.50_,31_28_12_17_5_,223.50_223.00_222.50_222.00_221.50_,15_4_5_9_8_
09:44:34,224.00,1,415,224.00_224.50_225.00_225.50_226.00_,5_31_31_12_17_,223.50_223.00_222.50_222.00_221.50_,16_4_5_10_8_
09:44:39,224.00,1,416,224.00_224.50_225.00_225.50_226.00_,4_31_31_12_17_,223.50_223.00_222.50_222.00_221.50_,15_4_5_10_8_
09:46:32,223.50,1,422,224.00_224.50_225.00_225.50_226.00_,19_32_28_13_16_,223.50_223.00_222.50_222.00_221.50_,16_9_2_10_9_
09:46:32,223.50,1,422,224.00_224.50_225.00_225.50_226.00_,19_32_28_13_16_,223.50_223.00_222.50_222.00_221.50_,16_9_2_10_9_
09:46:32,223.50,1,422,224.00_224.50_225.00_225.50_226.00_,19_32_28_13_16_,223.50_223.00_222.50_222.00_221.50_,16_9_2_10_9_
09:46:57,223.50,1,422,224.00_224.50_225.00_225.50_226.00_,21_32_28_13_16_,223.50_223.00_222.50_222.00_221.50_,16_9_2_10_9_
09:47:49,224.00,1,424,224.00_224.50_225.00_225.50_226.00_,19_32_29_13_16_,223.50_223.00_222.50_222.00_221.50_,17_9_2_10_9_
09:48:20,224.00,1,425,224.00_224.50_225.00_225.50_226.00_,24_32_29_13_16_,223.50_223.00_222.50_222.00_221.50_,17_9_2_10_9_
09:49:11,224.00,1,425,224.00_224.50_225.00_225.50_226.00_,43_12_30_13_16_,223.50_223.00_222.50_222.00_221.50_,17_9_2_10_9_
09:49:11,224.00,1,425,224.00_224.50_225.00_225.50_226.00_,43_12_30_13_16_,223.50_223.00_222.50_222.00_221.50_,17_9_2_10_9_
09:49:11,224.00,1,425,224.00_224.50_225.00_225.50_226.00_,43_12_30_13_16_,223.50_223.00_222.50_222.00_221.50_,17_9_2_10_9_
09:49:47,224.00,1,426,224.00_224.50_225.00_225.50_226.00_,42_12_30_13_16_,223.50_223.00_222.50_222.00_221.50_,17_9_2_10_9_
09:51:50,223.50,1,446,224.00_224.50_225.00_225.50_226.00_,31_12_28_13_16_,223.50_223.00_222.50_222.00_221.50_,15_9_2_10_9_
09:51:50,223.50,1,446,224.00_224.50_225.00_225.50_226.00_,31_12_28_13_16_,223.50_223.00_222.50_222.00_221.50_,15_9_2_10_9_
09:51:50,223.50,1,446,224.00_224.50_225.00_225.50_226.00_,31_12_28_13_16_,223.50_223.00_222.50_222.00_221.50_,15_9_2_10_9_
09:52:21,223.50,5,451,224.00_224.50_225.00_225.50_226.00_,33_13_27_13_16_,223.50_223.00_222.50_222.00_221.50_,11_8_5_10_9_
09:53:07,223.50,5,458,224.00_224.50_225.00_225.50_226.00_,34_13_27_14_18_,223.50_223.00_222.50_222.00_221.50_,4_12_5_10_9_
09:53:12,223.50,5,458,224.00_224.50_225.00_225.50_226.00_,34_13_27_14_18_,223.50_223.00_222.50_222.00_221.50_,5_12_5_10_9_
09:53:12,223.50,5,458,224.00_224.50_225.00_225.50_226.00_,34_13_27_14_18_,223.50_223.00_222.50_222.00_221.50_,5_12_5_10_9_
09:53:17,223.50,4,462,224.00_224.50_225.00_225.50_226.00_,34_13_27_14_18_,223.50_223.00_222.50_222.00_221.50_,1_12_5_10_9_
09:53:17,223.50,4,462,224.00_224.50_225.00_225.50_226.00_,34_13_27_14_18_,223.50_223.00_222.50_222.00_221.50_,1_12_5_10_9_
09:53:27,223.50,1,463,223.50_224.00_224.50_225.00_225.50_,2_34_13_27_14_,223.00_222.50_222.00_221.50_221.00_,12_5_10_9_26_
09:54:54,223.00,5,472,223.50_224.00_224.50_225.00_225.50_,22_30_15_22_10_,223.00_222.50_222.00_221.50_221.00_,10_5_10_9_26_
09:56:16,223.00,2,490,223.00_223.50_224.00_224.50_225.00_,13_8_32_9_19_,222.50_222.00_221.50_221.00_220.50_,15_13_10_26_7_
09:56:42,223.00,2,490,223.00_223.50_224.00_224.50_225.00_,14_8_32_9_20_,222.50_222.00_221.50_221.00_220.50_,18_13_10_27_7_
09:56:57,223.00,2,490,223.00_223.50_224.00_224.50_225.00_,13_8_32_9_20_,222.50_222.00_221.50_221.00_220.50_,18_13_10_27_7_
09:57:07,223.00,2,490,223.00_223.50_224.00_224.50_225.00_,13_8_32_9_20_,222.50_222.00_221.50_221.00_220.50_,19_13_10_27_7_
09:57:28,223.00,2,492,223.00_223.50_224.00_224.50_225.00_,11_8_32_9_20_,222.50_222.00_221.50_221.00_220.50_,18_15_10_27_9_
09:57:53,223.00,1,495,223.00_223.50_224.00_224.50_225.00_,8_8_32_9_20_,222.50_222.00_221.50_221.00_220.50_,20_16_10_27_9_
09:57:59,223.00,1,495,223.00_223.50_224.00_224.50_225.00_,8_8_32_9_20_,222.50_222.00_221.50_221.00_220.50_,20_16_10_28_9_
09:58:14,223.00,1,497,223.00_223.50_224.00_224.50_225.00_,6_8_32_9_20_,222.50_222.00_221.50_221.00_220.50_,18_16_10_28_9_
09:58:19,223.00,2,499,223.00_223.50_224.00_224.50_225.00_,4_8_31_9_20_,222.50_222.00_221.50_221.00_220.50_,18_16_10_28_9_
09:59:15,222.50,1,503,223.00_223.50_224.00_224.50_225.00_,8_8_31_9_20_,222.50_222.00_221.50_221.00_220.50_,20_14_10_28_9_
09:59:15,222.50,1,503,223.00_223.50_224.00_224.50_225.00_,8_8_31_9_20_,222.50_222.00_221.50_221.00_220.50_,20_14_10_28_9_
09:59:36,222.50,1,503,223.00_223.50_224.00_224.50_225.00_,9_8_31_9_20_,222.50_222.00_221.50_221.00_220.50_,20_14_10_28_9_
09:59:41,222.50,1,503,223.00_223.50_224.00_224.50_225.00_,10_8_31_9_20_,222.50_222.00_221.50_221.00_220.50_,20_14_10_28_9_
10:00:27,222.50,2,506,223.00_223.50_224.00_224.50_225.00_,11_9_31_9_20_,222.50_222.00_221.50_221.00_220.50_,20_15_10_27_8_
10:00:27,222.50,2,506,223.00_223.50_224.00_224.50_225.00_,11_9_31_9_20_,222.50_222.00_221.50_221.00_220.50_,20_15_10_27_8_
10:00:32,222.50,2,506,223.00_223.50_224.00_224.50_225.00_,11_9_31_9_20_,222.50_222.00_221.50_221.00_220.50_,22_15_10_27_8_
10:01:54,223.00,1,517,223.00_223.50_224.00_224.50_225.00_,6_9_31_9_20_,222.50_222.00_221.50_221.00_220.50_,19_16_10_27_8_
10:03:42,223.00,2,519,223.00_223.50_224.00_224.50_225.00_,7_10_31_10_20_,222.50_222.00_221.50_221.00_220.50_,26_15_9_27_9_
10:03:42,223.00,2,519,223.00_223.50_224.00_224.50_225.00_,7_10_31_10_20_,222.50_222.00_221.50_221.00_220.50_,26_15_9_27_9_
10:03:42,223.00,2,519,223.00_223.50_224.00_224.50_225.00_,7_10_31_10_20_,222.50_222.00_221.50_221.00_220.50_,26_15_9_27_9_
10:06:10,223.00,1,529,223.00_223.50_224.00_224.50_225.00_,6_10_31_10_21_,222.50_222.00_221.50_221.00_220.50_,19_21_9_27_9_
10:06:10,223.00,1,529,223.00_223.50_224.00_224.50_225.00_,6_10_31_10_21_,222.50_222.00_221.50_221.00_220.50_,19_21_9_27_9_
10:06:57,223.00,1,529,223.00_223.50_224.00_224.50_225.00_,7_10_31_10_21_,222.50_222.00_221.50_221.00_220.50_,20_21_9_27_9_
10:07:32,223.00,1,531,223.00_223.50_224.00_224.50_225.00_,5_10_31_10_21_,222.50_222.00_221.50_221.00_220.50_,18_21_9_27_9_
10:07:37,223.00,1,532,223.00_223.50_224.00_224.50_225.00_,4_10_31_10_21_,222.50_222.00_221.50_221.00_220.50_,17_21_9_27_9_
10:07:43,223.00,1,532,223.00_223.50_224.00_224.50_225.00_,4_10_30_10_21_,222.50_222.00_221.50_221.00_220.50_,18_21_9_27_9_
10:07:43,223.00,1,532,223.00_223.50_224.00_224.50_225.00_,4_10_30_10_21_,222.50_222.00_221.50_221.00_220.50_,18_21_9_27_9_
10:07:53,223.00,1,533,223.00_223.50_224.00_224.50_225.00_,3_10_30_10_21_,222.50_222.00_221.50_221.00_220.50_,18_21_9_27_9_
10:07:53,223.00,1,533,223.00_223.50_224.00_224.50_225.00_,3_10_30_10_21_,222.50_222.00_221.50_221.00_220.50_,18_21_9_27_9_
10:08:03,223.00,1,534,223.00_223.50_224.00_224.50_225.00_,1_10_30_10_21_,222.50_222.00_221.50_221.00_220.50_,18_21_9_27_9_
10:08:59,223.00,1,538,223.50_224.00_224.50_225.00_225.50_,7_25_14_23_11_,223.00_222.50_222.00_221.50_221.00_,12_13_18_9_27_
10:09:15,223.00,2,540,223.50_224.00_224.50_225.00_225.50_,7_25_14_23_11_,223.00_222.50_222.00_221.50_221.00_,12_13_18_9_27_
10:09:45,223.00,2,540,223.50_224.00_224.50_225.00_225.50_,7_36_14_23_11_,223.00_222.50_222.00_221.50_221.00_,12_13_18_8_25_
10:09:45,223.00,2,540,223.50_224.00_224.50_225.00_225.50_,7_36_14_23_11_,223.00_222.50_222.00_221.50_221.00_,12_13_18_8_25_
10:09:45,223.00,2,540,223.50_224.00_224.50_225.00_225.50_,7_36_14_23_11_,223.00_222.50_222.00_221.50_221.00_,12_13_18_8_25_
10:10:01,223.50,1,541,223.50_224.00_224.50_225.00_225.50_,9_36_14_23_11_,223.00_222.50_222.00_221.50_221.00_,12_7_24_8_25_
10:10:01,223.50,1,541,223.50_224.00_224.50_225.00_225.50_,9_36_14_23_11_,223.00_222.50_222.00_221.50_221.00_,12_7_24_8_25_
10:10:01,223.50,1,541,223.50_224.00_224.50_225.00_225.50_,9_36_14_23_11_,223.00_222.50_222.00_221.50_221.00_,12_7_24_8_25_
10:10:26,223.50,1,541,223.50_224.00_224.50_225.00_225.50_,9_36_14_23_11_,223.00_222.50_222.00_221.50_221.00_,12_7_26_8_25_
10:12:19,223.50,1,543,223.50_224.00_224.50_225.00_225.50_,10_42_16_23_12_,223.00_222.50_222.00_221.50_221.00_,20_15_20_8_24_
10:12:24,223.50,1,543,223.50_224.00_224.50_225.00_225.50_,10_42_16_23_12_,223.00_222.50_222.00_221.50_221.00_,21_15_20_8_24_
10:13:56,223.50,2,553,224.00_224.50_225.00_225.50_226.00_,43_16_25_22_19_,223.00_222.50_222.00_221.50_221.00_,23_21_20_8_25_
10:16:45,223.50,3,566,224.00_224.50_225.00_225.50_226.00_,38_22_25_21_20_,223.00_222.50_222.00_221.50_221.00_,19_21_21_6_24_
10:16:56,223.50,1,567,224.00_224.50_225.00_225.50_226.00_,38_22_25_21_20_,223.00_222.50_222.00_221.50_221.00_,18_21_21_6_24_
10:16:56,223.50,1,567,224.00_224.50_225.00_225.50_226.00_,38_22_25_21_20_,223.00_222.50_222.00_221.50_221.00_,18_21_21_6_24_
10:16:56,223.50,1,567,224.00_224.50_225.00_225.50_226.00_,38_22_25_21_20_,223.00_222.50_222.00_221.50_221.00_,18_21_21_6_24_
10:17:06,223.50,1,567,224.00_224.50_225.00_225.50_226.00_,38_22_25_21_20_,223.00_222.50_222.00_221.50_221.00_,24_15_22_6_24_
10:23:46,223.00,1,597,223.50_224.00_224.50_225.00_225.50_,16_44_16_25_12_,223.00_222.50_222.00_221.50_221.00_,10_18_22_7_25_
10:24:06,223.00,1,597,223.50_224.00_224.50_225.00_225.50_,17_44_16_25_12_,223.00_222.50_222.00_221.50_221.00_,12_18_22_7_25_
10:24:32,223.00,1,597,223.50_224.00_224.50_225.00_225.50_,17_44_16_25_12_,223.00_222.50_222.00_221.50_221.00_,14_18_22_7_25_
10:24:32,223.00,1,597,223.50_224.00_224.50_225.00_225.50_,17_44_16_25_12_,223.00_222.50_222.00_221.50_221.00_,14_18_22_7_25_
10:24:57,223.00,1,597,223.50_224.00_224.50_225.00_225.50_,17_44_16_26_12_,223.00_222.50_222.00_221.50_221.00_,14_18_22_7_25_
10:25:13,223.50,1,598,223.50_224.00_224.50_225.00_225.50_,16_44_16_26_12_,223.00_222.50_222.00_221.50_221.00_,13_18_22_7_25_
10:25:18,223.50,1,598,223.50_224.00_224.50_225.00_225.50_,16_44_16_26_12_,223.00_222.50_222.00_221.50_221.00_,14_18_22_7_25_
10:25:23,223.50,1,599,223.50_224.00_224.50_225.00_225.50_,15_44_16_26_12_,223.00_222.50_222.00_221.50_221.00_,13_18_22_7_25_
10:25:28,223.50,1,599,223.50_224.00_224.50_225.00_225.50_,15_44_16_26_12_,223.00_222.50_222.00_221.50_221.00_,14_18_21_7_25_
10:26:35,223.50,1,603,223.50_224.00_224.50_225.00_225.50_,6_38_22_26_12_,223.00_222.50_222.00_221.50_221.00_,21_18_21_7_25_
10:27:16,223.50,2,608,223.50_224.00_224.50_225.00_225.50_,1_38_22_27_12_,223.00_222.50_222.00_221.50_221.00_,21_18_21_7_25_
10:27:52,223.50,2,610,224.00_224.50_225.00_225.50_226.00_,39_23_27_20_20_,223.50_223.00_222.50_222.00_221.50_,1_22_18_21_7_
10:29:45,223.50,1,611,224.00_224.50_225.00_225.50_226.00_,39_17_33_20_20_,223.50_223.00_222.50_222.00_221.50_,13_18_13_21_7_
10:30:41,224.00,1,612,224.00_224.50_225.00_225.50_226.00_,39_17_33_20_20_,223.50_223.00_222.50_222.00_221.50_,14_18_13_21_7_
10:32:13,224.00,1,614,224.00_224.50_225.00_225.50_226.00_,48_17_32_20_20_,223.50_223.00_222.50_222.00_221.50_,20_18_13_21_7_
10:32:18,224.00,1,614,224.00_224.50_225.00_225.50_226.00_,48_16_32_20_20_,223.50_223.00_222.50_222.00_221.50_,21_18_13_21_7_
10:32:23,224.00,1,614,224.00_224.50_225.00_225.50_226.00_,48_16_32_20_20_,223.50_223.00_222.50_222.00_221.50_,22_18_13_21_7_
10:32:34,223.50,1,615,224.00_224.50_225.00_225.50_226.00_,48_16_32_20_20_,223.50_223.00_222.50_222.00_221.50_,23_18_13_21_7_
10:32:34,223.50,1,615,224.00_224.50_225.00_225.50_226.00_,48_16_32_20_20_,223.50_223.00_222.50_222.00_221.50_,23_18_13_21_7_
10:34:57,224.00,1,623,224.00_224.50_225.00_225.50_226.00_,43_17_32_20_21_,223.50_223.00_222.50_222.00_221.50_,25_19_13_23_8_
10:34:57,224.00,1,623,224.00_224.50_225.00_225.50_226.00_,43_17_32_20_21_,223.50_223.00_222.50_222.00_221.50_,25_19_13_23_8_
10:35:02,224.00,1,623,224.00_224.50_225.00_225.50_226.00_,43_17_32_19_21_,223.50_223.00_222.50_222.00_221.50_,25_19_13_23_8_
10:35:02,224.00,1,623,224.00_224.50_225.00_225.50_226.00_,43_17_32_19_21_,223.50_223.00_222.50_222.00_221.50_,25_19_13_23_8_
10:35:02,224.00,1,623,224.00_224.50_225.00_225.50_226.00_,43_17_32_19_21_,223.50_223.00_222.50_222.00_221.50_,25_19_13_23_8_
10:35:18,224.00,1,623,224.00_224.50_225.00_225.50_226.00_,43_17_32_19_21_,223.50_223.00_222.50_222.00_221.50_,26_19_13_23_8_
10:37:56,224.00,3,632,224.00_224.50_225.00_225.50_226.00_,39_17_33_19_20_,223.50_223.00_222.50_222.00_221.50_,27_19_13_23_8_
10:38:22,224.00,1,634,224.00_224.50_225.00_225.50_226.00_,37_17_34_19_20_,223.50_223.00_222.50_222.00_221.50_,27_18_13_23_8_
10:38:32,224.00,1,635,224.00_224.50_225.00_225.50_226.00_,36_17_34_19_20_,223.50_223.00_222.50_222.00_221.50_,26_18_13_23_8_
10:38:32,224.00,1,635,224.00_224.50_225.00_225.50_226.00_,36_17_34_19_20_,223.50_223.00_222.50_222.00_221.50_,26_18_13_23_8_
10:38:43,224.00,1,636,224.00_224.50_225.00_225.50_226.00_,35_17_34_19_20_,223.50_223.00_222.50_222.00_221.50_,25_18_13_23_8_
10:39:59,224.50,2,681,224.50_225.00_225.50_226.00_226.50_,15_36_25_28_4_,224.00_223.50_223.00_222.50_222.00_,31_19_12_15_24_
10:40:10,224.50,3,686,224.50_225.00_225.50_226.00_226.50_,10_36_25_28_4_,224.00_223.50_223.00_222.50_222.00_,32_19_12_15_24_
10:40:25,224.50,2,691,224.50_225.00_225.50_226.00_226.50_,4_30_31_28_4_,224.00_223.50_223.00_222.50_222.00_,33_18_12_15_24_
10:40:35,224.50,5,700,225.00_225.50_226.00_226.50_227.00_,29_31_28_4_9_,224.00_223.50_223.00_222.50_222.00_,32_18_12_15_24_
10:41:06,224.50,1,702,225.00_225.50_226.00_226.50_227.00_,25_18_26_4_10_,224.50_224.00_223.50_223.00_222.50_,12_25_12_14_16_
10:41:31,225.00,1,707,225.00_225.50_226.00_226.50_227.00_,20_19_27_4_10_,224.50_224.00_223.50_223.00_222.50_,16_24_12_14_14_
10:46:18,225.50,2,807,225.50_226.00_226.50_227.00_227.50_,2_26_20_17_7_,225.00_224.50_224.00_223.50_223.00_,3_7_5_8_18_
10:46:23,225.50,2,807,225.50_226.00_226.50_227.00_227.50_,4_27_19_17_7_,225.00_224.50_224.00_223.50_223.00_,3_7_5_8_18_
10:46:28,225.50,3,810,225.50_226.00_226.50_227.00_227.50_,1_27_19_17_7_,225.00_224.50_224.00_223.50_223.00_,3_7_5_8_18_
10:47:04,225.00,1,811,225.50_226.00_226.50_227.00_227.50_,6_27_19_17_4_,225.00_224.50_224.00_223.50_223.00_,4_6_6_9_19_
10:47:56,225.00,1,814,225.50_226.00_226.50_227.00_227.50_,6_28_19_17_4_,225.00_224.50_224.00_223.50_223.00_,2_6_6_9_20_
10:48:01,225.00,1,814,225.50_226.00_226.50_227.00_227.50_,7_28_19_17_4_,225.00_224.50_224.00_223.50_223.00_,2_6_6_9_20_
10:48:06,225.00,1,815,225.50_226.00_226.50_227.00_227.50_,7_28_19_17_4_,225.00_224.50_224.00_223.50_223.00_,1_6_6_9_20_
10:48:06,225.00,1,815,225.50_226.00_226.50_227.00_227.50_,7_28_19_17_4_,225.00_224.50_224.00_223.50_223.00_,1_6_6_9_20_
10:48:06,225.00,1,815,225.50_226.00_226.50_227.00_227.50_,7_28_19_17_4_,225.00_224.50_224.00_223.50_223.00_,1_6_6_9_20_
10:48:16,225.00,1,815,225.50_226.00_226.50_227.00_227.50_,7_28_19_17_4_,225.00_224.50_224.00_223.50_223.00_,2_6_6_9_20_
10:48:16,225.00,1,815,225.50_226.00_226.50_227.00_227.50_,7_28_19_17_4_,225.00_224.50_224.00_223.50_223.00_,2_6_6_9_20_
10:48:37,225.00,1,815,225.50_226.00_226.50_227.00_227.50_,7_28_19_17_4_,225.00_224.50_224.00_223.50_223.00_,3_6_6_9_20_
10:54:30,224.50,1,828,224.50_225.00_225.50_226.00_226.50_,7_21_8_19_14_,224.00_223.50_223.00_222.50_222.00_,9_14_21_4_21_
10:56:23,224.50,1,829,224.50_225.00_225.50_226.00_226.50_,41_21_7_19_14_,224.00_223.50_223.00_222.50_222.00_,15_15_20_4_21_
10:56:28,224.50,1,829,224.50_225.00_225.50_226.00_226.50_,41_21_7_19_14_,224.00_223.50_223.00_222.50_222.00_,16_15_20_3_22_
10:56:59,224.50,1,830,224.50_225.00_225.50_226.00_226.50_,41_21_7_19_14_,224.00_223.50_223.00_222.50_222.00_,15_15_20_3_22_
10:57:04,224.50,1,830,224.50_225.00_225.50_226.00_226.50_,41_22_7_19_14_,224.00_223.50_223.00_222.50_222.00_,16_15_20_3_22_
10:57:04,224.50,1,830,224.50_225.00_225.50_226.00_226.50_,41_22_7_19_14_,224.00_223.50_223.00_222.50_222.00_,16_15_20_3_22_
10:57:14,224.50,1,831,224.50_225.00_225.50_226.00_226.50_,40_22_7_19_14_,224.00_223.50_223.00_222.50_222.00_,15_15_20_3_22_
10:57:19,224.50,1,831,224.50_225.00_225.50_226.00_226.50_,40_23_7_19_14_,224.00_223.50_223.00_222.50_222.00_,15_15_20_3_22_
10:59:02,224.50,1,831,224.50_225.00_225.50_226.00_226.50_,41_23_7_21_14_,224.00_223.50_223.00_222.50_222.00_,17_15_15_3_22_
10:59:38,224.50,1,834,224.50_225.00_225.50_226.00_226.50_,39_23_8_21_14_,224.00_223.50_223.00_222.50_222.00_,15_15_15_3_22_
11:02:32,224.50,1,845,224.50_225.00_225.50_226.00_226.50_,38_25_10_23_14_,224.00_223.50_223.00_222.50_222.00_,17_15_15_2_22_
11:02:47,224.50,1,845,224.50_225.00_225.50_226.00_226.50_,38_25_10_23_14_,224.00_223.50_223.00_222.50_222.00_,18_15_15_2_22_
11:03:18,224.00,2,847,224.50_225.00_225.50_226.00_226.50_,39_25_10_23_14_,224.00_223.50_223.00_222.50_222.00_,16_15_15_3_21_
11:04:35,224.50,1,849,224.50_225.00_225.50_226.00_226.50_,38_25_10_24_14_,224.00_223.50_223.00_222.50_222.00_,15_15_15_2_23_
11:05:00,224.50,1,850,224.50_225.00_225.50_226.00_226.50_,37_25_10_24_14_,224.00_223.50_223.00_222.50_222.00_,16_15_15_2_23_
11:07:44,224.50,1,857,224.50_225.00_225.50_226.00_226.50_,31_26_9_24_14_,224.00_223.50_223.00_222.50_222.00_,20_15_14_2_23_
11:07:44,224.50,1,857,224.50_225.00_225.50_226.00_226.50_,31_26_9_24_14_,224.00_223.50_223.00_222.50_222.00_,20_15_14_2_23_
11:08:05,224.50,1,858,224.50_225.00_225.50_226.00_226.50_,30_26_9_24_14_,224.00_223.50_223.00_222.50_222.00_,19_15_14_2_23_
11:08:05,224.50,1,858,224.50_225.00_225.50_226.00_226.50_,30_26_9_24_14_,224.00_223.50_223.00_222.50_222.00_,19_15_14_2_23_
11:08:05,224.50,1,858,224.50_225.00_225.50_226.00_226.50_,30_26_9_24_14_,224.00_223.50_223.00_222.50_222.00_,19_15_14_2_23_
11:08:05,224.50,1,858,224.50_225.00_225.50_226.00_226.50_,30_26_9_24_14_,224.00_223.50_223.00_222.50_222.00_,19_15_14_2_23_
11:08:05,224.50,1,858,224.50_225.00_225.50_226.00_226.50_,30_26_9_24_14_,224.00_223.50_223.00_222.50_222.00_,19_15_14_2_23_
11:08:05,224.50,1,858,224.50_225.00_225.50_226.00_226.50_,30_26_9_24_14_,224.00_223.50_223.00_222.50_222.00_,19_15_14_2_23_
11:08:05,224.50,1,858,224.50_225.00_225.50_226.00_226.50_,30_26_9_24_14_,224.00_223.50_223.00_222.50_222.00_,19_15_14_2_23_
11:08:05,224.50,1,858,224.50_225.00_225.50_226.00_226.50_,30_26_9_24_14_,224.00_223.50_223.00_222.50_222.00_,19_15_14_2_23_
11:08:51,224.50,1,859,224.50_225.00_225.50_226.00_226.50_,29_26_9_24_14_,224.00_223.50_223.00_222.50_222.00_,19_15_14_2_23_
11:09:42,224.00,1,861,224.50_225.00_225.50_226.00_226.50_,33_26_9_24_14_,224.00_223.50_223.00_222.50_222.00_,20_15_14_3_22_
11:09:53,224.00,1,861,224.50_225.00_225.50_226.00_226.50_,34_26_10_25_14_,224.00_223.50_223.00_222.50_222.00_,20_15_14_3_22_
11:12:21,224.00,5,878,224.50_225.00_225.50_226.00_226.50_,28_26_10_25_14_,224.00_223.50_223.00_222.50_222.00_,10_15_14_3_22_
11:13:38,224.00,9,888,224.00_224.50_225.00_225.50_226.00_,25_19_10_5_22_,223.50_223.00_222.50_222.00_221.50_,16_17_2_24_9_
11:13:49,224.00,9,888,224.00_224.50_225.00_225.50_226.00_,26_18_10_5_22_,223.50_223.00_222.50_222.00_221.50_,15_17_2_24_9_
11:13:49,224.00,9,888,224.00_224.50_225.00_225.50_226.00_,26_18_10_5_22_,223.50_223.00_222.50_222.00_221.50_,15_17_2_24_9_
11:14:04,224.00,9,888,224.00_224.50_225.00_225.50_226.00_,24_18_10_5_22_,223.50_223.00_222.50_222.00_221.50_,15_17_2_24_9_
11:14:19,224.00,9,888,224.00_224.50_225.00_225.50_226.00_,25_18_10_5_22_,223.50_223.00_222.50_222.00_221.50_,16_17_2_24_9_
11:14:45,224.00,9,888,224.00_224.50_225.00_225.50_226.00_,25_18_10_5_22_,223.50_223.00_222.50_222.00_221.50_,17_17_2_24_9_
11:14:50,224.00,9,888,224.00_224.50_225.00_225.50_226.00_,25_17_10_5_22_,223.50_223.00_222.50_222.00_221.50_,17_17_2_24_9_
11:15:41,224.00,9,888,224.00_224.50_225.00_225.50_226.00_,26_17_10_5_22_,223.50_223.00_222.50_222.00_221.50_,19_17_2_25_9_
11:15:41,224.00,9,888,224.00_224.50_225.00_225.50_226.00_,26_17_10_5_22_,223.50_223.00_222.50_222.00_221.50_,19_17_2_25_9_
11:15:41,224.00,9,888,224.00_224.50_225.00_225.50_226.00_,26_17_10_5_22_,223.50_223.00_222.50_222.00_221.50_,19_17_2_25_9_
11:15:41,224.00,9,888,224.00_224.50_225.00_225.50_226.00_,26_17_10_5_22_,223.50_223.00_222.50_222.00_221.50_,19_17_2_25_9_
11:15:41,224.00,9,888,224.00_224.50_225.00_225.50_226.00_,26_17_10_5_22_,223.50_223.00_222.50_222.00_221.50_,19_17_2_25_9_
11:16:07,224.00,9,888,224.00_224.50_225.00_225.50_226.00_,25_17_10_5_22_,223.50_223.00_222.50_222.00_221.50_,19_17_2_25_9_
11:19:12,224.00,1,898,224.00_224.50_225.00_225.50_226.00_,22_17_10_5_21_,223.50_223.00_222.50_222.00_221.50_,19_19_2_25_9_
11:19:12,224.00,1,898,224.00_224.50_225.00_225.50_226.00_,22_17_10_5_21_,223.50_223.00_222.50_222.00_221.50_,19_19_2_25_9_
11:19:12,224.00,1,898,224.00_224.50_225.00_225.50_226.00_,22_17_10_5_21_,223.50_223.00_222.50_222.00_221.50_,19_19_2_25_9_
11:19:12,224.00,1,898,224.00_224.50_225.00_225.50_226.00_,22_17_10_5_21_,223.50_223.00_222.50_222.00_221.50_,19_19_2_25_9_
11:19:48,224.00,1,898,224.00_224.50_225.00_225.50_226.00_,22_17_10_5_21_,223.50_223.00_222.50_222.00_221.50_,20_19_12_25_9_
11:25:26,224.00,2,918,224.00_224.50_225.00_225.50_226.00_,19_17_13_4_20_,223.50_223.00_222.50_222.00_221.50_,22_18_12_26_9_
11:25:56,224.00,2,918,224.00_224.50_225.00_225.50_226.00_,19_17_13_4_20_,223.50_223.00_222.50_222.00_221.50_,22_18_12_27_8_
11:26:12,224.00,2,918,224.00_224.50_225.00_225.50_226.00_,19_17_13_4_20_,223.50_223.00_222.50_222.00_221.50_,22_19_12_27_8_
11:28:30,224.00,3,928,224.00_224.50_225.00_225.50_226.00_,15_17_14_4_20_,223.50_223.00_222.50_222.00_221.50_,21_19_13_27_8_
11:28:30,224.00,3,928,224.00_224.50_225.00_225.50_226.00_,15_17_14_4_20_,223.50_223.00_222.50_222.00_221.50_,21_19_13_27_8_
11:28:30,224.00,3,928,224.00_224.50_225.00_225.50_226.00_,15_17_14_4_20_,223.50_223.00_222.50_222.00_221.50_,21_19_13_27_8_
11:31:55,224.00,2,946,224.00_224.50_225.00_225.50_226.00_,5_11_21_8_20_,223.50_223.00_222.50_222.00_221.50_,21_20_13_27_8_
11:32:16,224.00,1,947,224.00_224.50_225.00_225.50_226.00_,6_11_21_8_20_,223.50_223.00_222.50_222.00_221.50_,21_19_13_27_8_
11:32:26,224.00,1,948,224.00_224.50_225.00_225.50_226.00_,5_11_21_8_20_,223.50_223.00_222.50_222.00_221.50_,21_19_13_27_8_
11:32:31,224.00,1,948,224.00_224.50_225.00_225.50_226.00_,5_11_21_8_20_,223.50_223.00_222.50_222.00_221.50_,22_19_13_26_8_
11:35:15,224.00,2,964,224.50_225.00_225.50_226.00_226.50_,9_17_12_23_14_,224.00_223.50_223.00_222.50_222.00_,18_10_13_15_26_
11:37:24,224.50,1,970,224.50_225.00_225.50_226.00_226.50_,10_22_13_24_15_,224.00_223.50_223.00_222.50_222.00_,18_10_12_15_26_
11:39:22,224.50,1,977,224.50_225.00_225.50_226.00_226.50_,9_22_13_25_15_,224.00_223.50_223.00_222.50_222.00_,17_11_14_15_26_
11:41:19,224.50,1,981,224.50_225.00_225.50_226.00_226.50_,5_23_13_26_15_,224.00_223.50_223.00_222.50_222.00_,17_11_14_15_26_
11:42:21,224.50,1,983,224.50_225.00_225.50_226.00_226.50_,9_22_13_24_13_,224.00_223.50_223.00_222.50_222.00_,15_11_14_15_26_
11:42:26,224.50,1,983,224.50_225.00_225.50_226.00_226.50_,9_22_13_24_13_,224.00_223.50_223.00_222.50_222.00_,16_11_14_15_26_
11:43:33,224.50,2,989,224.50_225.00_225.50_226.00_226.50_,4_24_14_25_13_,224.00_223.50_223.00_222.50_222.00_,15_11_14_15_26_
11:43:43,224.50,1,990,224.50_225.00_225.50_226.00_226.50_,3_24_14_25_13_,224.00_223.50_223.00_222.50_222.00_,16_11_14_15_26_
11:43:48,224.50,1,990,224.50_225.00_225.50_226.00_226.50_,4_24_14_25_13_,224.00_223.50_223.00_222.50_222.00_,16_11_14_15_26_
11:43:48,224.50,1,990,224.50_225.00_225.50_226.00_226.50_,4_24_14_25_13_,224.00_223.50_223.00_222.50_222.00_,16_11_14_15_26_
11:43:48,224.50,1,990,224.50_225.00_225.50_226.00_226.50_,4_24_14_25_13_,224.00_223.50_223.00_222.50_222.00_,16_11_14_15_26_
11:44:24,224.50,1,991,224.50_225.00_225.50_226.00_226.50_,3_24_14_25_13_,224.00_223.50_223.00_222.50_222.00_,16_11_14_15_26_
11:44:29,224.50,1,991,224.50_225.00_225.50_226.00_226.50_,5_24_14_25_13_,224.00_223.50_223.00_222.50_222.00_,17_11_14_15_26_
11:45:10,224.50,1,992,224.50_225.00_225.50_226.00_226.50_,5_24_14_25_13_,224.00_223.50_223.00_222.50_222.00_,17_11_14_15_26_
11:46:47,224.50,1,1000,225.00_225.50_226.00_226.50_227.00_,15_19_30_15_16_,224.50_224.00_223.50_223.00_222.50_,11_3_13_19_15_
11:47:54,225.00,1,1006,225.00_225.50_226.00_226.50_227.00_,12_18_30_15_16_,224.50_224.00_223.50_223.00_222.50_,13_8_7_18_14_
11:47:54,225.00,1,1006,225.00_225.50_226.00_226.50_227.00_,12_18_30_15_16_,224.50_224.00_223.50_223.00_222.50_,13_8_7_18_14_
11:48:09,225.00,1,1006,225.00_225.50_226.00_226.50_227.00_,12_18_31_15_16_,224.50_224.00_223.50_223.00_222.50_,13_8_7_18_14_
11:48:20,225.00,2,1008,225.00_225.50_226.00_226.50_227.00_,10_18_32_15_16_,224.50_224.00_223.50_223.00_222.50_,13_8_7_18_14_
11:48:35,225.00,1,1009,225.00_225.50_226.00_226.50_227.00_,9_18_32_15_16_,224.50_224.00_223.50_223.00_222.50_,12_8_7_18_14_
11:49:11,225.00,1,1012,225.00_225.50_226.00_226.50_227.00_,6_12_38_15_16_,224.50_224.00_223.50_223.00_222.50_,12_8_7_18_14_
11:49:47,225.00,1,1012,225.00_225.50_226.00_226.50_227.00_,7_11_38_15_16_,224.50_224.00_223.50_223.00_222.50_,13_8_7_19_14_
11:49:47,225.00,1,1012,225.00_225.50_226.00_226.50_227.00_,7_11_38_15_16_,224.50_224.00_223.50_223.00_222.50_,13_8_7_19_14_
11:49:57,225.00,1,1013,225.00_225.50_226.00_226.50_227.00_,6_11_38_15_16_,224.50_224.00_223.50_223.00_222.50_,14_8_7_19_14_
11:49:57,225.00,1,1013,225.00_225.50_226.00_226.50_227.00_,6_11_38_15_16_,224.50_224.00_223.50_223.00_222.50_,14_8_7_19_14_
11:50:12,225.00,1,1014,225.00_225.50_226.00_226.50_227.00_,7_11_38_15_16_,224.50_224.00_223.50_223.00_222.50_,14_8_7_19_14_
11:50:12,225.00,1,1014,225.00_225.50_226.00_226.50_227.00_,7_11_38_15_16_,224.50_224.00_223.50_223.00_222.50_,14_8_7_19_14_
11:50:12,225.00,1,1014,225.00_225.50_226.00_226.50_227.00_,7_11_38_15_16_,224.50_224.00_223.50_223.00_222.50_,14_8_7_19_14_
11:50:38,225.00,1,1014,225.00_225.50_226.00_226.50_227.00_,8_18_32_15_16_,224.50_224.00_223.50_223.00_222.50_,15_8_7_19_14_
11:51:04,225.00,1,1014,225.00_225.50_226.00_226.50_227.00_,14_16_31_15_16_,224.50_224.00_223.50_223.00_222.50_,16_8_7_19_14_
11:51:55,225.00,2,1017,225.00_225.50_226.00_226.50_227.00_,13_16_31_15_16_,224.50_224.00_223.50_223.00_222.50_,17_8_7_19_14_
11:52:05,225.00,3,1020,225.00_225.50_226.00_226.50_227.00_,10_16_31_15_16_,224.50_224.00_223.50_223.00_222.50_,15_8_7_19_14_
11:52:05,225.00,3,1020,225.00_225.50_226.00_226.50_227.00_,10_16_31_15_16_,224.50_224.00_223.50_223.00_222.50_,15_8_7_19_14_
11:52:05,225.00,3,1020,225.00_225.50_226.00_226.50_227.00_,10_16_31_15_16_,224.50_224.00_223.50_223.00_222.50_,15_8_7_19_14_
11:52:25,225.00,3,1020,225.00_225.50_226.00_226.50_227.00_,10_19_31_15_16_,224.50_224.00_223.50_223.00_222.50_,15_8_7_19_14_
11:53:37,225.00,1,1023,225.00_225.50_226.00_226.50_227.00_,8_18_31_15_16_,224.50_224.00_223.50_223.00_222.50_,14_8_7_19_14_
11:58:19,225.00,1,1044,225.50_226.00_226.50_227.00_227.50_,14_31_22_18_4_,225.00_224.50_224.00_223.50_223.00_,20_7_2_7_21_
11:58:45,225.50,1,1045,225.50_226.00_226.50_227.00_227.50_,13_31_22_18_4_,225.00_224.50_224.00_223.50_223.00_,20_7_2_7_21_
11:59:21,225.50,1,1047,225.50_226.00_226.50_227.00_227.50_,20_30_22_18_4_,225.00_224.50_224.00_223.50_223.00_,19_7_2_7_21_
11:59:31,225.50,1,1048,225.50_226.00_226.50_227.00_227.50_,22_30_22_19_4_,225.00_224.50_224.00_223.50_223.00_,19_6_2_7_21_
12:00:07,225.00,1,1051,225.50_226.00_226.50_227.00_227.50_,26_30_22_19_4_,225.00_224.50_224.00_223.50_223.00_,19_6_2_7_21_
12:03:06,224.00,5,1078,224.50_225.00_225.50_226.00_226.50_,4_29_23_20_11_,224.00_223.50_223.00_222.50_222.00_,1_13_17_12_25_
12:03:16,224.00,1,1079,224.50_225.00_225.50_226.00_226.50_,3_27_26_19_11_,224.00_223.50_223.00_222.50_222.00_,2_11_17_13_24_
12:03:26,224.00,1,1079,224.50_225.00_225.50_226.00_226.50_,3_27_27_18_11_,224.00_223.50_223.00_222.50_222.00_,3_10_17_13_24_
12:03:26,224.00,1,1079,224.50_225.00_225.50_226.00_226.50_,3_27_27_18_11_,224.00_223.50_223.00_222.50_222.00_,3_10_17_13_24_
12:03:42,224.00,1,1079,224.50_225.00_225.50_226.00_226.50_,3_28_29_18_11_,224.00_223.50_223.00_222.50_222.00_,4_10_17_13_24_
12:03:42,224.00,1,1079,224.50_225.00_225.50_226.00_226.50_,3_28_29_18_11_,224.00_223.50_223.00_222.50_222.00_,4_10_17_13_24_
12:03:42,224.00,1,1079,224.50_225.00_225.50_226.00_226.50_,3_28_29_18_11_,224.00_223.50_223.00_222.50_222.00_,4_10_17_13_24_
12:03:52,224.00,1,1079,224.50_225.00_225.50_226.00_226.50_,5_28_29_18_11_,224.00_223.50_223.00_222.50_222.00_,4_10_17_13_24_
12:03:57,224.00,1,1079,224.50_225.00_225.50_226.00_226.50_,6_27_29_18_11_,224.00_223.50_223.00_222.50_222.00_,4_10_17_13_24_
12:03:57,224.00,1,1079,224.50_225.00_225.50_226.00_226.50_,6_27_29_18_11_,224.00_223.50_223.00_222.50_222.00_,4_10_17_13_24_
12:04:07,224.00,4,1083,224.50_225.00_225.50_226.00_226.50_,7_27_29_18_11_,223.50_223.00_222.50_222.00_221.50_,10_17_13_24_7_
12:04:12,224.00,4,1083,224.00_224.50_225.00_225.50_226.00_,2_8_32_25_18_,223.50_223.00_222.50_222.00_221.50_,11_17_12_25_7_
12:04:17,224.00,4,1083,224.00_224.50_225.00_225.50_226.00_,3_11_30_25_17_,223.50_223.00_222.50_222.00_221.50_,5_23_12_24_8_
12:04:17,224.00,4,1083,224.00_224.50_225.00_225.50_226.00_,3_11_30_25_17_,223.50_223.00_222.50_222.00_221.50_,5_23_12_24_8_
12:06:20,223.50,1,1090,224.00_224.50_225.00_225.50_226.00_,10_9_30_25_18_,223.50_223.00_222.50_222.00_221.50_,11_23_13_23_8_
12:09:25,224.00,1,1094,224.00_224.50_225.00_225.50_226.00_,10_10_27_17_16_,223.50_223.00_222.50_222.00_221.50_,12_22_13_23_8_
12:10:11,224.00,1,1096,224.00_224.50_225.00_225.50_226.00_,9_18_22_17_16_,223.50_223.00_222.50_222.00_221.50_,12_22_13_23_8_
12:10:37,224.00,1,1097,224.00_224.50_225.00_225.50_226.00_,9_18_23_17_16_,223.50_223.00_222.50_222.00_221.50_,12_22_13_23_8_
12:15:39,224.00,1,1116,224.00_224.50_225.00_225.50_226.00_,13_17_26_15_17_,223.50_223.00_222.50_222.00_221.50_,13_22_13_23_8_
12:15:44,224.00,1,1116,224.00_224.50_225.00_225.50_226.00_,13_17_27_15_17_,223.50_223.00_222.50_222.00_221.50_,14_22_13_23_8_
12:15:44,224.00,1,1116,224.00_224.50_225.00_225.50_226.00_,13_17_27_15_17_,223.50_223.00_222.50_222.00_221.50_,14_22_13_23_8_
12:15:44,224.00,1,1116,224.00_224.50_225.00_225.50_226.00_,13_17_27_15_17_,223.50_223.00_222.50_222.00_221.50_,14_22_13_23_8_
12:15:44,224.00,1,1116,224.00_224.50_225.00_225.50_226.00_,13_17_27_15_17_,223.50_223.00_222.50_222.00_221.50_,14_22_13_23_8_
12:15:44,224.00,1,1116,224.00_224.50_225.00_225.50_226.00_,13_17_27_15_17_,223.50_223.00_222.50_222.00_221.50_,14_22_13_23_8_
12:17:12,224.00,1,1118,224.00_224.50_225.00_225.50_226.00_,15_17_27_15_17_,223.50_223.00_222.50_222.00_221.50_,17_22_13_24_8_
12:17:12,224.00,1,1118,224.00_224.50_225.00_225.50_226.00_,15_17_27_15_17_,223.50_223.00_222.50_222.00_221.50_,17_22_13_24_8_
12:17:12,224.00,1,1118,224.00_224.50_225.00_225.50_226.00_,15_17_27_15_17_,223.50_223.00_222.50_222.00_221.50_,17_22_13_24_8_
12:17:12,224.00,1,1118,224.00_224.50_225.00_225.50_226.00_,15_17_27_15_17_,223.50_223.00_222.50_222.00_221.50_,17_22_13_24_8_
12:17:32,224.00,1,1119,224.00_224.50_225.00_225.50_226.00_,14_17_27_15_17_,223.50_223.00_222.50_222.00_221.50_,16_22_13_24_8_
12:18:18,224.00,1,1122,224.00_224.50_225.00_225.50_226.00_,10_17_28_15_17_,223.50_223.00_222.50_222.00_221.50_,18_22_13_24_8_
12:20:21,224.50,1,1133,224.50_225.00_225.50_226.00_226.50_,18_30_20_18_11_,224.00_223.50_223.00_222.50_222.00_,14_9_16_12_24_
12:20:21,224.50,1,1133,224.50_225.00_225.50_226.00_226.50_,18_30_20_18_11_,224.00_223.50_223.00_222.50_222.00_,14_9_16_12_24_
12:21:38,224.00,1,1151,224.00_224.50_225.00_225.50_226.00_,2_16_30_20_18_,223.50_223.00_222.50_222.00_221.50_,5_22_12_23_7_
12:21:43,224.00,1,1151,224.00_224.50_225.00_225.50_226.00_,3_16_33_15_18_,223.50_223.00_222.50_222.00_221.50_,7_22_11_23_8_
12:21:48,224.00,1,1151,224.00_224.50_225.00_225.50_226.00_,5_16_32_15_17_,223.50_223.00_222.50_222.00_221.50_,7_22_11_23_8_
12:21:53,224.00,1,1151,224.00_224.50_225.00_225.50_226.00_,6_22_26_15_17_,223.50_223.00_222.50_222.00_221.50_,7_22_11_23_8_
12:23:21,223.50,8,1160,223.50_224.00_224.50_225.00_225.50_,2_7_15_22_16_,223.00_222.50_222.00_221.50_221.00_,25_16_17_10_23_
12:25:03,223.50,6,1166,223.50_224.00_224.50_225.00_225.50_,10_7_14_22_13_,223.00_222.50_222.00_221.50_221.00_,30_22_16_8_27_
12:25:13,223.50,6,1166,223.50_224.00_224.50_225.00_225.50_,11_7_14_21_14_,223.00_222.50_222.00_221.50_221.00_,30_22_16_8_27_
12:25:13,223.50,6,1166,223.50_224.00_224.50_225.00_225.50_,11_7_14_21_14_,223.00_222.50_222.00_221.50_221.00_,30_22_16_8_27_
12:25:13,223.50,6,1166,223.50_224.00_224.50_225.00_225.50_,11_7_14_21_14_,223.00_222.50_222.00_221.50_221.00_,30_22_16_8_27_
12:25:44,223.50,6,1166,223.50_224.00_224.50_225.00_225.50_,11_7_14_21_14_,223.00_222.50_222.00_221.50_221.00_,32_22_17_8_27_
12:25:44,223.50,6,1166,223.50_224.00_224.50_225.00_225.50_,11_7_14_21_14_,223.00_222.50_222.00_221.50_221.00_,32_22_17_8_27_
12:25:44,223.50,6,1166,223.50_224.00_224.50_225.00_225.50_,11_7_14_21_14_,223.00_222.50_222.00_221.50_221.00_,32_22_17_8_27_
12:26:20,223.50,1,1169,223.50_224.00_224.50_225.00_225.50_,10_7_14_21_14_,223.00_222.50_222.00_221.50_221.00_,31_22_17_8_27_
12:26:30,223.50,1,1169,223.50_224.00_224.50_225.00_225.50_,10_7_14_21_14_,223.00_222.50_222.00_221.50_221.00_,32_22_17_8_27_
12:26:46,223.50,1,1170,223.50_224.00_224.50_225.00_225.50_,9_7_14_21_14_,223.00_222.50_222.00_221.50_221.00_,31_22_17_10_27_
12:26:56,223.50,2,1172,223.50_224.00_224.50_225.00_225.50_,7_7_14_21_14_,223.00_222.50_222.00_221.50_221.00_,30_22_17_10_27_
12:27:11,223.50,1,1174,223.50_224.00_224.50_225.00_225.50_,6_7_14_21_14_,223.00_222.50_222.00_221.50_221.00_,28_22_17_10_27_
12:27:27,223.50,2,1176,223.50_224.00_224.50_225.00_225.50_,6_7_14_21_14_,223.00_222.50_222.00_221.50_221.00_,27_22_17_10_27_
12:27:47,223.50,1,1177,223.50_224.00_224.50_225.00_225.50_,6_7_14_21_14_,223.00_222.50_222.00_221.50_221.00_,26_22_17_10_27_
12:28:18,223.50,1,1178,223.50_224.00_224.50_225.00_225.50_,5_7_14_21_14_,223.00_222.50_222.00_221.50_221.00_,27_22_17_10_27_
12:29:35,224.00,1,1183,223.50_224.00_224.50_225.00_225.50_,1_4_13_20_15_,223.00_222.50_222.00_221.50_221.00_,32_16_17_12_24_
12:30:42,223.50,1,1185,224.00_224.50_225.00_225.50_226.00_,5_13_25_14_19_,223.50_223.00_222.50_222.00_221.50_,4_27_17_18_11_
12:31:12,224.00,1,1187,224.00_224.50_225.00_225.50_226.00_,5_14_25_14_24_,223.50_223.00_222.50_222.00_221.50_,4_27_17_18_11_
12:31:17,224.00,1,1187,224.00_224.50_225.00_225.50_226.00_,5_14_26_14_23_,223.50_223.00_222.50_222.00_221.50_,4_27_17_18_11_
12:31:22,224.00,1,1187,224.00_224.50_225.00_225.50_226.00_,5_14_26_14_23_,223.50_223.00_222.50_222.00_221.50_,5_27_17_18_11_
12:31:28,224.00,1,1187,224.00_224.50_225.00_225.50_226.00_,5_14_26_15_23_,223.50_223.00_222.50_222.00_221.50_,5_27_17_18_11_
12:31:33,224.00,1,1187,224.00_224.50_225.00_225.50_226.00_,5_14_26_15_23_,223.50_223.00_222.50_222.00_221.50_,5_27_17_19_11_
12:32:14,224.00,1,1188,224.00_224.50_225.00_225.50_226.00_,5_14_26_15_23_,223.50_223.00_222.50_222.00_221.50_,5_27_17_19_11_
12:32:24,224.00,1,1188,224.00_224.50_225.00_225.50_226.00_,5_14_26_15_23_,223.50_223.00_222.50_222.00_221.50_,5_27_18_19_11_
12:33:25,224.00,1,1189,224.00_224.50_225.00_225.50_226.00_,8_14_26_17_25_,223.50_223.00_222.50_222.00_221.50_,6_27_17_20_12_
12:33:46,224.00,1,1190,224.00_224.50_225.00_225.50_226.00_,7_14_25_17_25_,223.50_223.00_222.50_222.00_221.50_,5_27_17_20_12_
12:38:59,224.00,1,1197,224.00_224.50_225.00_225.50_226.00_,11_15_28_18_24_,223.50_223.00_222.50_222.00_221.50_,9_28_17_20_10_
12:39:29,224.00,1,1198,224.00_224.50_225.00_225.50_226.00_,10_15_28_18_24_,223.50_223.00_222.50_222.00_221.50_,10_28_17_20_10_
12:40:52,223.50,1,1201,224.00_224.50_225.00_225.50_226.00_,9_15_28_18_25_,223.50_223.00_222.50_222.00_221.50_,9_27_17_20_10_
12:40:52,223.50,1,1201,224.00_224.50_225.00_225.50_226.00_,9_15_28_18_25_,223.50_223.00_222.50_222.00_221.50_,9_27_17_20_10_
12:41:12,223.50,1,1201,224.00_224.50_225.00_225.50_226.00_,11_15_28_18_23_,223.50_223.00_222.50_222.00_221.50_,9_27_17_20_10_
12:41:12,223.50,1,1201,224.00_224.50_225.00_225.50_226.00_,11_15_28_18_23_,223.50_223.00_222.50_222.00_221.50_,9_27_17_20_10_
12:41:17,223.50,2,1203,224.00_224.50_225.00_225.50_226.00_,11_15_28_18_24_,223.50_223.00_222.50_222.00_221.50_,7_27_17_20_10_
12:41:22,223.50,2,1203,224.00_224.50_225.00_225.50_226.00_,11_15_28_18_24_,223.50_223.00_222.50_222.00_221.50_,8_27_17_20_10_
12:41:22,223.50,2,1203,224.00_224.50_225.00_225.50_226.00_,11_15_28_18_24_,223.50_223.00_222.50_222.00_221.50_,8_27_17_20_10_
12:41:38,223.50,2,1203,224.00_224.50_225.00_225.50_226.00_,11_15_28_18_24_,223.50_223.00_222.50_222.00_221.50_,10_27_17_20_10_
12:42:19,224.00,1,1204,224.00_224.50_225.00_225.50_226.00_,6_15_27_18_24_,223.50_223.00_222.50_222.00_221.50_,11_28_17_20_10_
12:42:19,224.00,1,1204,224.00_224.50_225.00_225.50_226.00_,6_15_27_18_24_,223.50_223.00_222.50_222.00_221.50_,11_28_17_20_10_
12:42:19,224.00,1,1204,224.00_224.50_225.00_225.50_226.00_,6_15_27_18_24_,223.50_223.00_222.50_222.00_221.50_,11_28_17_20_10_
12:43:05,224.00,1,1204,224.00_224.50_225.00_225.50_226.00_,7_15_27_18_24_,223.50_223.00_222.50_222.00_221.50_,11_29_17_20_10_
12:43:05,224.00,1,1204,224.00_224.50_225.00_225.50_226.00_,7_15_27_18_24_,223.50_223.00_222.50_222.00_221.50_,11_29_17_20_10_
12:44:16,224.00,1,1210,224.00_224.50_225.00_225.50_226.00_,4_14_27_18_24_,223.50_223.00_222.50_222.00_221.50_,9_29_17_20_10_
12:45:08,224.00,1,1211,224.00_224.50_225.00_225.50_226.00_,3_14_27_18_24_,223.50_223.00_222.50_222.00_221.50_,9_29_17_20_10_
12:45:28,224.00,1,1214,224.50_225.00_225.50_226.00_226.50_,13_27_18_24_11_,223.50_223.00_222.50_222.00_221.50_,9_29_17_21_8_
12:45:59,224.00,1,1214,224.00_224.50_225.00_225.50_226.00_,9_14_19_18_25_,223.50_223.00_222.50_222.00_221.50_,10_29_17_20_9_
12:46:30,224.00,1,1214,224.00_224.50_225.00_225.50_226.00_,10_14_19_18_25_,223.50_223.00_222.50_222.00_221.50_,11_29_17_20_9_
12:46:35,224.00,1,1214,224.00_224.50_225.00_225.50_226.00_,10_14_19_18_24_,223.50_223.00_222.50_222.00_221.50_,11_29_17_20_9_
12:48:18,224.00,1,1215,224.00_224.50_225.00_225.50_226.00_,15_14_19_18_24_,223.50_223.00_222.50_222.00_221.50_,12_29_17_22_9_
12:48:28,223.50,1,1216,224.00_224.50_225.00_225.50_226.00_,20_14_19_18_24_,223.50_223.00_222.50_222.00_221.50_,11_29_17_22_9_
12:51:22,223.50,1,1230,223.50_224.00_224.50_225.00_225.50_,13_16_16_13_18_,223.00_222.50_222.00_221.50_221.00_,27_23_20_10_24_
12:51:38,223.00,1,1231,223.50_224.00_224.50_225.00_225.50_,13_16_16_13_18_,223.00_222.50_222.00_221.50_221.00_,26_23_20_10_24_
12:53:20,223.50,2,1235,223.50_224.00_224.50_225.00_225.50_,13_22_10_13_18_,223.00_222.50_222.00_221.50_221.00_,27_23_20_10_24_
12:53:35,223.00,1,1236,223.50_224.00_224.50_225.00_225.50_,13_22_10_13_18_,223.00_222.50_222.00_221.50_221.00_,26_24_20_10_24_
12:53:41,223.00,1,1236,223.50_224.00_224.50_225.00_225.50_,13_22_11_13_18_,223.00_222.50_222.00_221.50_221.00_,26_24_20_10_24_
12:53:46,223.00,1,1236,223.50_224.00_224.50_225.00_225.50_,13_22_11_13_18_,223.00_222.50_222.00_221.50_221.00_,25_24_20_10_24_
12:53:46,223.00,1,1236,223.50_224.00_224.50_225.00_225.50_,13_22_11_13_18_,223.00_222.50_222.00_221.50_221.00_,25_24_20_10_24_
12:53:46,223.00,1,1236,223.50_224.00_224.50_225.00_225.50_,13_22_11_13_18_,223.00_222.50_222.00_221.50_221.00_,25_24_20_10_24_
12:53:46,223.00,1,1236,223.50_224.00_224.50_225.00_225.50_,13_22_11_13_18_,223.00_222.50_222.00_221.50_221.00_,25_24_20_10_24_
12:53:46,223.00,1,1236,223.50_224.00_224.50_225.00_225.50_,13_22_11_13_18_,223.00_222.50_222.00_221.50_221.00_,25_24_20_10_24_
12:53:46,223.00,1,1236,223.50_224.00_224.50_225.00_225.50_,13_22_11_13_18_,223.00_222.50_222.00_221.50_221.00_,25_24_20_10_24_
12:54:11,223.00,1,1237,223.50_224.00_224.50_225.00_225.50_,13_22_11_13_18_,223.00_222.50_222.00_221.50_221.00_,24_24_20_10_24_
12:54:27,223.00,1,1237,223.50_224.00_224.50_225.00_225.50_,14_22_11_13_19_,223.00_222.50_222.00_221.50_221.00_,25_24_20_10_24_
12:54:27,223.00,1,1237,223.50_224.00_224.50_225.00_225.50_,14_22_11_13_19_,223.00_222.50_222.00_221.50_221.00_,25_24_20_10_24_
12:55:08,223.00,3,1240,223.50_224.00_224.50_225.00_225.50_,15_19_11_13_19_,223.00_222.50_222.00_221.50_221.00_,22_24_20_10_24_
12:55:13,223.00,2,1242,223.50_224.00_224.50_225.00_225.50_,15_19_11_13_19_,223.00_222.50_222.00_221.50_221.00_,20_24_20_10_24_
12:55:33,223.50,1,1243,223.50_224.00_224.50_225.00_225.50_,14_19_11_14_19_,223.00_222.50_222.00_221.50_221.00_,21_24_20_10_25_
12:55:38,223.50,1,1243,223.50_224.00_224.50_225.00_225.50_,15_19_11_14_19_,223.00_222.50_222.00_221.50_221.00_,21_24_20_10_25_
12:56:20,223.50,1,1244,223.50_224.00_224.50_225.00_225.50_,10_19_11_14_20_,223.00_222.50_222.00_221.50_221.00_,28_24_21_10_25_
12:57:01,223.50,2,1249,223.50_224.00_224.50_225.00_225.50_,7_19_11_14_20_,223.00_222.50_222.00_221.50_221.00_,28_23_20_10_25_
12:57:21,223.50,1,1250,223.50_224.00_224.50_225.00_225.50_,6_19_11_14_20_,223.00_222.50_222.00_221.50_221.00_,28_23_20_10_25_
12:57:21,223.50,1,1250,223.50_224.00_224.50_225.00_225.50_,6_19_11_14_20_,223.00_222.50_222.00_221.50_221.00_,28_23_20_10_25_
12:57:52,223.50,1,1250,223.50_224.00_224.50_225.00_225.50_,6_19_11_14_20_,223.00_222.50_222.00_221.50_221.00_,30_23_20_10_25_
12:58:12,223.50,1,1250,223.50_224.00_224.50_225.00_225.50_,5_12_16_14_20_,223.00_222.50_222.00_221.50_221.00_,31_23_20_10_25_
