09:00:08,48.90,18,18,49.00_49.40_49.50_49.60_49.70_,1_1_40_4_1_,48.80_48.75_48.70_48.50_48.10_,14_11_2_3_4_
09:00:24,48.90,18,18,49.00_49.20_49.40_49.50_49.60_,1_1_1_40_4_,48.85_48.80_48.75_48.70_48.50_,2_17_11_2_3_
09:01:30,49.00,1,19,49.40_49.45_49.50_49.55_49.60_,2_13_40_3_5_,49.10_49.05_49.00_48.85_48.80_,3_4_2_25_17_
09:02:01,49.00,1,19,49.40_49.45_49.50_49.55_49.60_,2_13_40_3_5_,49.10_49.05_49.00_48.90_48.85_,3_4_2_1_25_
09:02:37,49.00,1,19,49.40_49.45_49.50_49.55_49.60_,2_13_40_3_5_,49.10_49.00_48.90_48.85_48.80_,3_5_1_25_17_
09:02:47,49.00,1,19,49.40_49.45_49.50_49.55_49.60_,2_13_40_3_5_,49.10_49.00_48.90_48.85_48.80_,3_6_1_25_17_
09:02:52,49.00,1,19,49.40_49.45_49.50_49.55_49.60_,2_13_23_3_5_,49.10_49.00_48.90_48.85_48.80_,3_6_1_25_17_
09:03:03,49.00,1,19,49.40_49.45_49.50_49.55_49.60_,2_13_23_3_5_,49.15_49.10_49.00_48.90_48.85_,2_3_7_1_25_
09:03:08,49.00,1,19,49.40_49.50_49.55_49.60_49.70_,2_40_17_8_1_,49.15_49.10_49.00_48.90_48.85_,2_2_7_44_40_
09:04:10,49.15,1,24,49.40_49.50_49.55_49.60_49.70_,3_41_21_8_1_,49.15_49.10_49.00_48.90_48.85_,4_2_18_64_20_
09:04:30,49.15,3,29,49.15_49.40_49.50_49.55_49.60_,1_4_29_34_8_,49.10_49.00_48.90_48.85_48.80_,2_18_64_20_17_
09:04:41,49.10,1,31,49.15_49.35_49.40_49.45_49.50_,1_18_20_3_29_,49.00_48.90_48.80_48.75_48.70_,18_1_17_84_2_
09:05:42,49.05,1,38,49.05_49.10_49.15_49.25_49.30_,1_3_3_4_18_,49.00_48.90_48.80_48.75_48.70_,12_2_17_86_2_
09:05:47,49.10,3,41,49.10_49.15_49.25_49.30_49.35_,3_3_20_21_1_,49.00_48.90_48.80_48.75_48.70_,12_2_17_2_86_
09:07:25,49.10,1,49,49.05_49.10_49.15_49.25_49.30_,3_12_3_20_24_,49.00_48.90_48.80_48.75_48.70_,9_1_13_2_90_
09:07:30,49.10,1,49,49.05_49.10_49.15_49.25_49.30_,3_14_3_20_24_,49.00_48.90_48.80_48.75_48.70_,9_1_13_2_90_
09:08:06,49.00,2,55,49.05_49.10_49.15_49.25_49.30_,1_14_3_20_24_,49.00_48.90_48.80_48.75_48.70_,20_1_13_2_90_
09:08:42,48.80,1,81,49.00_49.05_49.10_49.15_49.20_,2_5_11_20_23_,48.80_48.75_48.70_48.60_48.55_,13_2_2_3_21_
09:08:57,48.80,1,83,49.00_49.05_49.10_49.15_49.20_,2_5_19_20_22_,48.80_48.75_48.70_48.60_48.55_,11_2_2_3_85_
09:09:07,48.80,1,83,48.90_49.00_49.05_49.10_49.15_,2_2_5_19_20_,48.80_48.75_48.70_48.60_48.55_,13_2_2_3_85_
09:09:12,48.80,1,83,48.90_49.00_49.05_49.10_49.15_,2_3_5_33_23_,48.80_48.75_48.70_48.60_48.55_,13_2_2_3_85_
09:09:38,48.85,1,84,48.90_48.95_49.00_49.05_49.10_,2_2_3_9_56_,48.80_48.75_48.70_48.60_48.50_,12_2_2_88_3_
09:09:43,48.85,1,84,48.90_48.95_49.00_49.05_49.10_,2_2_3_9_56_,48.80_48.75_48.70_48.60_48.50_,12_2_2_3_88_
09:10:04,48.85,1,84,48.90_48.95_49.00_49.05_49.10_,2_2_3_9_53_,48.80_48.75_48.70_48.50_48.30_,12_2_2_88_1_
09:10:09,48.85,1,84,48.90_48.95_49.00_49.05_49.10_,2_2_3_9_53_,48.80_48.75_48.70_48.50_48.30_,12_2_5_89_1_
09:10:40,48.85,1,84,48.90_48.95_49.00_49.05_49.10_,2_2_3_9_53_,48.85_48.80_48.75_48.70_48.50_,4_10_2_5_93_
09:10:45,48.85,1,85,48.90_48.95_49.00_49.05_49.10_,2_2_3_9_53_,48.85_48.80_48.75_48.70_48.50_,3_10_2_5_93_
09:10:50,48.85,1,86,48.90_48.95_49.00_49.05_49.10_,2_2_3_9_53_,48.85_48.80_48.75_48.70_48.50_,3_10_2_5_93_
09:10:55,48.90,1,87,48.90_48.95_49.00_49.05_49.10_,1_2_3_9_53_,48.85_48.80_48.75_48.70_48.50_,3_10_2_5_93_
09:11:41,48.85,2,90,48.95_49.00_49.05_49.10_49.15_,2_3_9_16_40_,48.85_48.80_48.75_48.70_48.55_,1_10_2_5_85_
09:12:07,48.85,1,91,48.95_49.00_49.05_49.10_49.15_,2_3_9_16_40_,48.80_48.75_48.70_48.55_48.50_,10_2_5_85_7_
09:13:19,48.80,1,97,48.90_48.95_49.00_49.05_49.10_,2_2_3_9_36_,48.80_48.75_48.70_48.60_48.55_,5_2_5_3_85_
09:13:55,48.80,1,98,48.90_48.95_49.00_49.05_49.10_,2_2_6_9_56_,48.80_48.75_48.70_48.60_48.55_,4_2_5_8_85_
09:15:01,48.85,1,101,48.90_48.95_49.00_49.05_49.10_,2_4_8_9_56_,48.85_48.80_48.75_48.70_48.60_,4_2_5_5_93_
09:15:07,48.85,1,102,48.90_48.95_49.00_49.05_49.10_,2_4_8_9_56_,48.85_48.80_48.75_48.70_48.60_,3_2_5_5_93_
09:15:12,48.85,1,102,48.90_48.95_49.00_49.05_49.10_,2_4_13_9_56_,48.85_48.80_48.75_48.70_48.60_,3_2_5_5_94_
09:15:17,48.85,3,105,48.85_48.90_48.95_49.00_49.05_,2_2_4_18_9_,48.80_48.75_48.70_48.60_48.50_,2_5_5_94_7_
09:16:24,48.80,1,112,48.80_48.90_48.95_49.00_49.05_,4_7_4_38_29_,48.75_48.70_48.60_48.50_48.40_,5_5_6_11_86_
09:17:00,48.80,1,112,48.80_48.90_48.95_49.00_49.05_,5_7_4_38_29_,48.75_48.70_48.60_48.50_48.40_,5_5_6_11_86_
09:18:27,48.80,1,120,48.90_48.95_49.00_49.05_49.10_,9_4_18_9_51_,48.85_48.80_48.75_48.70_48.60_,1_7_6_6_9_
09:18:37,48.85,1,121,48.90_48.95_49.00_49.05_49.10_,9_4_18_9_51_,48.80_48.75_48.70_48.60_48.50_,7_6_6_11_95_
09:19:54,48.80,5,128,48.85_48.90_48.95_49.00_49.05_,1_9_4_21_47_,48.80_48.75_48.70_48.60_48.50_,1_6_6_8_98_
09:20:04,48.80,1,129,48.80_48.85_48.90_48.95_49.00_,4_1_12_4_55_,48.75_48.70_48.60_48.55_48.50_,6_6_8_1_10_
09:20:14,48.75,2,131,48.80_48.90_48.95_49.00_49.05_,5_12_4_55_10_,48.75_48.70_48.60_48.55_48.50_,4_6_8_1_10_
09:20:20,48.75,2,131,48.80_48.85_48.90_48.95_49.00_,5_1_12_4_35_,48.75_48.70_48.60_48.55_48.50_,4_6_8_1_95_
09:21:52,48.80,1,137,48.85_48.90_48.95_49.00_49.05_,1_9_5_21_46_,48.80_48.75_48.70_48.60_48.55_,7_4_6_13_86_
09:21:57,48.80,1,137,48.85_48.90_48.95_49.00_49.05_,3_9_5_21_46_,48.80_48.75_48.70_48.60_48.55_,7_4_6_13_86_
09:22:02,48.80,3,140,48.85_48.90_48.95_49.00_49.05_,3_9_5_21_46_,48.80_48.75_48.70_48.60_48.55_,4_4_6_13_86_
09:22:17,48.80,5,145,48.80_48.85_48.90_48.95_49.00_,1_3_9_5_58_,48.75_48.70_48.60_48.55_48.50_,1_6_13_1_98_
09:22:28,48.80,5,145,48.80_48.85_48.90_48.95_49.00_,2_3_9_5_58_,48.75_48.70_48.60_48.55_48.50_,1_6_12_1_95_
09:22:43,48.80,1,146,48.80_48.85_48.90_48.95_49.00_,1_3_9_5_58_,48.75_48.70_48.60_48.55_48.50_,1_6_12_1_95_
09:22:48,48.80,1,147,48.80_48.85_48.90_48.95_49.00_,2_3_9_5_58_,48.75_48.70_48.60_48.55_48.50_,1_6_12_1_95_
09:23:19,48.80,1,148,48.80_48.85_48.90_48.95_49.00_,1_3_12_5_55_,48.75_48.70_48.60_48.55_48.50_,3_6_12_1_95_
09:23:50,48.80,1,148,48.80_48.85_48.90_48.95_49.00_,4_5_12_5_55_,48.75_48.70_48.60_48.55_48.50_,3_6_12_1_95_
09:25:17,48.70,1,155,48.75_48.80_48.85_48.90_48.95_,2_6_4_12_5_,48.60_48.55_48.50_48.40_48.30_,12_6_10_88_1_
09:25:27,48.70,1,155,48.75_48.80_48.85_48.90_48.95_,2_9_4_26_25_,48.60_48.55_48.50_48.35_48.30_,12_6_10_21_68_
09:25:58,48.60,1,156,48.75_48.80_48.85_48.90_48.95_,2_8_4_27_25_,48.60_48.55_48.50_48.35_48.30_,11_6_9_21_68_
09:26:08,48.75,4,162,48.80_48.85_48.90_48.95_49.00_,5_8_13_5_56_,48.75_48.60_48.55_48.50_48.40_,10_12_6_9_81_
09:26:39,48.80,1,163,48.80_48.85_48.90_48.95_49.00_,6_9_12_5_53_,48.75_48.60_48.55_48.50_48.40_,10_12_6_10_89_
09:27:05,48.80,7,170,48.85_48.90_48.95_49.00_49.05_,9_12_5_51_5_,48.80_48.75_48.70_48.60_48.55_,3_10_1_12_6_
09:27:10,48.85,1,171,48.85_48.90_48.95_49.00_49.05_,8_9_5_17_42_,48.80_48.75_48.70_48.60_48.55_,3_10_1_12_93_
09:28:01,48.85,1,171,48.85_48.90_48.95_49.00_49.05_,10_10_5_17_42_,48.80_48.75_48.70_48.60_48.55_,3_10_1_13_93_
09:28:22,48.80,1,172,48.85_48.90_48.95_49.00_49.05_,10_10_5_17_42_,48.80_48.75_48.70_48.60_48.55_,2_10_1_13_93_
09:29:08,48.80,5,191,48.85_48.90_48.95_49.00_49.05_,18_10_5_17_42_,48.80_48.60_48.55_48.50_48.45_,1_13_6_13_78_
09:30:55,48.85,1,194,48.80_48.85_48.90_48.95_49.00_,3_21_13_35_23_,48.60_48.55_48.50_48.40_48.35_,16_7_10_4_86_
09:31:37,48.85,1,194,48.80_48.85_48.90_48.95_49.00_,12_21_13_22_36_,48.65_48.60_48.55_48.50_48.40_,4_14_7_10_90_
09:32:23,48.85,1,194,48.80_48.85_48.90_48.95_49.00_,14_21_13_5_53_,48.70_48.65_48.60_48.55_48.50_,1_14_14_7_96_
09:32:33,48.85,1,194,48.80_48.85_48.90_48.95_49.00_,14_21_13_5_53_,48.70_48.65_48.60_48.55_48.50_,1_14_24_7_96_
09:33:04,48.70,1,195,48.80_48.85_48.90_48.95_49.00_,14_21_13_22_36_,48.65_48.60_48.55_48.50_48.40_,15_24_6_10_90_
09:33:55,48.70,1,195,48.80_48.85_48.90_48.95_49.00_,16_21_13_22_36_,48.65_48.60_48.55_48.50_48.40_,15_24_6_10_90_
09:34:00,48.70,1,195,48.80_48.85_48.90_48.95_49.00_,36_21_13_22_36_,48.65_48.60_48.55_48.50_48.40_,15_24_6_10_90_
09:34:31,48.65,1,196,48.80_48.85_48.90_48.95_49.00_,39_21_11_21_36_,48.65_48.60_48.55_48.50_48.40_,14_24_6_10_90_
09:34:41,48.65,1,196,48.80_48.85_48.90_48.95_49.00_,39_21_11_21_36_,48.65_48.60_48.55_48.50_48.40_,17_24_6_10_90_
09:34:47,48.65,1,197,48.80_48.85_48.90_48.95_49.00_,39_21_12_21_35_,48.65_48.60_48.55_48.50_48.40_,16_24_6_10_91_
09:35:27,48.65,5,202,48.75_48.80_48.85_48.90_48.95_,1_39_21_12_41_,48.70_48.65_48.60_48.55_48.50_,1_11_24_6_96_
09:35:33,48.65,5,202,48.75_48.80_48.85_48.90_48.95_,1_36_21_15_41_,48.70_48.65_48.60_48.55_48.50_,1_11_24_6_96_
09:35:43,48.65,5,202,48.75_48.80_48.85_48.90_48.95_,1_36_21_15_41_,48.70_48.65_48.60_48.55_48.50_,1_11_23_6_96_
09:35:48,48.65,5,202,48.75_48.80_48.85_48.90_48.95_,1_37_21_14_41_,48.70_48.65_48.60_48.55_48.50_,1_11_23_6_96_
09:35:53,48.65,5,202,48.75_48.80_48.85_48.90_48.95_,5_37_25_14_41_,48.70_48.65_48.60_48.55_48.50_,1_11_23_6_96_
09:36:19,48.70,1,203,48.75_48.80_48.85_48.90_48.95_,5_40_25_11_41_,48.65_48.60_48.55_48.50_48.40_,11_23_6_10_91_
09:36:24,48.65,4,207,48.75_48.80_48.85_48.90_48.95_,5_40_25_11_41_,48.65_48.60_48.55_48.50_48.40_,9_23_6_10_91_
09:36:29,48.65,4,207,48.75_48.80_48.85_48.90_48.95_,4_40_25_11_41_,48.70_48.65_48.60_48.55_48.50_,1_9_23_6_10_
09:36:34,48.70,1,208,48.75_48.80_48.85_48.90_48.95_,4_37_25_14_41_,48.65_48.60_48.55_48.50_48.40_,9_23_6_96_5_
09:36:49,48.70,1,208,48.75_48.80_48.85_48.90_48.95_,4_37_25_14_42_,48.65_48.60_48.55_48.50_48.40_,9_23_6_10_91_
09:37:10,48.70,1,209,48.70_48.75_48.80_48.85_48.90_,2_6_44_25_48_,48.65_48.60_48.55_48.50_48.40_,8_23_6_10_91_
09:37:56,48.65,1,210,48.70_48.75_48.80_48.85_48.90_,8_7_44_25_48_,48.65_48.60_48.55_48.50_48.40_,7_23_6_11_91_
09:39:28,48.65,4,218,48.65_48.70_48.75_48.80_48.85_,1_2_7_44_62_,48.60_48.55_48.50_48.40_48.30_,23_6_11_5_89_
09:39:54,48.60,1,219,48.65_48.70_48.75_48.80_48.85_,1_3_6_43_62_,48.60_48.55_48.50_48.40_48.30_,22_6_11_5_89_
09:41:21,48.65,1,225,48.65_48.70_48.75_48.80_48.85_,1_4_6_46_62_,48.60_48.55_48.50_48.40_48.30_,20_6_13_5_88_
09:41:47,48.70,1,227,48.70_48.75_48.80_48.85_48.90_,8_6_46_25_48_,48.65_48.60_48.55_48.50_48.40_,2_21_7_13_89_
09:42:12,48.65,1,228,48.70_48.75_48.80_48.85_48.90_,8_6_46_25_48_,48.65_48.60_48.55_48.50_48.40_,2_20_7_13_89_
09:43:29,48.65,2,238,48.70_48.75_48.80_48.85_48.90_,7_6_46_25_48_,48.60_48.55_48.50_48.40_48.30_,15_7_13_5_85_
09:44:00,48.65,2,238,48.70_48.75_48.80_48.85_48.90_,7_6_46_25_51_,48.60_48.55_48.50_48.40_48.30_,15_2_13_11_85_
09:45:32,48.65,2,238,48.65_48.70_48.75_48.80_48.85_,1_7_6_46_62_,48.60_48.55_48.50_48.40_48.30_,18_2_13_11_87_
09:46:49,48.65,1,239,48.70_48.75_48.80_48.85_48.90_,7_6_50_25_51_,48.60_48.55_48.50_48.40_48.30_,18_2_16_8_87_
09:47:15,48.65,1,239,48.70_48.75_48.80_48.85_48.90_,7_6_50_25_51_,48.60_48.55_48.50_48.40_48.30_,18_2_15_8_87_
09:48:16,48.65,1,239,48.70_48.75_48.80_48.85_48.90_,3_6_50_25_51_,48.60_48.55_48.50_48.40_48.30_,18_2_15_8_87_
09:48:26,48.65,1,239,48.70_48.75_48.80_48.85_48.90_,8_6_50_25_51_,48.60_48.55_48.50_48.40_48.30_,18_2_15_8_87_
09:48:32,48.65,1,239,48.70_48.75_48.80_48.85_48.90_,8_6_50_25_51_,48.60_48.55_48.50_48.40_48.30_,19_2_15_8_87_
09:48:37,48.60,1,240,48.70_48.75_48.80_48.85_48.90_,8_6_50_25_51_,48.60_48.55_48.50_48.40_48.30_,18_2_15_8_87_
09:49:13,48.60,3,261,48.65_48.70_48.75_48.80_48.85_,2_6_6_50_62_,48.60_48.55_48.50_48.40_48.30_,1_3_12_11_87_
09:50:14,48.60,3,261,48.65_48.70_48.75_48.80_48.85_,2_6_6_54_62_,48.60_48.55_48.50_48.40_48.30_,1_3_12_11_88_
09:50:24,48.60,3,261,48.65_48.70_48.75_48.80_48.85_,2_6_6_54_62_,48.60_48.55_48.50_48.40_48.30_,3_3_12_11_90_
09:50:30,48.65,1,262,48.65_48.70_48.75_48.80_48.85_,1_6_6_54_62_,48.60_48.55_48.50_48.40_48.30_,2_3_12_11_90_
09:50:35,48.65,1,262,48.70_48.75_48.80_48.85_48.90_,6_6_54_62_14_,48.60_48.55_48.50_48.40_48.30_,2_3_12_11_90_
09:50:40,48.65,1,262,48.70_48.75_48.80_48.85_48.90_,7_6_54_25_51_,48.60_48.55_48.50_48.40_48.30_,2_3_12_11_90_
09:51:16,48.65,1,262,48.70_48.75_48.80_48.85_48.90_,6_6_54_25_51_,48.60_48.55_48.50_48.45_48.40_,2_3_15_1_94_
09:51:31,48.65,1,262,48.70_48.75_48.80_48.85_48.90_,6_6_54_25_51_,48.60_48.55_48.50_48.45_48.40_,3_3_15_1_94_
09:52:38,48.65,1,262,48.65_48.70_48.75_48.80_48.85_,4_6_6_54_62_,48.60_48.55_48.50_48.45_48.40_,4_3_13_1_97_
09:55:06,48.65,1,268,48.65_48.70_48.75_48.80_48.85_,4_5_7_54_69_,48.60_48.55_48.50_48.45_48.40_,3_3_16_1_94_
09:57:20,48.65,2,270,48.65_48.70_48.75_48.80_48.85_,1_5_8_54_69_,48.60_48.55_48.50_48.45_48.40_,3_3_11_1_97_
09:57:25,48.65,2,270,48.65_48.70_48.75_48.80_48.85_,1_5_12_54_69_,48.60_48.55_48.50_48.45_48.40_,3_3_11_1_97_
09:57:35,48.65,2,270,48.65_48.70_48.75_48.80_48.85_,3_5_12_54_69_,48.60_48.55_48.50_48.45_48.40_,3_3_11_1_97_
09:58:21,48.65,2,270,48.65_48.70_48.75_48.80_48.85_,3_5_12_54_69_,48.60_48.55_48.50_48.45_48.40_,3_3_9_1_97_
09:58:26,48.65,2,270,48.65_48.70_48.75_48.80_48.85_,4_5_12_54_69_,48.60_48.55_48.50_48.45_48.40_,3_3_9_1_97_
09:58:31,48.60,1,271,48.65_48.70_48.75_48.80_48.85_,4_5_12_54_69_,48.60_48.55_48.50_48.45_48.40_,2_3_9_1_97_
09:58:42,48.60,1,271,48.65_48.70_48.75_48.80_48.85_,4_5_12_54_69_,48.60_48.55_48.50_48.45_48.40_,3_3_9_1_97_
09:58:57,48.60,1,271,48.65_48.70_48.75_48.80_48.85_,4_5_12_54_69_,48.60_48.55_48.50_48.45_48.40_,3_3_9_7_97_
09:59:33,48.60,1,272,48.65_48.70_48.75_48.80_48.85_,4_8_12_51_69_,48.60_48.55_48.50_48.45_48.40_,2_3_9_7_97_
10:00:19,48.60,1,273,48.65_48.70_48.75_48.80_48.85_,4_8_12_51_69_,48.60_48.55_48.50_48.45_48.40_,1_2_8_7_94_
10:00:34,48.60,1,275,48.60_48.65_48.70_48.75_48.80_,1_3_8_12_51_,48.55_48.50_48.45_48.40_48.30_,2_8_8_94_9_
10:00:40,48.60,1,275,48.60_48.65_48.70_48.75_48.80_,1_3_8_12_88_,48.55_48.50_48.45_48.40_48.30_,2_8_9_8_95_
10:00:45,48.60,1,275,48.60_48.65_48.70_48.75_48.80_,6_2_5_12_88_,48.55_48.50_48.45_48.40_48.30_,2_8_9_8_95_
10:00:50,48.55,1,276,48.60_48.65_48.70_48.75_48.80_,6_2_5_12_88_,48.55_48.50_48.45_48.40_48.30_,1_8_9_8_95_
10:01:00,48.60,1,277,48.60_48.65_48.70_48.75_48.80_,5_2_5_12_88_,48.55_48.50_48.45_48.40_48.30_,1_8_9_8_95_
10:01:05,48.60,1,277,48.60_48.65_48.70_48.75_48.80_,5_2_5_12_88_,48.55_48.50_48.45_48.40_48.30_,3_8_9_8_95_
10:01:15,48.60,1,277,48.60_48.65_48.70_48.75_48.80_,5_2_6_11_88_,48.55_48.50_48.45_48.40_48.30_,3_8_8_9_95_
10:02:48,48.60,1,281,48.65_48.70_48.75_48.80_48.85_,5_10_11_68_53_,48.50_48.45_48.40_48.30_48.25_,10_6_10_14_86_
10:03:03,48.60,1,281,48.60_48.65_48.70_48.75_48.80_,5_5_5_11_68_,48.50_48.45_48.40_48.30_48.25_,10_6_10_14_86_
10:03:09,48.50,1,282,48.60_48.65_48.70_48.75_48.80_,5_5_5_11_88_,48.50_48.45_48.40_48.30_48.25_,9_6_10_9_85_
10:03:14,48.50,1,283,48.60_48.65_48.70_48.75_48.80_,5_5_5_11_88_,48.50_48.45_48.40_48.30_48.25_,8_6_10_13_85_
10:03:19,48.50,1,283,48.60_48.65_48.70_48.75_48.80_,5_5_5_11_89_,48.50_48.45_48.40_48.30_48.25_,8_6_10_8_85_
10:03:24,48.50,1,283,48.60_48.65_48.70_48.75_48.80_,5_5_5_11_89_,48.50_48.45_48.40_48.30_48.25_,8_6_10_13_85_
10:03:39,48.50,1,284,48.55_48.60_48.70_48.75_48.80_,7_5_5_28_72_,48.50_48.45_48.40_48.30_48.25_,7_6_10_16_85_
10:04:10,48.50,1,285,48.55_48.60_48.65_48.70_48.75_,7_5_1_5_48_,48.50_48.45_48.40_48.30_48.25_,6_6_10_16_85_
10:04:21,48.50,1,285,48.55_48.60_48.65_48.70_48.75_,7_5_1_5_48_,48.50_48.45_48.40_48.30_48.25_,6_6_10_17_85_
10:04:26,48.50,1,286,48.55_48.60_48.65_48.70_48.75_,7_5_1_5_48_,48.50_48.45_48.40_48.30_48.25_,5_6_9_17_85_
10:04:31,48.50,1,287,48.55_48.60_48.65_48.70_48.75_,7_5_1_5_48_,48.50_48.45_48.40_48.30_48.25_,5_5_9_17_85_
10:06:08,48.50,1,304,48.55_48.60_48.65_48.70_48.75_,6_5_1_5_48_,48.50_48.40_48.30_48.20_48.15_,12_9_11_22_64_
10:06:55,48.50,2,318,48.50_48.60_48.65_48.70_48.75_,1_5_1_24_31_,48.40_48.30_48.20_48.15_48.10_,11_10_1_22_66_
10:07:00,48.50,2,318,48.50_48.60_48.65_48.70_48.75_,1_5_1_24_31_,48.40_48.30_48.20_48.15_48.10_,11_10_2_22_66_
10:07:10,48.50,2,318,48.50_48.60_48.65_48.70_48.75_,1_5_1_24_31_,48.40_48.30_48.20_48.15_48.10_,11_9_3_22_66_
10:07:15,48.50,2,318,48.50_48.60_48.65_48.70_48.75_,1_5_1_24_31_,48.40_48.30_48.20_48.15_48.10_,11_6_6_22_66_
10:07:51,48.50,1,319,48.55_48.60_48.65_48.70_48.75_,2_5_1_24_31_,48.40_48.30_48.20_48.15_48.10_,11_6_5_35_53_
10:08:01,48.50,1,319,48.55_48.60_48.65_48.70_48.75_,3_5_1_24_31_,48.40_48.30_48.20_48.15_48.10_,11_6_5_35_53_
10:08:22,48.50,1,320,48.55_48.60_48.65_48.70_48.75_,3_5_1_7_48_,48.50_48.40_48.30_48.20_48.15_,3_9_6_27_64_
10:08:27,48.55,1,321,48.55_48.60_48.65_48.70_48.75_,2_5_1_7_48_,48.50_48.40_48.30_48.20_48.15_,3_9_6_27_65_
10:09:03,48.55,2,323,48.60_48.65_48.70_48.75_48.80_,5_1_7_48_65_,48.50_48.40_48.30_48.20_48.15_,3_9_6_27_65_
10:09:23,48.55,2,323,48.60_48.70_48.75_48.80_48.85_,5_7_11_83_52_,48.55_48.50_48.40_48.30_48.25_,1_3_9_6_22_
10:09:39,48.55,2,323,48.70_48.75_48.80_48.85_48.90_,12_11_83_52_14_,48.55_48.50_48.40_48.30_48.25_,1_3_9_6_22_
10:12:13,48.70,3,343,48.70_48.75_48.80_48.85_48.90_,8_11_65_32_51_,48.60_48.50_48.40_48.35_48.30_,7_2_14_1_23_
10:12:33,48.65,1,349,48.65_48.70_48.75_48.80_48.85_,2_8_11_65_69_,48.60_48.50_48.40_48.35_48.30_,2_2_14_1_88_
10:12:49,48.65,1,349,48.65_48.70_48.75_48.80_48.85_,2_8_11_70_69_,48.60_48.50_48.40_48.35_48.30_,2_2_14_1_88_
10:12:59,48.65,1,349,48.65_48.70_48.75_48.80_48.85_,2_8_11_70_69_,48.60_48.50_48.40_48.35_48.30_,2_2_14_4_88_
10:13:04,48.65,1,349,48.65_48.70_48.75_48.80_48.85_,2_8_11_70_69_,48.60_48.50_48.40_48.35_48.30_,3_2_14_5_88_
10:14:16,48.65,1,349,48.65_48.70_48.75_48.80_48.85_,7_8_11_70_69_,48.60_48.50_48.40_48.35_48.30_,3_2_14_5_88_
10:14:26,48.60,2,351,48.65_48.70_48.75_48.80_48.85_,7_8_11_70_69_,48.60_48.50_48.40_48.35_48.30_,1_2_14_5_88_
10:15:48,48.65,1,363,48.70_48.75_48.80_48.85_48.90_,3_11_74_32_51_,48.60_48.50_48.40_48.35_48.30_,2_2_13_5_87_
10:16:29,48.65,1,363,48.65_48.70_48.75_48.80_48.85_,5_3_11_74_32_,48.60_48.50_48.40_48.35_48.30_,2_2_13_5_87_
10:16:34,48.65,1,363,48.65_48.70_48.75_48.80_48.85_,5_3_11_74_69_,48.60_48.50_48.40_48.35_48.30_,2_2_13_5_87_
10:17:51,48.60,1,365,48.65_48.70_48.75_48.80_48.85_,5_8_11_86_52_,48.50_48.45_48.40_48.35_48.30_,2_1_13_5_92_
10:18:22,48.60,1,365,48.65_48.70_48.75_48.80_48.85_,5_8_11_86_52_,48.50_48.45_48.40_48.35_48.30_,2_1_8_5_97_
10:18:32,48.60,1,367,48.65_48.70_48.75_48.80_48.85_,5_8_11_86_52_,48.50_48.45_48.40_48.35_48.30_,1_1_8_5_97_
10:18:48,48.60,1,367,48.65_48.70_48.75_48.80_48.85_,5_8_11_88_52_,48.50_48.45_48.40_48.35_48.30_,1_1_8_5_97_
10:19:19,48.60,1,367,48.65_48.70_48.75_48.80_48.85_,5_8_11_88_52_,48.50_48.45_48.40_48.35_48.30_,2_1_13_5_92_
10:19:39,48.50,2,369,48.65_48.70_48.75_48.80_48.85_,5_8_11_92_48_,48.45_48.40_48.35_48.30_48.20_,2_8_5_12_88_
10:19:44,48.50,2,369,48.60_48.65_48.70_48.75_48.80_,5_5_3_11_92_,48.45_48.40_48.35_48.30_48.20_,1_8_5_12_88_
10:19:49,48.50,2,369,48.60_48.65_48.70_48.75_48.80_,5_5_3_28_91_,48.45_48.40_48.35_48.30_48.20_,1_8_5_12_88_
10:19:54,48.50,2,369,48.60_48.65_48.70_48.75_48.80_,5_9_3_28_91_,48.45_48.40_48.35_48.30_48.20_,1_8_4_12_88_
10:20:00,48.50,2,369,48.60_48.65_48.70_48.75_48.80_,5_9_3_28_91_,48.45_48.40_48.35_48.30_48.20_,1_8_1_12_88_
10:20:25,48.50,2,369,48.60_48.65_48.70_48.75_48.80_,5_9_3_28_91_,48.45_48.40_48.35_48.30_48.20_,2_8_1_12_88_
10:20:36,48.50,2,369,48.55_48.60_48.65_48.70_48.75_,2_5_9_3_28_,48.45_48.40_48.35_48.30_48.20_,2_8_1_12_88_
10:20:41,48.50,2,369,48.55_48.60_48.65_48.70_48.75_,2_5_9_3_48_,48.45_48.40_48.35_48.30_48.20_,2_8_1_12_88_
10:21:47,48.45,1,370,48.55_48.60_48.65_48.70_48.75_,2_5_9_3_49_,48.45_48.40_48.35_48.30_48.20_,2_8_1_12_88_
10:22:28,48.45,1,370,48.55_48.60_48.65_48.70_48.75_,2_5_9_4_49_,48.45_48.40_48.35_48.30_48.20_,2_8_1_12_88_
10:22:34,48.45,1,371,48.55_48.60_48.65_48.70_48.75_,2_5_9_4_49_,48.45_48.40_48.35_48.30_48.20_,1_8_1_12_88_
10:23:15,48.20,22,503,48.20_48.30_48.50_48.55_48.65_,51_5_37_2_9_,48.15_48.10_48.00_47.95_47.90_,1_2_13_1_5_
10:23:20,48.20,22,503,48.20_48.30_48.45_48.50_48.55_,51_6_60_27_2_,48.15_48.10_48.00_47.95_47.90_,1_2_18_1_13_
10:23:25,48.20,1,504,48.20_48.30_48.45_48.50_48.55_,50_6_60_27_2_,48.15_48.10_48.00_47.95_47.90_,1_2_18_1_13_
10:23:30,48.20,1,504,48.20_48.30_48.40_48.45_48.50_,50_6_25_35_27_,48.15_48.10_48.00_47.95_47.85_,1_2_18_1_13_
10:23:35,48.15,1,505,48.20_48.30_48.40_48.45_48.50_,50_6_25_35_27_,48.10_48.00_47.95_47.85_47.80_,2_18_1_13_7_
10:24:42,48.05,1,510,48.10_48.20_48.30_48.35_48.40_,5_50_25_35_28_,48.00_47.95_47.90_47.85_47.80_,13_2_2_15_12_
10:25:13,48.05,1,511,48.20_48.30_48.35_48.60_48.65_,55_9_17_62_9_,48.00_47.95_47.90_47.85_47.80_,16_2_2_2_25_
10:25:33,48.05,1,511,48.20_48.30_48.35_48.60_48.65_,55_9_17_62_9_,48.00_47.95_47.90_47.85_47.80_,16_2_2_3_25_
10:25:44,48.05,1,511,48.20_48.30_48.35_48.60_48.65_,55_9_17_62_9_,48.05_48.00_47.95_47.90_47.85_,2_16_2_2_3_
10:25:49,48.05,1,511,48.20_48.30_48.35_48.55_48.65_,55_1_8_79_9_,48.05_48.00_47.95_47.90_47.85_,2_16_2_7_16_
10:26:14,48.05,1,513,48.20_48.30_48.35_48.45_48.50_,55_1_8_55_24_,48.10_48.05_48.00_47.95_47.90_,1_1_16_2_20_
10:26:50,48.05,1,513,48.20_48.30_48.35_48.45_48.50_,55_1_8_55_25_,48.10_48.05_48.00_47.95_47.90_,1_1_16_2_20_
10:27:06,48.05,1,513,48.20_48.30_48.35_48.45_48.50_,55_1_8_55_25_,48.10_48.05_48.00_47.95_47.90_,1_2_16_2_20_
10:27:47,48.15,1,515,48.20_48.30_48.35_48.40_48.50_,54_1_25_62_1_,48.10_48.05_48.00_47.95_47.90_,1_1_17_2_20_
10:27:52,48.15,1,515,48.20_48.30_48.35_48.40_48.45_,49_6_8_48_7_,48.05_48.00_47.95_47.90_47.85_,2_17_2_20_3_
10:28:13,48.15,1,515,48.20_48.30_48.35_48.40_48.45_,55_1_25_35_27_,48.05_48.00_47.95_47.90_47.85_,7_13_2_7_16_
10:28:54,48.15,1,515,48.15_48.20_48.30_48.35_48.40_,3_55_9_17_62_,48.05_48.00_47.95_47.90_47.85_,6_13_2_7_16_
10:29:04,48.15,1,515,48.15_48.20_48.30_48.35_48.40_,3_55_9_17_62_,48.05_48.00_47.95_47.90_47.85_,6_14_2_7_16_
10:30:26,48.05,1,517,48.15_48.20_48.30_48.35_48.40_,5_55_9_17_62_,48.05_48.00_47.95_47.90_47.85_,10_15_2_7_16_
10:30:36,48.05,10,528,48.05_48.15_48.20_48.30_48.35_,10_5_55_9_17_,48.00_47.95_47.90_47.85_47.80_,14_2_7_16_7_
10:30:41,48.05,2,530,48.05_48.15_48.20_48.25_48.30_,8_5_55_25_36_,48.00_47.95_47.90_47.85_47.80_,14_2_3_3_25_
10:30:46,48.05,3,533,48.05_48.15_48.20_48.25_48.30_,7_5_55_25_63_,48.00_47.95_47.90_47.85_47.80_,14_2_3_3_25_
10:31:22,48.00,5,539,48.05_48.15_48.20_48.25_48.30_,6_6_55_25_62_,48.00_47.95_47.90_47.85_47.80_,12_2_10_3_20_
10:31:38,48.00,5,544,48.05_48.15_48.20_48.25_48.30_,6_6_55_25_62_,48.00_47.95_47.90_47.85_47.80_,7_2_10_4_20_
10:31:43,48.00,5,544,48.15_48.20_48.25_48.30_48.50_,6_54_25_62_1_,48.05_48.00_47.95_47.90_47.85_,2_7_2_10_4_
10:33:41,48.00,1,565,48.10_48.15_48.20_48.25_48.30_,1_7_54_25_62_,47.95_47.90_47.85_47.80_47.70_,4_5_6_12_14_
10:34:27,48.00,1,565,48.10_48.15_48.20_48.25_48.30_,1_7_54_8_79_,48.00_47.95_47.90_47.85_47.80_,1_4_10_6_20_
10:35:34,48.00,1,565,48.05_48.10_48.15_48.20_48.25_,4_1_7_54_87_,48.00_47.95_47.90_47.85_47.80_,6_5_4_6_26_
10:35:44,48.00,1,565,48.05_48.10_48.15_48.20_48.25_,4_1_7_54_87_,48.00_47.95_47.90_47.85_47.80_,7_5_4_6_26_
10:36:15,48.05,1,567,48.05_48.10_48.15_48.20_48.25_,3_1_7_54_87_,48.00_47.95_47.90_47.85_47.80_,8_4_4_6_27_
10:36:30,48.05,3,570,48.10_48.15_48.20_48.25_48.50_,1_7_54_87_1_,48.00_47.95_47.90_47.85_47.80_,8_1_4_6_27_
10:36:36,48.05,3,570,48.10_48.15_48.20_48.25_48.45_,1_7_54_8_79_,48.00_47.95_47.90_47.85_47.80_,8_1_9_6_22_
10:36:41,48.00,1,571,48.10_48.15_48.20_48.25_48.45_,1_7_54_8_79_,48.00_47.95_47.90_47.85_47.80_,7_1_9_6_22_
10:36:46,48.00,1,572,48.10_48.15_48.20_48.40_48.50_,1_7_54_87_1_,48.00_47.95_47.90_47.85_47.80_,6_1_9_6_22_
10:38:49,48.05,1,579,48.10_48.15_48.20_48.25_48.30_,5_5_54_8_79_,48.00_47.95_47.90_47.85_47.80_,2_6_4_6_28_
10:39:50,48.05,1,579,48.10_48.15_48.20_48.25_48.30_,5_5_54_8_79_,48.00_47.95_47.90_47.85_47.80_,2_7_4_6_28_
10:40:01,48.05,1,579,48.10_48.15_48.20_48.25_48.30_,5_5_54_8_79_,48.00_47.95_47.90_47.85_47.80_,2_7_4_7_28_
10:40:11,48.05,1,579,48.10_48.15_48.20_48.25_48.30_,1_5_54_8_79_,48.00_47.95_47.90_47.85_47.80_,2_7_9_7_23_
10:41:48,48.05,1,579,48.10_48.15_48.20_48.25_48.30_,2_5_54_8_79_,48.00_47.95_47.90_47.85_47.80_,2_7_9_7_23_
10:44:12,48.05,1,579,48.10_48.15_48.20_48.30_48.40_,2_5_54_25_62_,48.05_48.00_47.95_47.90_47.85_,5_4_7_10_20_
10:44:38,48.05,1,579,48.10_48.15_48.20_48.30_48.35_,2_5_54_25_35_,48.05_48.00_47.95_47.90_47.85_,3_4_7_10_20_
10:44:58,48.00,2,587,48.05_48.10_48.15_48.20_48.25_,5_2_5_54_87_,48.00_47.95_47.90_47.85_47.80_,2_7_5_7_28_
10:45:04,48.05,1,588,48.05_48.10_48.15_48.20_48.25_,4_7_5_49_87_,48.00_47.95_47.90_47.85_47.80_,2_7_5_7_28_
10:45:09,48.00,1,589,48.05_48.10_48.15_48.20_48.25_,4_9_5_49_87_,48.00_47.95_47.90_47.85_47.80_,1_7_5_7_28_
10:45:45,47.95,7,599,47.95_48.00_48.05_48.10_48.15_,3_5_4_9_5_,47.90_47.85_47.80_47.70_47.65_,5_6_15_14_1_
10:45:50,47.95,2,601,47.95_48.00_48.05_48.10_48.15_,2_6_4_8_92_,47.90_47.85_47.80_47.70_47.65_,5_6_15_1_14_
10:46:10,47.90,1,604,47.95_48.00_48.05_48.10_48.15_,2_6_4_8_92_,47.90_47.85_47.80_47.70_47.65_,2_6_9_6_14_
10:46:51,47.80,1,614,47.85_47.90_47.95_48.00_48.05_,1_1_1_10_28_,47.80_47.70_47.65_47.60_47.55_,9_1_2_47_15_
10:48:19,47.85,1,624,47.90_47.95_48.00_48.05_48.10_,7_1_5_11_82_,47.80_47.70_47.65_47.60_47.55_,1_1_2_47_15_
10:48:24,47.85,1,624,47.90_47.95_48.00_48.05_48.10_,2_1_10_11_82_,47.80_47.70_47.65_47.60_47.55_,1_1_2_47_15_
10:48:29,47.85,1,624,47.90_47.95_48.00_48.05_48.10_,2_1_10_11_82_,47.80_47.70_47.65_47.60_47.55_,1_1_3_47_15_
10:48:34,47.85,1,624,47.90_47.95_48.00_48.05_48.10_,2_1_10_11_82_,47.80_47.70_47.65_47.60_47.55_,1_6_3_42_15_
10:48:49,47.85,1,624,47.90_47.95_48.00_48.05_48.10_,2_1_10_11_82_,47.80_47.70_47.65_47.60_47.55_,2_6_3_42_15_
10:49:10,47.90,1,625,47.90_47.95_48.00_48.05_48.10_,1_1_10_3_90_,47.85_47.80_47.70_47.65_47.60_,12_2_6_3_55_
10:50:37,47.85,4,658,47.85_48.00_48.05_48.10_48.15_,6_9_28_38_32_,47.80_47.70_47.65_47.60_47.55_,3_6_3_42_15_
10:51:08,47.85,1,659,47.85_47.95_48.00_48.05_48.10_,7_1_9_28_65_,47.80_47.75_47.70_47.65_47.60_,2_1_1_3_47_
10:51:23,47.85,1,659,47.85_47.95_48.00_48.05_48.10_,7_1_9_28_65_,47.80_47.75_47.70_47.65_47.60_,2_1_1_2_60_
10:52:04,47.85,1,662,47.85_47.95_48.00_48.05_48.10_,4_1_9_28_65_,47.80_47.75_47.70_47.65_47.60_,2_11_1_2_60_
10:52:09,47.85,1,662,47.85_47.95_48.00_48.05_48.10_,4_1_9_28_65_,47.80_47.75_47.70_47.65_47.60_,2_11_16_2_55_
10:52:25,47.85,1,662,47.85_47.95_48.00_48.05_48.10_,4_1_9_28_65_,47.80_47.75_47.70_47.65_47.60_,2_12_16_2_55_
10:53:42,47.85,1,669,47.95_48.00_48.05_48.10_48.15_,1_9_3_11_84_,47.85_47.80_47.75_47.70_47.65_,1_3_12_16_15_
10:54:07,47.85,1,669,47.95_48.00_48.05_48.10_48.15_,1_9_3_11_84_,47.85_47.80_47.75_47.70_47.65_,2_3_12_16_15_
10:55:19,47.80,1,675,47.80_47.85_47.90_47.95_48.00_,3_4_5_1_91_,47.75_47.70_47.65_47.60_47.55_,12_11_2_47_15_
10:55:40,47.80,2,677,47.80_47.85_47.90_47.95_48.00_,1_4_5_1_91_,47.75_47.70_47.65_47.60_47.55_,12_11_2_47_15_
10:55:55,47.80,2,677,47.80_47.85_47.90_47.95_48.00_,1_4_5_2_91_,47.75_47.70_47.65_47.60_47.55_,12_11_2_47_15_
10:56:01,47.80,2,677,47.80_47.85_47.90_47.95_48.00_,1_4_5_2_91_,47.75_47.70_47.65_47.60_47.55_,13_11_2_47_15_
10:56:11,47.80,1,678,47.85_47.90_47.95_48.00_48.05_,4_5_2_91_3_,47.80_47.75_47.70_47.65_47.60_,1_13_11_2_47_
10:56:16,47.80,1,678,47.85_47.95_48.00_48.05_48.10_,4_2_9_90_3_,47.80_47.75_47.70_47.65_47.60_,1_13_11_2_60_
10:56:26,47.75,3,681,47.85_47.95_48.00_48.05_48.10_,4_2_9_90_3_,47.75_47.70_47.65_47.60_47.55_,11_11_2_60_2_
10:57:48,47.85,1,694,47.85_47.95_48.00_48.05_48.10_,2_1_10_28_65_,47.80_47.75_47.70_47.65_47.60_,6_7_17_3_55_
10:59:10,47.95,1,700,47.95_48.00_48.10_48.15_48.20_,1_5_8_13_97_,47.90_47.85_47.80_47.75_47.70_,1_1_10_7_25_
10:59:36,47.95,1,700,47.95_48.00_48.10_48.15_48.20_,1_5_8_30_112_,47.90_47.80_47.75_47.70_47.65_,6_10_7_12_15_
11:00:06,47.95,1,700,48.00_48.10_48.15_48.20_48.40_,5_8_30_112_1_,47.95_47.90_47.80_47.75_47.70_,1_5_9_7_12_
11:00:12,47.95,1,700,48.00_48.10_48.15_48.20_48.35_,5_8_5_75_62_,47.95_47.90_47.80_47.75_47.70_,1_5_9_7_25_
11:01:03,47.95,1,701,48.00_48.10_48.15_48.20_48.25_,4_8_13_98_7_,47.90_47.80_47.75_47.70_47.65_,5_7_7_12_15_
11:03:47,47.95,1,704,47.95_48.00_48.10_48.15_48.20_,1_4_8_25_112_,47.90_47.80_47.75_47.70_47.65_,5_7_7_12_15_
11:04:44,47.95,1,704,47.95_48.00_48.10_48.15_48.20_,3_4_8_25_112_,47.90_47.80_47.75_47.70_47.65_,5_7_7_12_15_
11:05:09,47.95,1,705,47.95_48.00_48.10_48.15_48.20_,2_4_8_25_112_,47.90_47.80_47.75_47.70_47.65_,5_7_7_12_15_
11:06:21,47.95,1,707,48.00_48.10_48.15_48.20_48.35_,4_12_8_98_31_,47.90_47.80_47.75_47.70_47.65_,6_7_7_12_15_
11:07:43,48.00,2,711,48.10_48.20_48.25_48.30_48.35_,12_50_8_48_7_,48.00_47.95_47.90_47.80_47.75_,4_5_5_2_21_
11:07:49,48.00,2,711,48.10_48.20_48.25_48.30_48.35_,12_50_8_48_31_,48.00_47.95_47.90_47.80_47.75_,4_5_5_2_21_
11:08:04,48.10,1,712,48.10_48.20_48.25_48.30_48.35_,11_50_8_48_31_,48.00_47.95_47.90_47.80_47.75_,4_5_5_2_21_
11:08:09,48.10,1,712,48.10_48.20_48.25_48.30_48.35_,6_55_8_52_27_,48.00_47.95_47.90_47.80_47.75_,4_5_5_2_21_
11:08:50,48.10,1,712,48.10_48.20_48.25_48.30_48.35_,8_55_8_52_27_,48.00_47.95_47.90_47.80_47.75_,4_5_5_1_21_
11:09:36,48.10,8,720,48.20_48.30_48.40_48.45_48.50_,50_5_56_4_30_,48.15_48.10_48.00_47.95_47.85_,5_4_8_5_13_
11:11:09,48.15,1,725,48.20_48.35_48.40_48.45_48.50_,52_8_52_27_3_,48.10_48.00_47.95_47.90_47.85_,4_3_5_5_13_
11:11:55,48.15,2,731,48.15_48.20_48.35_48.40_48.45_,2_51_56_4_27_,48.10_48.00_47.95_47.90_47.80_,4_3_5_5_15_
11:12:05,48.10,1,732,48.15_48.20_48.35_48.40_48.45_,2_51_56_4_27_,48.10_48.00_47.95_47.80_47.75_,3_8_5_15_8_
11:12:15,48.10,1,733,48.15_48.20_48.35_48.40_48.45_,2_51_56_4_27_,48.10_48.00_47.95_47.80_47.75_,2_8_5_15_8_
11:12:20,48.10,1,733,48.15_48.20_48.35_48.40_48.45_,2_51_56_4_27_,48.10_48.00_47.95_47.80_47.75_,3_8_5_15_8_
11:12:46,48.15,1,734,48.15_48.20_48.35_48.40_48.45_,5_51_56_4_27_,48.10_48.00_47.95_47.80_47.75_,2_8_5_15_8_
11:14:49,48.15,1,734,48.15_48.20_48.35_48.40_48.45_,9_51_56_4_27_,48.10_48.00_47.95_47.80_47.75_,2_8_5_15_8_
11:15:30,48.15,1,734,48.15_48.20_48.35_48.40_48.45_,9_51_56_4_27_,48.10_48.00_47.95_47.80_47.75_,2_8_5_15_8_
11:16:17,48.15,1,734,48.15_48.20_48.35_48.40_48.45_,9_51_56_4_27_,48.10_48.00_47.95_47.90_47.80_,2_3_5_5_15_
11:16:27,48.15,4,738,48.15_48.20_48.35_48.40_48.45_,5_51_56_4_27_,48.10_48.00_47.95_47.90_47.80_,2_3_5_5_15_
11:16:52,48.15,1,743,48.20_48.35_48.40_48.45_48.50_,51_56_4_27_3_,48.10_48.00_47.95_47.90_47.80_,2_3_5_5_15_
11:16:58,48.15,1,743,48.20_48.35_48.40_48.45_48.50_,51_8_52_27_3_,48.10_48.00_47.95_47.90_47.85_,2_3_5_5_13_
11:17:18,48.15,1,743,48.20_48.35_48.40_48.45_48.50_,51_8_52_27_3_,48.15_48.10_48.00_47.95_47.90_,1_2_3_5_5_
11:17:23,48.15,1,743,48.20_48.30_48.40_48.45_48.50_,46_5_56_4_30_,48.15_48.10_48.00_47.95_47.90_,1_2_8_5_13_
11:17:59,48.20,1,744,48.20_48.30_48.40_48.45_48.50_,45_5_56_4_30_,48.15_48.10_48.00_47.95_47.90_,2_2_8_5_16_
11:18:45,48.15,2,746,48.20_48.30_48.40_48.45_48.50_,45_5_56_4_30_,48.15_48.10_48.00_47.95_47.90_,1_2_8_5_16_
11:19:11,48.15,2,746,48.20_48.30_48.35_48.40_48.45_,45_5_1_56_4_,48.15_48.10_48.00_47.95_47.90_,1_2_8_5_16_
11:19:52,48.15,4,751,48.15_48.20_48.30_48.35_48.40_,5_50_56_5_27_,48.00_47.95_47.90_47.80_47.75_,3_5_8_2_21_
11:20:43,48.00,1,752,48.15_48.20_48.30_48.35_48.40_,5_50_56_5_27_,48.00_47.95_47.90_47.80_47.75_,7_5_8_2_23_
11:23:43,48.00,1,755,48.05_48.15_48.20_48.25_48.30_,2_6_50_56_31_,48.00_47.95_47.90_47.80_47.75_,5_5_8_2_23_
11:23:48,48.00,1,755,48.05_48.10_48.15_48.20_48.25_,2_4_6_50_56_,48.00_47.95_47.90_47.80_47.75_,5_5_8_2_23_
11:24:08,48.00,1,755,48.05_48.10_48.15_48.20_48.25_,2_4_6_50_87_,48.00_47.95_47.90_47.80_47.75_,4_5_5_2_23_
11:24:39,48.00,1,755,48.05_48.10_48.15_48.20_48.25_,2_4_6_50_87_,48.00_47.95_47.90_47.80_47.75_,5_5_5_2_23_
11:25:05,48.00,1,756,48.05_48.10_48.15_48.20_48.25_,2_4_6_50_87_,48.00_47.95_47.90_47.80_47.75_,4_5_5_2_23_
11:25:10,48.00,3,759,48.05_48.10_48.15_48.20_48.25_,2_4_6_50_87_,48.00_47.95_47.90_47.80_47.75_,1_5_5_2_23_
11:25:15,48.00,3,759,48.05_48.10_48.15_48.20_48.25_,2_4_6_50_87_,48.00_47.95_47.90_47.80_47.75_,2_5_5_2_23_
11:25:36,48.00,3,759,48.05_48.10_48.15_48.20_48.25_,2_9_6_45_87_,48.00_47.95_47.90_47.80_47.75_,2_5_5_2_23_
11:26:06,48.00,1,762,48.05_48.10_48.15_48.20_48.25_,2_9_6_53_79_,47.95_47.80_47.75_47.70_47.65_,6_7_10_25_2_
11:26:37,48.00,1,763,48.00_48.10_48.15_48.20_48.25_,1_9_6_101_31_,47.95_47.80_47.75_47.70_47.65_,6_7_10_12_15_
11:26:53,47.95,1,764,48.00_48.10_48.15_48.20_48.25_,1_9_6_101_31_,47.95_47.80_47.75_47.70_47.65_,5_7_10_12_15_
11:27:39,47.85,1,772,47.85_48.00_48.05_48.10_48.15_,1_6_56_8_33_,47.80_47.75_47.70_47.65_47.60_,2_10_17_2_55_
11:27:44,47.85,1,772,47.85_47.90_48.00_48.05_48.10_,1_5_1_56_8_,47.80_47.75_47.70_47.65_47.60_,2_10_17_2_55_
11:27:54,47.80,1,773,47.85_47.95_48.00_48.05_48.10_,1_1_6_56_8_,47.80_47.75_47.70_47.65_47.60_,6_10_12_2_55_
11:28:30,47.85,1,774,47.95_48.00_48.10_48.15_48.20_,2_1_65_36_1_,47.80_47.75_47.70_47.65_47.60_,7_9_12_2_55_
11:29:11,47.85,1,774,47.95_48.00_48.10_48.15_48.20_,2_1_65_36_1_,47.80_47.75_47.70_47.65_47.60_,7_10_13_2_55_
11:29:21,47.85,1,774,47.95_48.00_48.10_48.15_48.20_,2_1_65_36_1_,47.80_47.75_47.70_47.65_47.60_,7_10_13_2_56_
11:31:09,47.80,1,776,47.95_48.00_48.10_48.15_48.20_,1_5_29_40_28_,47.85_47.80_47.75_47.70_47.65_,1_7_8_13_2_
11:31:45,47.80,1,777,47.95_48.00_48.10_48.15_48.20_,1_5_29_40_28_,47.80_47.75_47.70_47.65_47.60_,7_8_18_3_61_
11:32:21,47.80,2,779,47.95_48.00_48.10_48.15_48.20_,2_5_29_40_28_,47.80_47.75_47.70_47.65_47.60_,10_8_18_3_61_
11:33:33,47.80,1,785,47.95_48.00_48.10_48.15_48.20_,2_5_60_9_28_,47.80_47.75_47.70_47.65_47.60_,8_8_18_3_61_
11:33:38,47.80,1,786,47.95_48.00_48.10_48.15_48.20_,2_5_60_9_28_,47.80_47.75_47.70_47.65_47.60_,7_8_18_3_61_
11:33:43,47.80,1,786,47.95_48.00_48.10_48.15_48.20_,2_5_60_9_28_,47.85_47.80_47.75_47.70_47.65_,1_7_8_18_3_
11:33:48,47.80,1,786,47.95_48.00_48.10_48.15_48.20_,2_5_12_57_28_,47.85_47.80_47.75_47.70_47.65_,1_7_8_17_16_
11:33:53,47.80,1,786,47.90_47.95_48.00_48.10_48.15_,1_2_5_12_57_,47.85_47.80_47.75_47.70_47.65_,1_7_8_17_16_
11:33:58,47.80,1,786,47.90_47.95_48.00_48.10_48.15_,1_2_5_60_36_,47.85_47.80_47.75_47.70_47.65_,1_7_8_17_16_
11:34:03,47.85,1,787,47.90_47.95_48.00_48.10_48.15_,1_2_5_60_36_,47.80_47.75_47.70_47.65_47.60_,7_8_17_16_48_
11:35:00,47.85,1,787,47.90_47.95_48.00_48.10_48.15_,1_4_5_91_5_,47.85_47.80_47.75_47.70_47.65_,1_8_7_17_16_
11:35:41,47.85,1,788,47.85_47.90_47.95_48.00_48.10_,2_1_4_5_91_,47.80_47.75_47.70_47.65_47.60_,8_7_17_16_48_
11:36:47,47.80,2,801,47.80_47.85_47.90_47.95_48.00_,2_1_6_4_87_,47.75_47.70_47.65_47.60_47.55_,8_13_3_53_15_
11:37:03,47.80,1,802,47.80_47.85_47.90_47.95_48.00_,1_1_6_4_87_,47.75_47.70_47.65_47.60_47.55_,7_13_3_53_15_
11:37:44,47.80,1,802,47.80_47.90_47.95_48.00_48.10_,1_6_4_88_4_,47.75_47.70_47.65_47.60_47.55_,7_13_4_53_15_
11:38:45,47.80,1,803,47.90_47.95_48.00_48.10_48.15_,6_4_88_4_5_,47.75_47.70_47.65_47.60_47.55_,7_13_4_53_15_
11:38:51,47.80,1,803,47.90_47.95_48.00_48.05_48.10_,6_4_1_56_8_,47.75_47.70_47.65_47.60_47.55_,8_17_4_48_15_
11:39:21,47.80,1,803,47.90_47.95_48.00_48.05_48.10_,5_4_7_8_83_,47.80_47.75_47.70_47.65_47.60_,3_7_17_4_61_
11:39:42,47.90,2,805,47.90_47.95_48.00_48.05_48.10_,3_4_6_8_83_,47.80_47.75_47.70_47.65_47.60_,3_7_17_4_61_
11:40:43,47.80,1,813,47.85_47.90_47.95_48.00_48.05_,3_8_4_6_87_,47.80_47.75_47.70_47.65_47.60_,2_7_17_4_61_
11:41:24,47.80,2,815,47.80_47.85_47.90_47.95_48.00_,3_3_13_4_88_,47.75_47.70_47.65_47.60_47.55_,7_12_4_53_15_
11:42:46,47.80,1,816,47.80_47.85_47.90_47.95_48.00_,2_6_13_4_88_,47.75_47.70_47.65_47.60_47.55_,7_12_4_53_15_
11:43:12,47.75,2,818,47.80_47.85_47.90_47.95_48.00_,2_6_13_4_88_,47.75_47.70_47.65_47.60_47.55_,5_12_4_53_15_
11:45:15,47.80,1,821,47.80_47.85_47.90_47.95_48.00_,2_6_8_4_93_,47.75_47.70_47.65_47.60_47.55_,6_18_4_48_16_
11:45:41,47.80,1,821,47.80_47.85_47.90_47.95_48.00_,2_6_13_4_88_,47.75_47.70_47.65_47.60_47.55_,6_18_4_48_16_
11:46:17,47.80,1,821,47.80_47.85_47.90_47.95_48.00_,4_6_13_4_88_,47.75_47.70_47.65_47.60_47.55_,6_18_4_48_16_
11:46:22,47.80,1,822,47.80_47.85_47.90_47.95_48.00_,3_6_13_4_88_,47.75_47.70_47.65_47.60_47.55_,6_13_4_53_16_
11:46:32,47.80,1,822,47.80_47.85_47.90_47.95_48.00_,3_6_13_4_88_,47.75_47.70_47.65_47.60_47.55_,8_13_4_53_16_
11:47:08,47.80,1,825,47.85_47.90_47.95_48.00_48.05_,6_14_4_1_56_,47.80_47.75_47.70_47.65_47.60_,1_7_17_4_61_
11:48:05,47.80,1,827,47.80_47.85_47.90_47.95_48.00_,5_6_14_2_88_,47.75_47.70_47.65_47.60_47.55_,5_12_4_53_15_
11:50:23,47.80,1,835,47.80_47.85_47.90_47.95_48.00_,2_2_14_2_87_,47.75_47.70_47.65_47.60_47.55_,7_22_4_53_15_
11:50:54,47.80,1,835,47.80_47.85_47.90_47.95_48.00_,2_2_14_2_87_,47.75_47.70_47.65_47.60_47.55_,8_22_4_53_15_
11:51:29,47.80,1,836,47.80_47.85_47.90_47.95_48.00_,1_2_14_2_87_,47.75_47.70_47.65_47.60_47.55_,8_22_4_53_15_
11:51:55,47.80,1,836,47.80_47.85_47.90_47.95_48.00_,3_2_14_2_87_,47.75_47.70_47.65_47.60_47.55_,9_22_4_53_15_
11:53:28,47.80,1,836,47.80_47.85_47.90_47.95_48.00_,4_2_14_2_87_,47.75_47.70_47.65_47.60_47.55_,9_22_4_53_15_
11:54:44,47.80,1,836,47.80_47.85_47.90_47.95_48.00_,4_2_14_2_87_,47.75_47.70_47.65_47.60_47.55_,7_22_4_53_15_
11:55:15,47.80,1,836,47.80_47.85_47.90_47.95_48.00_,4_2_14_2_87_,47.75_47.70_47.65_47.60_47.55_,9_22_4_53_15_
11:56:58,47.65,2,878,47.65_47.70_47.75_47.80_47.85_,19_15_1_7_89_,47.60_47.55_47.50_47.40_47.35_,49_2_23_1_13_
11:57:49,47.65,3,907,47.65_47.75_47.80_47.85_47.90_,5_1_7_27_71_,47.60_47.55_47.50_47.40_47.35_,36_2_23_1_13_
11:57:54,47.65,3,907,47.65_47.75_47.80_47.85_47.90_,5_1_7_27_71_,47.60_47.55_47.50_47.40_47.35_,36_2_24_1_13_
11:58:40,47.70,2,915,47.70_47.75_47.80_47.85_47.90_,11_14_6_2_34_,47.65_47.60_47.55_47.50_47.40_,1_35_2_25_14_
11:58:56,47.70,2,915,47.70_47.75_47.80_47.85_47.90_,11_14_7_2_34_,47.65_47.60_47.55_47.50_47.40_,4_35_2_25_14_
11:59:01,47.70,2,915,47.70_47.75_47.80_47.85_47.90_,11_14_7_2_96_,47.65_47.60_47.55_47.50_47.40_,4_35_2_25_14_
11:59:16,47.70,2,915,47.70_47.75_47.80_47.85_47.90_,11_14_7_2_96_,47.65_47.60_47.55_47.50_47.40_,4_36_2_25_14_
11:59:31,47.65,4,919,47.65_47.70_47.80_47.85_47.90_,10_11_7_2_96_,47.60_47.55_47.50_47.40_47.30_,36_2_25_14_7_
11:59:37,47.65,4,919,47.65_47.70_47.80_47.85_47.90_,10_11_7_27_71_,47.60_47.55_47.50_47.40_47.35_,36_2_25_1_13_
12:01:04,47.65,1,961,47.65_47.70_47.80_47.85_47.90_,1_16_2_27_71_,47.60_47.55_47.50_47.40_47.35_,17_2_21_6_13_
12:01:09,47.65,1,961,47.65_47.70_47.80_47.85_47.90_,1_16_2_27_71_,47.60_47.55_47.50_47.40_47.35_,17_2_26_1_13_
12:01:19,47.65,1,961,47.65_47.70_47.80_47.85_47.90_,1_16_2_27_71_,47.60_47.55_47.50_47.40_47.35_,18_2_26_1_13_
12:03:07,47.65,1,965,47.65_47.70_47.80_47.85_47.90_,1_16_2_27_71_,47.60_47.55_47.50_47.40_47.35_,16_3_21_7_13_
12:03:32,47.65,1,967,47.65_47.70_47.80_47.85_47.90_,1_16_2_27_71_,47.60_47.55_47.50_47.40_47.35_,18_3_21_7_13_
12:03:38,47.65,1,967,47.70_47.80_47.85_47.90_47.95_,16_2_58_40_2_,47.60_47.55_47.50_47.40_47.35_,18_2_21_7_13_
12:03:43,47.65,1,967,47.70_47.80_47.85_47.90_47.95_,16_2_10_61_29_,47.60_47.55_47.50_47.40_47.30_,18_2_21_20_8_
12:03:53,47.65,1,967,47.70_47.80_47.85_47.90_47.95_,16_1_10_61_29_,47.60_47.55_47.50_47.40_47.30_,18_2_21_20_8_
12:04:19,47.65,1,967,47.65_47.70_47.80_47.85_47.90_,11_6_1_59_40_,47.60_47.55_47.50_47.40_47.35_,18_2_21_7_13_
12:05:41,47.60,9,989,47.60_47.65_47.70_47.80_47.85_,6_11_5_1_59_,47.55_47.50_47.40_47.35_47.30_,3_20_7_13_9_
12:06:01,47.55,5,998,47.55_47.60_47.70_47.75_47.80_,3_10_1_56_4_,47.50_47.40_47.30_47.25_47.20_,20_3_14_13_1_
12:06:12,47.50,5,1005,47.55_47.60_47.70_47.75_47.80_,4_10_1_25_62_,47.50_47.40_47.30_47.25_47.20_,15_3_14_13_1_
12:07:18,47.40,2,1025,47.45_47.50_47.55_47.60_47.65_,3_19_4_5_88_,47.30_47.20_47.15_47.10_47.05_,9_1_13_6_1_
12:07:23,47.30,1,1026,47.40_47.45_47.50_47.55_47.60_,5_3_14_4_30_,47.30_47.20_47.10_47.00_46.95_,8_1_19_9_1_
12:07:29,47.30,1,1027,47.40_47.45_47.50_47.55_47.60_,5_3_14_12_84_,47.30_47.20_47.10_47.00_46.90_,8_1_19_9_1_
12:07:39,47.30,1,1027,47.40_47.45_47.50_47.55_47.60_,5_3_14_12_84_,47.35_47.30_47.20_47.10_47.00_,1_8_1_19_9_
12:07:44,47.30,5,1032,47.35_47.40_47.45_47.50_47.55_,1_5_3_14_4_,47.30_47.20_47.10_47.00_46.90_,6_1_19_9_1_
12:07:49,47.30,1,1033,47.35_47.40_47.45_47.50_47.55_,2_5_3_14_91_,47.30_47.20_47.10_47.05_47.00_,5_1_6_13_9_
12:07:54,47.10,11,1044,47.35_47.40_47.45_47.50_47.55_,2_5_4_14_91_,47.10_47.05_47.00_46.90_46.85_,1_13_9_1_1_
12:07:59,47.10,1,1045,47.30_47.35_47.45_47.50_47.55_,7_2_29_49_31_,47.00_46.95_46.90_46.85_46.80_,14_13_1_1_4_
12:08:04,47.10,1,1045,47.20_47.25_47.30_47.35_47.40_,5_1_2_10_21_,47.00_46.90_46.80_46.70_46.65_,10_19_4_1_1_
12:08:10,47.10,1,1045,47.20_47.25_47.30_47.35_47.40_,5_1_10_23_58_,47.00_46.90_46.85_46.80_46.65_,10_6_13_4_1_
12:08:15,47.00,2,1047,47.20_47.25_47.30_47.35_47.40_,5_1_9_22_58_,47.00_46.90_46.85_46.80_46.65_,8_6_13_4_1_
12:08:20,47.00,2,1049,47.05_47.20_47.25_47.30_47.35_,1_5_1_9_22_,47.00_46.90_46.85_46.80_46.65_,6_6_13_4_1_
12:08:25,47.00,1,1050,47.10_47.15_47.25_47.30_47.35_,5_1_26_36_28_,47.00_46.90_46.80_46.70_46.65_,5_6_4_13_1_
12:08:30,47.10,6,1056,47.10_47.15_47.25_47.30_47.35_,4_1_9_22_59_,47.05_47.00_46.90_46.80_46.65_,2_5_1_22_1_
12:08:35,47.10,6,1056,47.10_47.15_47.25_47.30_47.35_,4_1_1_30_59_,47.05_47.00_46.90_46.80_46.65_,3_4_6_17_1_
12:08:40,47.10,6,1056,47.20_47.25_47.30_47.35_47.50_,6_1_30_59_14_,47.05_47.00_46.90_46.80_46.65_,3_6_6_17_1_
12:08:45,47.10,6,1056,47.20_47.25_47.30_47.35_47.45_,6_1_1_30_58_,47.05_47.00_46.90_46.85_46.80_,3_6_6_14_4_
12:08:51,47.10,6,1056,47.20_47.25_47.30_47.35_47.45_,6_1_1_30_58_,47.10_47.05_47.00_46.90_46.85_,3_4_7_6_14_
12:08:56,47.10,6,1056,47.20_47.25_47.30_47.35_47.40_,6_1_1_9_21_,47.15_47.10_47.05_47.00_46.90_,2_4_1_7_6_
12:09:01,47.10,6,1056,47.20_47.25_47.30_47.35_47.40_,1_1_6_1_87_,47.15_47.10_47.05_47.00_46.90_,2_4_1_12_14_
12:09:06,47.10,6,1056,47.20_47.25_47.30_47.35_47.40_,1_1_6_1_87_,47.15_47.10_47.05_47.00_46.90_,2_4_2_12_14_
12:09:11,47.10,6,1056,47.20_47.25_47.30_47.35_47.40_,1_1_6_1_88_,47.15_47.10_47.05_47.00_46.90_,2_4_2_12_14_
12:09:32,47.10,6,1056,47.20_47.25_47.30_47.35_47.40_,1_1_6_1_88_,47.15_47.10_47.05_47.00_46.90_,3_4_2_12_14_
12:09:42,47.10,6,1056,47.25_47.30_47.35_47.40_47.50_,1_6_1_88_14_,47.20_47.15_47.10_47.05_47.00_,1_3_4_2_12_
12:09:47,47.10,6,1056,47.25_47.30_47.35_47.40_47.45_,1_6_1_1_29_,47.20_47.15_47.10_47.05_47.00_,3_1_9_2_20_
12:10:02,47.10,6,1056,47.25_47.30_47.35_47.40_47.45_,1_1_1_6_87_,47.20_47.15_47.10_47.05_47.00_,3_1_9_2_21_
12:11:29,47.25,1,1057,47.30_47.35_47.40_47.50_47.55_,1_1_6_43_62_,47.25_47.15_47.10_47.05_47.00_,1_1_10_3_22_
12:11:35,47.25,1,1057,47.30_47.35_47.40_47.50_47.55_,1_1_6_46_62_,47.25_47.15_47.10_47.05_47.00_,1_1_10_3_22_
12:11:40,47.25,1,1057,47.30_47.35_47.40_47.50_47.55_,1_1_6_46_62_,47.25_47.15_47.10_47.05_47.00_,1_1_10_3_23_
12:11:45,47.25,1,1057,47.30_47.35_47.40_47.50_47.55_,1_1_6_53_62_,47.25_47.15_47.10_47.05_47.00_,1_1_10_3_23_
12:12:11,47.25,1,1058,47.30_47.35_47.40_47.50_47.55_,1_1_6_117_4_,47.25_47.20_47.15_47.10_47.05_,1_2_2_9_3_
12:12:52,47.25,1,1058,47.30_47.35_47.40_47.50_47.55_,1_1_8_59_62_,47.25_47.20_47.15_47.10_47.05_,3_2_1_9_3_
12:13:07,47.25,2,1060,47.30_47.35_47.40_47.50_47.55_,1_1_8_59_62_,47.25_47.20_47.15_47.10_47.05_,1_2_1_9_3_
12:13:12,47.25,2,1060,47.30_47.35_47.40_47.50_47.55_,1_1_8_59_62_,47.25_47.20_47.15_47.10_47.05_,1_2_1_9_16_
12:14:50,47.25,1,1061,47.30_47.35_47.40_47.50_47.55_,1_1_8_59_62_,47.25_47.20_47.15_47.10_47.05_,9_3_2_9_16_
12:14:55,47.25,1,1061,47.30_47.40_47.50_47.55_47.60_,1_8_59_62_5_,47.25_47.20_47.15_47.10_47.05_,9_3_2_9_16_
12:17:03,47.20,3,1076,47.25_47.30_47.40_47.45_47.50_,3_6_11_52_55_,47.15_47.10_47.05_47.00_46.90_,2_4_3_25_14_
12:17:13,47.10,4,1082,47.10_47.15_47.25_47.30_47.35_,3_3_3_6_29_,47.05_47.00_46.90_46.85_46.80_,3_25_1_13_4_
12:17:24,47.05,4,1086,47.10_47.15_47.20_47.25_47.30_,3_3_5_3_30_,47.00_46.90_46.80_46.65_46.60_,20_6_17_1_1_
12:17:29,47.05,4,1086,47.10_47.15_47.20_47.25_47.30_,3_3_5_11_80_,47.00_46.95_46.90_46.80_46.70_,20_1_6_4_13_
12:17:44,47.05,4,1086,47.10_47.15_47.20_47.25_47.30_,3_3_5_11_80_,47.00_46.95_46.90_46.80_46.75_,19_1_6_4_13_
12:18:00,47.00,19,1105,47.00_47.10_47.15_47.20_47.25_,1_8_3_25_65_,46.95_46.90_46.80_46.70_46.60_,1_1_9_13_1_
12:18:41,46.95,1,1106,47.00_47.10_47.15_47.20_47.25_,1_8_3_25_65_,46.95_46.90_46.80_46.55_46.50_,4_2_9_13_22_
12:19:01,47.00,1,1107,47.10_47.15_47.20_47.25_47.40_,8_3_26_65_3_,46.95_46.90_46.80_46.55_46.50_,4_2_9_13_22_
12:19:06,47.10,4,1111,47.10_47.15_47.20_47.25_47.35_,4_3_1_32_58_,46.95_46.90_46.80_46.55_46.50_,4_2_9_14_22_
12:19:11,47.10,4,1111,47.10_47.15_47.20_47.25_47.30_,4_3_1_32_31_,46.95_46.90_46.80_46.60_46.55_,4_2_9_13_1_
12:19:16,47.10,4,1111,47.10_47.15_47.20_47.25_47.30_,4_3_1_32_31_,46.95_46.90_46.80_46.60_46.55_,4_7_4_13_1_
12:19:22,47.10,1,1112,47.10_47.15_47.20_47.25_47.30_,3_3_1_32_31_,46.95_46.90_46.80_46.60_46.55_,4_8_4_13_1_
12:19:27,47.10,1,1112,47.15_47.20_47.25_47.30_47.40_,3_6_32_58_3_,46.95_46.90_46.80_46.60_46.55_,4_8_4_13_1_
12:19:32,47.10,1,1112,47.15_47.20_47.25_47.30_47.35_,3_6_11_52_3_,46.95_46.90_46.80_46.65_46.60_,4_8_4_1_13_
12:20:03,47.10,1,1112,47.15_47.20_47.25_47.30_47.35_,3_5_11_52_27_,46.95_46.90_46.80_46.70_46.65_,11_8_5_13_1_
12:20:13,47.10,1,1112,47.15_47.20_47.25_47.30_47.35_,3_5_12_52_27_,46.95_46.90_46.80_46.70_46.65_,11_7_5_13_1_
12:21:15,47.05,2,1115,47.15_47.20_47.25_47.30_47.35_,2_5_3_29_58_,47.00_46.95_46.90_46.80_46.65_,2_10_7_18_1_
12:22:06,47.05,2,1115,47.15_47.20_47.25_47.30_47.35_,2_5_3_8_79_,47.05_47.00_46.95_46.90_46.85_,4_1_9_7_14_
12:23:07,47.05,3,1118,47.15_47.20_47.25_47.30_47.35_,2_5_3_8_79_,47.05_47.00_46.95_46.90_46.85_,2_3_10_7_14_
12:23:28,47.05,3,1118,47.15_47.20_47.25_47.30_47.35_,2_5_3_8_79_,47.05_47.00_46.95_46.90_46.85_,2_4_10_7_14_
12:23:33,47.05,3,1118,47.15_47.20_47.25_47.30_47.35_,2_5_3_8_79_,47.05_47.00_46.95_46.90_46.85_,2_5_10_7_14_
12:23:44,47.05,3,1118,47.15_47.20_47.25_47.30_47.35_,2_5_3_8_79_,47.05_47.00_46.95_46.90_46.85_,4_5_10_7_14_
12:25:57,47.15,2,1120,47.25_47.30_47.40_47.45_47.50_,4_5_11_52_55_,47.15_47.10_47.05_47.00_46.95_,9_4_4_12_23_
12:26:02,47.15,2,1120,47.25_47.30_47.40_47.45_47.50_,4_5_11_52_55_,47.20_47.15_47.10_47.05_47.00_,5_9_4_4_12_
12:26:07,47.15,2,1120,47.25_47.30_47.40_47.45_47.50_,4_5_3_29_86_,47.20_47.15_47.10_47.05_47.00_,6_8_9_4_20_
12:26:18,47.20,1,1121,47.25_47.30_47.40_47.45_47.50_,4_5_3_29_86_,47.20_47.15_47.10_47.05_47.00_,5_8_9_4_20_
12:26:59,47.20,2,1127,47.25_47.30_47.40_47.45_47.50_,3_5_4_29_86_,47.15_47.10_47.05_47.00_46.95_,9_9_5_21_10_
12:27:14,47.25,2,1129,47.25_47.30_47.40_47.45_47.50_,4_5_12_52_55_,47.20_47.15_47.10_47.05_47.00_,1_9_4_5_14_
12:27:40,47.20,1,1133,47.25_47.30_47.40_47.45_47.50_,2_5_4_29_86_,47.20_47.15_47.10_47.05_47.00_,2_9_9_3_23_
12:28:26,47.20,2,1136,47.25_47.30_47.40_47.45_47.50_,1_5_13_52_55_,47.15_47.10_47.05_47.00_46.95_,8_4_3_15_23_
12:28:41,47.15,1,1137,47.30_47.40_47.45_47.50_47.55_,5_13_52_55_4_,47.15_47.10_47.05_47.00_46.95_,7_4_3_15_23_
12:28:46,47.15,1,1137,47.30_47.40_47.45_47.50_47.55_,5_5_29_59_31_,47.20_47.15_47.10_47.05_47.00_,2_7_9_3_10_
12:28:51,47.15,1,1137,47.40_47.45_47.50_47.55_47.60_,10_8_80_31_5_,47.20_47.15_47.10_47.05_47.00_,2_7_9_3_24_
12:28:57,47.20,1,1138,47.40_47.50_47.55_47.60_47.75_,10_36_56_32_2_,47.20_47.15_47.10_47.05_47.00_,1_7_9_3_24_
12:29:17,47.20,1,1138,47.40_47.50_47.55_47.60_47.65_,10_36_56_8_24_,47.20_47.15_47.10_47.05_47.00_,2_7_9_3_24_
12:29:38,47.20,1,1138,47.40_47.50_47.55_47.60_47.65_,5_41_56_8_24_,47.20_47.15_47.10_47.05_47.00_,7_7_4_3_23_
12:31:05,47.20,2,1140,47.40_47.50_47.55_47.60_47.65_,5_41_56_8_24_,47.20_47.15_47.10_47.05_47.00_,7_8_6_3_23_
12:31:41,47.20,2,1140,47.40_47.50_47.55_47.60_47.65_,5_41_56_8_24_,47.20_47.15_47.10_47.05_47.00_,8_8_6_3_23_
12:34:20,47.20,1,1151,47.30_47.40_47.45_47.50_47.55_,1_10_8_80_31_,47.20_47.15_47.10_47.05_47.00_,3_9_11_3_41_
12:35:01,47.20,1,1151,47.30_47.35_47.40_47.50_47.55_,2_1_9_57_62_,47.25_47.20_47.15_47.10_47.05_,2_2_9_11_16_
12:35:12,47.20,1,1151,47.30_47.35_47.40_47.50_47.55_,2_1_9_57_62_,47.25_47.20_47.15_47.10_47.05_,2_3_7_11_16_
12:37:40,47.25,1,1154,47.25_47.30_47.40_47.45_47.50_,2_3_9_29_86_,47.20_47.15_47.10_47.05_47.00_,4_8_11_4_43_
12:37:51,47.25,1,1154,47.25_47.30_47.40_47.45_47.50_,2_3_9_29_86_,47.20_47.15_47.10_47.05_47.00_,4_8_11_4_42_
12:38:01,47.25,1,1154,47.25_47.30_47.40_47.45_47.50_,3_3_9_29_86_,47.20_47.15_47.10_47.05_47.00_,4_8_11_4_42_
12:38:06,47.25,1,1154,47.25_47.30_47.40_47.45_47.50_,3_3_9_29_86_,47.20_47.15_47.10_47.05_47.00_,4_9_11_4_42_
12:38:11,47.25,1,1155,47.25_47.30_47.40_47.45_47.50_,2_3_9_29_86_,47.20_47.15_47.10_47.05_47.00_,4_9_11_4_42_
12:38:21,47.25,1,1155,47.25_47.30_47.40_47.45_47.50_,3_3_9_29_86_,47.20_47.15_47.10_47.05_47.00_,4_9_11_4_41_
12:40:09,47.25,5,1168,47.30_47.40_47.45_47.50_47.55_,2_10_8_80_31_,47.20_47.15_47.10_47.05_47.00_,2_9_11_3_41_
12:40:29,47.25,5,1168,47.30_47.40_47.45_47.50_47.55_,2_10_8_80_31_,47.20_47.15_47.10_47.05_47.00_,4_9_11_3_41_
12:40:45,47.25,5,1168,47.30_47.40_47.45_47.50_47.55_,2_10_8_80_31_,47.20_47.15_47.10_47.05_47.00_,5_9_11_3_41_
12:40:50,47.25,5,1168,47.30_47.40_47.45_47.50_47.55_,2_10_8_80_31_,47.25_47.20_47.15_47.10_47.05_,1_5_7_11_3_
12:40:55,47.25,5,1168,47.30_47.35_47.40_47.50_47.55_,2_1_9_57_62_,47.25_47.20_47.15_47.10_47.05_,1_5_7_11_16_
12:41:15,47.30,2,1170,47.35_47.40_47.50_47.55_47.60_,1_9_57_62_5_,47.25_47.20_47.15_47.10_47.05_,1_5_7_11_16_
12:41:21,47.30,2,1170,47.35_47.40_47.50_47.55_47.60_,1_9_36_56_32_,47.25_47.20_47.15_47.10_47.05_,2_5_7_11_16_
12:41:26,47.30,2,1170,47.35_47.40_47.50_47.55_47.60_,1_9_36_56_32_,47.30_47.25_47.20_47.15_47.10_,1_2_5_7_11_
12:41:31,47.30,2,1170,47.35_47.40_47.50_47.55_47.60_,1_9_28_33_63_,47.30_47.25_47.20_47.15_47.10_,1_2_10_7_18_
12:41:36,47.35,1,1171,47.40_47.50_47.55_47.60_47.75_,9_28_33_63_2_,47.30_47.25_47.20_47.15_47.10_,1_4_10_7_18_
12:41:41,47.35,1,1171,47.40_47.50_47.55_47.60_47.70_,4_33_12_57_27_,47.30_47.25_47.20_47.15_47.10_,2_4_8_7_18_
12:41:51,47.35,1,1171,47.40_47.50_47.55_47.60_47.65_,4_33_12_57_3_,47.30_47.25_47.20_47.15_47.10_,2_4_6_7_18_
12:42:53,47.35,1,1171,47.40_47.50_47.55_47.60_47.65_,4_33_12_57_27_,47.30_47.25_47.20_47.15_47.10_,7_4_6_7_18_
12:44:00,47.40,1,1174,47.40_47.50_47.55_47.60_47.65_,2_33_4_65_27_,47.35_47.30_47.25_47.20_47.15_,2_7_4_6_20_
12:44:20,47.40,1,1174,47.40_47.50_47.55_47.60_47.65_,2_33_5_65_27_,47.35_47.30_47.25_47.20_47.15_,2_7_4_6_20_
12:45:17,47.35,1,1175,47.40_47.50_47.55_47.60_47.65_,2_33_5_65_27_,47.35_47.30_47.25_47.20_47.15_,2_7_4_6_20_
12:46:08,47.30,1,1179,47.35_47.40_47.50_47.55_47.60_,1_2_33_65_32_,47.30_47.25_47.20_47.15_47.10_,7_4_6_7_18_
12:46:34,47.40,1,1181,47.40_47.50_47.55_47.60_47.70_,1_33_6_65_27_,47.35_47.30_47.25_47.20_47.15_,2_7_4_6_20_
12:46:44,47.40,1,1181,47.40_47.50_47.55_47.60_47.70_,1_33_6_65_27_,47.35_47.30_47.25_47.20_47.15_,2_7_4_7_20_
12:46:59,47.40,1,1181,47.40_47.50_47.55_47.60_47.70_,1_33_6_65_27_,47.35_47.30_47.25_47.20_47.15_,2_7_4_17_20_
12:47:46,47.40,1,1182,47.45_47.50_47.55_47.60_47.65_,1_33_6_5_87_,47.40_47.35_47.30_47.25_47.20_,2_2_7_2_29_
12:48:37,47.40,1,1182,47.45_47.50_47.55_47.65_47.75_,1_33_6_87_1_,47.40_47.35_47.30_47.25_47.20_,2_2_12_2_24_
12:49:33,47.45,1,1183,47.45_47.50_47.55_47.65_47.70_,5_33_6_60_27_,47.40_47.35_47.30_47.25_47.20_,2_2_13_1_24_
12:51:21,47.45,1,1183,47.45_47.50_47.55_47.65_47.70_,6_34_6_60_27_,47.40_47.35_47.30_47.25_47.20_,2_2_13_1_24_
12:51:31,47.45,1,1183,47.45_47.50_47.55_47.60_47.65_,6_29_6_5_60_,47.40_47.35_47.30_47.25_47.20_,2_2_13_1_24_
12:51:36,47.45,1,1183,47.45_47.50_47.55_47.65_47.70_,6_34_6_60_27_,47.40_47.35_47.30_47.25_47.20_,2_2_13_1_24_
12:52:22,47.45,1,1184,47.45_47.50_47.55_47.65_47.70_,5_34_6_60_27_,47.40_47.35_47.30_47.25_47.20_,3_2_13_1_24_
12:52:43,47.45,1,1185,47.45_47.50_47.55_47.65_47.70_,4_34_6_60_27_,47.40_47.35_47.30_47.25_47.20_,3_2_13_1_24_
12:53:03,47.45,1,1186,47.45_47.50_47.55_47.65_47.70_,3_34_6_60_27_,47.40_47.35_47.30_47.25_47.20_,3_2_13_1_24_
12:53:39,47.45,1,1186,47.45_47.50_47.55_47.65_47.70_,3_34_6_60_27_,47.40_47.35_47.30_47.25_47.20_,4_2_13_1_24_
12:55:22,47.45,1,1188,47.45_47.50_47.55_47.65_47.70_,3_34_6_60_27_,47.40_47.35_47.30_47.25_47.20_,4_2_6_1_29_
12:55:32,47.45,1,1189,47.45_47.50_47.55_47.65_47.70_,2_35_6_60_27_,47.40_47.35_47.30_47.25_47.20_,4_1_6_1_29_
12:55:58,47.45,1,1191,47.50_47.55_47.65_47.70_47.75_,35_7_13_48_28_,47.45_47.40_47.35_47.30_47.25_,1_4_2_11_1_
12:56:03,47.45,1,1191,47.50_47.55_47.60_47.65_47.70_,30_7_5_1_60_,47.45_47.40_47.35_47.30_47.25_,1_3_2_11_14_
12:56:08,47.45,1,1191,47.50_47.55_47.60_47.65_47.70_,30_7_5_1_87_,47.45_47.40_47.35_47.30_47.25_,1_3_2_11_14_
12:59:23,47.50,1,1192,47.50_47.55_47.60_47.65_47.70_,34_7_5_1_87_,47.45_47.40_47.35_47.30_47.25_,10_5_2_11_14_
13:00:04,47.50,1,1192,47.50_47.55_47.60_47.65_47.70_,34_7_5_1_87_,47.45_47.40_47.35_47.30_47.25_,11_5_2_11_14_
13:00:14,47.45,5,1197,47.50_47.55_47.60_47.65_47.70_,34_7_5_1_87_,47.45_47.40_47.35_47.30_47.25_,6_5_2_11_14_
13:00:19,47.50,1,1198,47.50_47.55_47.60_47.65_47.70_,33_7_5_1_87_,47.45_47.40_47.35_47.30_47.25_,5_5_2_11_14_
13:00:45,47.50,1,1198,47.50_47.55_47.60_47.65_47.70_,33_7_5_1_87_,47.45_47.40_47.35_47.30_47.25_,6_5_2_11_14_
13:03:24,47.50,1,1202,47.50_47.55_47.60_47.65_47.70_,31_7_5_2_87_,47.45_47.40_47.35_47.30_47.25_,4_5_2_11_14_
13:04:56,47.45,1,1205,47.50_47.55_47.60_47.65_47.70_,31_7_5_2_87_,47.45_47.40_47.35_47.30_47.25_,1_5_2_13_14_
13:05:43,47.45,1,1207,47.45_47.50_47.55_47.65_47.75_,3_36_7_62_28_,47.40_47.35_47.30_47.25_47.20_,5_2_8_1_29_
13:06:19,47.45,1,1207,47.45_47.50_47.55_47.65_47.75_,3_36_7_62_28_,47.40_47.35_47.30_47.25_47.20_,5_2_9_1_29_
13:06:29,47.45,1,1207,47.45_47.50_47.55_47.65_47.75_,1_36_7_62_28_,47.40_47.35_47.30_47.25_47.20_,5_2_10_1_29_
13:06:39,47.40,2,1209,47.45_47.50_47.55_47.65_47.75_,1_36_7_62_28_,47.40_47.35_47.30_47.25_47.20_,4_2_10_1_29_
13:09:33,47.30,3,1226,47.30_47.40_47.45_47.50_47.55_,2_1_3_36_19_,47.20_47.15_47.10_47.05_47.00_,15_7_17_3_36_
13:10:14,47.30,3,1226,47.30_47.40_47.45_47.50_47.55_,18_6_3_90_33_,47.25_47.20_47.15_47.10_47.05_,2_10_7_9_16_
13:10:20,47.30,3,1226,47.30_47.40_47.45_47.50_47.55_,18_6_1_90_33_,47.25_47.20_47.15_47.10_47.05_,2_10_7_9_16_
13:10:30,47.30,1,1227,47.30_47.40_47.45_47.50_47.55_,19_6_1_90_33_,47.25_47.20_47.15_47.10_47.05_,1_12_7_9_16_
13:10:45,47.30,1,1227,47.30_47.40_47.45_47.50_47.55_,19_6_1_90_33_,47.25_47.20_47.15_47.10_47.05_,1_10_7_9_16_
13:11:36,47.20,1,1228,47.30_47.40_47.45_47.50_47.55_,19_6_16_78_33_,47.20_47.15_47.10_47.05_47.00_,10_7_9_2_50_
13:11:57,47.20,1,1228,47.30_47.40_47.45_47.50_47.55_,19_6_16_78_33_,47.25_47.20_47.15_47.10_47.05_,1_10_7_9_2_
13:12:02,47.20,1,1228,47.30_47.40_47.45_47.50_47.55_,19_6_4_90_33_,47.25_47.20_47.15_47.10_47.05_,1_10_7_9_15_
13:12:12,47.20,1,1228,47.30_47.40_47.45_47.50_47.55_,19_6_4_90_33_,47.25_47.20_47.15_47.10_47.05_,1_13_7_9_15_
13:12:59,47.30,2,1235,47.30_47.40_47.45_47.50_47.55_,12_6_4_90_33_,47.20_47.15_47.10_47.05_47.00_,13_9_9_15_48_
13:14:21,47.30,1,1242,47.30_47.40_47.45_47.50_47.55_,10_6_4_90_33_,47.25_47.20_47.15_47.10_47.05_,2_12_9_9_16_
13:14:31,47.30,2,1244,47.30_47.40_47.45_47.50_47.55_,8_6_4_90_33_,47.25_47.20_47.15_47.10_47.05_,2_12_9_9_16_
13:15:07,47.25,2,1246,47.30_47.40_47.45_47.50_47.55_,8_6_4_90_33_,47.20_47.15_47.10_47.05_47.00_,12_9_9_16_48_
13:15:38,47.25,3,1251,47.25_47.30_47.40_47.45_47.50_,2_8_6_64_57_,47.20_47.15_47.10_47.05_47.00_,21_9_9_3_61_
13:16:09,47.25,3,1251,47.25_47.30_47.40_47.45_47.50_,2_8_6_64_57_,47.20_47.15_47.10_47.05_47.00_,21_9_9_4_61_
13:16:34,47.20,3,1254,47.25_47.30_47.40_47.45_47.50_,2_8_6_64_57_,47.20_47.15_47.10_47.05_47.00_,18_9_9_4_61_
13:17:10,47.25,1,1255,47.30_47.40_47.45_47.50_47.55_,8_6_16_78_33_,47.20_47.15_47.10_47.05_47.00_,18_9_9_4_61_
13:17:31,47.25,1,1255,47.30_47.40_47.45_47.50_47.55_,8_6_16_78_33_,47.20_47.15_47.10_47.05_47.00_,19_9_9_4_61_
13:17:36,47.25,1,1255,47.30_47.35_47.40_47.45_47.50_,8_5_6_16_78_,47.20_47.15_47.10_47.05_47.00_,19_9_9_4_61_
13:17:51,47.25,1,1255,47.30_47.35_47.40_47.45_47.50_,10_5_6_16_105_,47.20_47.15_47.10_47.05_47.00_,21_9_9_4_61_
13:18:07,47.25,1,1255,47.30_47.35_47.40_47.45_47.50_,10_5_6_4_117_,47.25_47.20_47.15_47.10_47.05_,5_21_9_9_17_
13:18:37,47.25,1,1255,47.30_47.35_47.40_47.45_47.50_,10_5_6_4_117_,47.25_47.20_47.15_47.10_47.05_,6_20_9_9_17_
13:18:42,47.30,1,1256,47.30_47.35_47.40_47.45_47.50_,9_5_6_4_117_,47.25_47.20_47.15_47.10_47.05_,6_20_9_9_17_
13:19:44,47.35,2,1267,47.35_47.40_47.45_47.50_47.55_,3_6_5_30_93_,47.30_47.25_47.20_47.15_47.10_,2_5_28_9_17_
13:20:25,47.35,1,1268,47.35_47.40_47.45_47.50_47.55_,2_6_5_102_93_,47.30_47.25_47.20_47.15_47.10_,4_5_22_9_22_
13:20:30,47.35,1,1268,47.35_47.40_47.45_47.50_47.55_,2_6_5_173_93_,47.30_47.25_47.20_47.15_47.10_,4_5_22_9_22_
13:20:40,47.35,1,1269,47.35_47.40_47.45_47.50_47.55_,1_6_5_173_93_,47.30_47.25_47.20_47.15_47.10_,5_5_22_9_22_
13:21:16,47.35,1,1270,47.35_47.40_47.45_47.50_47.55_,1_6_5_254_93_,47.30_47.25_47.20_47.15_47.10_,4_5_34_9_22_
13:21:21,47.35,1,1270,47.35_47.40_47.45_47.50_47.55_,1_6_5_312_93_,47.30_47.25_47.20_47.15_47.10_,4_5_34_9_22_
13:21:42,47.35,1,1270,47.35_47.40_47.45_47.50_47.55_,1_6_5_380_93_,47.30_47.25_47.20_47.15_47.10_,4_5_34_9_22_
13:21:52,47.35,1,1271,47.40_47.45_47.50_47.55_47.65_,6_5_380_93_1_,47.35_47.30_47.25_47.20_47.15_,1_4_5_34_9_
13:21:57,47.35,1,1271,47.40_47.45_47.50_47.55_47.60_,1_5_385_6_60_,47.35_47.30_47.25_47.20_47.15_,1_4_5_34_22_
13:22:02,47.35,1,1271,47.40_47.45_47.50_47.55_47.60_,1_5_385_6_87_,47.35_47.30_47.25_47.20_47.15_,1_4_5_39_22_
13:22:13,47.35,1,1272,47.40_47.45_47.50_47.55_47.60_,1_5_452_6_87_,47.30_47.25_47.20_47.15_47.10_,4_5_36_22_4_
13:22:48,47.35,1,1275,47.40_47.45_47.50_47.55_47.60_,2_5_452_6_87_,47.35_47.30_47.25_47.20_47.15_,1_4_5_36_23_
13:24:57,47.45,2,1288,47.45_47.50_47.55_47.65_47.75_,12_442_2_95_12_,47.40_47.25_47.20_47.15_47.10_,1_1_22_22_42_
13:25:08,47.45,2,1288,47.45_47.50_47.55_47.65_47.75_,10_442_2_68_39_,47.40_47.25_47.20_47.15_47.10_,1_1_22_22_42_
13:25:13,47.45,2,1288,47.45_47.50_47.55_47.65_47.75_,9_443_2_68_39_,47.40_47.25_47.20_47.15_47.10_,2_1_22_22_42_
13:25:24,47.45,2,1288,47.45_47.50_47.55_47.65_47.75_,10_443_2_68_39_,47.40_47.25_47.20_47.15_47.10_,2_1_22_22_42_
13:26:15,47.45,2,1288,47.45_47.50_47.55_47.65_47.75_,16_443_2_68_39_,47.20_47.15_47.10_47.05_47.00_,21_31_51_22_67_
13:26:46,47.45,2,1288,47.45_47.50_47.55_47.65_47.75_,9_443_2_68_39_,47.40_47.20_47.15_47.10_47.05_,2_22_31_51_22_
13:26:51,47.45,2,1288,47.45_47.50_47.55_47.65_47.75_,3_443_2_68_39_,47.40_47.20_47.15_47.10_47.05_,2_22_31_51_22_
13:27:01,47.45,2,1288,47.45_47.50_47.55_47.65_47.75_,6_443_2_68_39_,47.40_47.20_47.15_47.10_47.05_,3_22_31_50_22_
13:27:32,47.45,2,1288,47.45_47.50_47.55_47.65_47.75_,13_443_2_68_39_,47.40_47.20_47.15_47.10_47.05_,3_22_31_50_22_
13:27:42,47.45,2,1288,47.50_47.55_47.65_47.75_47.80_,441_2_68_39_13_,47.40_47.30_47.20_47.15_47.10_,3_1_22_31_49_
13:28:33,47.45,2,1288,47.50_47.55_47.65_47.75_47.80_,438_2_68_39_13_,47.40_47.30_47.20_47.15_47.10_,3_1_22_31_49_
13:28:49,47.45,2,1288,47.50_47.55_47.65_47.75_47.80_,436_2_68_39_13_,47.40_47.30_47.20_47.15_47.10_,2_1_22_31_49_
13:28:54,47.45,2,1288,47.50_47.55_47.65_47.75_47.80_,441_2_68_39_13_,47.40_47.30_47.20_47.15_47.10_,2_1_22_31_49_
13:29:04,47.45,2,1288,47.50_47.55_47.65_47.75_47.80_,485_2_68_39_13_,47.40_47.30_47.25_47.20_47.15_,2_1_44_66_31_
13:29:09,47.45,2,1288,47.45_47.50_47.55_47.65_47.75_,22_487_2_68_39_,47.25_47.20_47.15_47.10_47.05_,30_61_31_49_22_
13:29:14,47.45,2,1288,47.45_47.50_47.55_47.65_47.75_,22_487_2_68_39_,47.25_47.20_47.15_47.10_47.05_,35_61_31_49_22_
13:29:19,47.45,2,1288,47.45_47.50_47.55_47.65_47.75_,22_487_2_68_39_,47.25_47.20_47.15_47.10_47.05_,34_61_31_49_22_
13:29:30,47.45,2,1288,47.45_47.50_47.55_47.65_47.75_,22_487_2_68_39_,47.25_47.20_47.15_47.10_47.05_,43_61_31_49_22_
13:30:00,47.20,60,1348,47.45_47.50_47.55_47.65_47.75_,22_487_2_68_39_,47.20_47.15_47.10_47.05_47.00_,59_75_49_22_67_
