09:00:15,480.50,42,42,485.00_486.00_487.00_489.00_489.50_,2_1_2_2_2_,482.00_480.50_480.00_478.00_477.00_,1_1_9_6_4_
09:00:51,485.00,2,51,486.00_486.50_488.00_489.00_489.50_,1_1_1_2_2_,484.00_481.00_480.50_480.00_478.50_,1_3_2_4_1_
09:01:11,488.00,1,56,488.00_489.00_489.50_490.00_490.50_,2_2_2_2_1_,486.50_486.00_485.00_484.00_482.50_,1_4_2_3_1_
09:01:37,488.00,1,63,489.00_489.50_490.50_491.50_494.00_,3_2_1_1_1_,488.50_488.00_487.00_486.50_486.00_,1_2_2_1_2_
09:02:54,486.50,1,74,487.50_488.50_489.50_490.00_490.50_,3_1_2_1_1_,486.00_485.50_485.00_484.00_482.50_,1_1_2_3_2_
09:03:45,486.00,1,79,487.00_489.50_490.00_490.50_492.00_,3_2_1_1_1_,486.50_486.00_485.50_485.00_484.00_,1_3_1_2_4_
09:03:55,486.00,1,80,487.00_489.50_490.00_490.50_492.00_,4_2_1_1_1_,486.00_485.50_485.00_484.00_482.00_,3_1_2_4_2_
09:04:01,486.00,1,80,486.50_487.00_489.50_490.00_490.50_,2_3_2_1_1_,486.00_485.50_485.00_484.00_483.00_,3_1_2_2_1_
09:06:24,484.00,1,97,484.50_485.00_485.50_486.00_487.50_,5_1_1_1_1_,484.00_483.50_483.00_482.00_481.00_,1_1_1_2_7_
09:07:36,481.00,1,109,482.00_484.00_484.50_487.00_487.50_,6_1_1_1_1_,481.00_480.00_479.00_478.00_477.50_,4_6_1_2_3_
09:07:41,481.00,2,111,482.00_484.00_484.50_487.00_487.50_,6_1_1_1_1_,481.00_480.00_479.00_478.00_477.50_,3_6_1_2_3_
09:08:17,480.00,1,118,481.00_482.00_484.00_484.50_487.00_,2_2_1_1_1_,480.00_479.00_478.00_477.00_476.50_,2_1_3_4_3_
09:08:22,480.00,5,123,481.00_482.00_484.00_484.50_487.00_,2_2_1_1_2_,480.00_479.00_478.00_477.00_476.50_,1_1_3_4_3_
09:08:27,480.00,5,123,481.00_482.00_484.00_484.50_487.00_,1_2_1_1_2_,480.00_479.00_478.00_477.00_476.50_,4_1_3_4_3_
09:08:53,481.00,1,124,484.00_484.50_487.00_489.00_489.50_,3_1_2_1_1_,481.50_481.00_480.00_479.00_478.50_,1_5_5_2_3_
09:09:54,482.50,2,131,482.50_483.50_484.00_484.50_487.00_,3_1_2_1_2_,482.00_481.50_481.00_480.50_480.00_,5_4_1_5_5_
09:09:59,482.50,1,132,482.50_484.00_484.50_487.00_489.00_,4_2_1_2_1_,482.00_481.50_481.00_480.50_480.00_,5_4_2_2_9_
09:10:04,482.50,1,133,482.50_484.00_484.50_487.00_489.00_,4_2_1_2_1_,482.00_481.50_481.00_480.50_480.00_,5_4_3_2_9_
09:10:10,482.50,2,135,482.50_484.00_484.50_487.00_489.00_,3_2_1_2_1_,482.00_481.50_481.00_480.50_480.00_,5_4_3_2_9_
09:10:15,482.00,2,137,482.50_484.00_484.50_487.00_489.00_,3_2_1_2_1_,482.00_481.50_481.00_480.50_480.00_,4_4_3_2_9_
09:10:20,482.00,1,138,482.50_484.00_484.50_487.00_489.00_,3_2_1_2_1_,482.00_481.50_481.00_480.50_480.00_,4_4_3_2_9_
09:10:25,482.00,4,142,482.50_484.00_484.50_487.00_489.00_,3_2_1_2_1_,482.00_481.50_481.00_480.50_480.00_,1_4_3_2_9_
09:12:18,481.50,1,161,482.00_482.50_483.00_484.00_484.50_,5_4_3_2_1_,480.50_480.00_479.00_478.00_477.00_,5_7_2_3_7_
09:12:28,480.50,2,163,482.00_482.50_483.00_484.00_484.50_,6_4_3_2_1_,480.50_480.00_479.00_478.00_477.00_,4_7_2_3_7_
09:12:54,482.00,1,164,481.50_482.00_482.50_483.00_484.00_,1_5_4_3_2_,481.00_480.50_480.00_479.00_478.00_,2_6_7_2_6_
09:12:59,481.00,3,167,481.50_482.00_482.50_483.00_484.00_,2_4_4_3_2_,480.50_480.00_479.00_478.00_477.00_,6_7_2_6_4_
09:13:14,481.50,2,171,482.00_482.50_483.00_484.00_484.50_,4_4_3_2_1_,481.50_480.50_480.00_479.00_478.00_,1_5_7_2_6_
09:13:19,481.50,2,171,482.00_482.50_483.00_484.00_484.50_,4_4_3_2_1_,481.50_480.50_480.00_479.00_478.00_,2_5_6_2_5_
09:13:29,481.50,1,173,482.00_482.50_483.00_484.00_484.50_,4_4_3_2_1_,480.50_480.00_479.00_478.00_477.00_,5_6_2_5_4_
09:13:35,481.50,1,173,482.00_482.50_483.00_484.00_484.50_,4_4_3_3_1_,480.50_480.00_479.50_479.00_478.00_,5_6_1_2_2_
09:15:48,477.00,3,206,477.00_479.50_480.00_480.50_481.00_,4_1_3_3_3_,476.00_475.00_473.00_471.50_471.00_,10_5_1_4_2_
09:15:53,476.00,1,207,477.00_479.50_480.00_480.50_481.00_,3_1_3_3_3_,476.00_475.00_473.00_472.00_471.50_,8_5_1_3_1_
09:15:58,476.00,1,207,477.00_479.50_480.00_480.50_481.00_,3_1_3_3_3_,476.00_475.50_475.00_473.00_472.00_,6_2_5_1_3_
09:17:46,479.00,1,221,479.50_480.00_480.50_482.00_482.50_,2_2_2_3_3_,479.00_478.50_478.00_476.00_475.50_,1_2_2_10_1_
09:17:51,479.00,1,221,479.50_480.00_480.50_482.00_482.50_,1_2_2_3_3_,479.00_478.50_478.00_476.00_475.50_,1_3_2_10_4_
09:17:56,479.50,1,222,480.00_480.50_482.00_482.50_483.00_,2_2_3_3_4_,479.00_478.50_478.00_476.00_475.50_,2_3_2_9_4_
09:18:11,480.00,1,223,480.00_480.50_482.00_482.50_483.00_,1_2_3_3_4_,479.00_478.50_478.00_476.00_475.50_,2_3_2_9_4_
09:19:18,482.00,1,235,482.50_483.00_484.00_484.50_485.00_,3_4_2_2_1_,482.00_481.50_481.00_480.50_480.00_,1_3_1_2_3_
09:19:38,482.50,1,237,482.50_483.00_484.00_484.50_485.00_,3_3_2_2_1_,482.00_481.50_481.00_480.50_480.00_,2_3_1_4_6_
09:19:59,482.50,1,238,482.50_483.00_484.00_484.50_485.00_,2_3_2_2_1_,482.00_481.50_481.00_480.50_480.00_,2_3_1_4_6_
09:20:04,482.50,1,239,482.50_483.00_484.00_484.50_485.00_,1_3_2_2_1_,482.00_481.50_481.00_480.50_480.00_,2_3_2_4_6_
09:20:09,482.50,1,240,483.00_484.00_484.50_485.00_487.00_,3_2_2_1_2_,482.00_481.50_481.00_480.50_480.00_,2_3_2_4_6_
09:20:14,482.50,1,240,483.00_484.00_484.50_485.00_487.00_,1_2_2_1_2_,482.00_481.50_481.00_480.50_480.00_,2_3_2_4_6_
09:20:25,482.50,1,240,483.00_484.00_484.50_485.00_487.00_,3_2_2_1_2_,482.00_481.50_481.00_480.50_480.00_,2_3_2_4_6_
09:20:40,482.50,1,240,483.00_484.00_484.50_485.00_487.00_,3_2_2_1_2_,482.00_481.50_481.00_480.50_480.00_,2_3_1_4_6_
09:20:45,482.50,1,240,483.00_483.50_484.00_484.50_485.00_,3_2_2_2_1_,482.00_481.50_481.00_480.50_480.00_,2_3_1_4_6_
09:20:50,482.50,1,240,483.00_483.50_484.00_484.50_485.00_,4_2_2_2_1_,482.00_481.50_481.00_480.50_480.00_,2_3_1_4_6_
09:21:46,482.50,1,240,483.00_483.50_484.00_484.50_485.00_,5_2_2_4_1_,482.50_482.00_481.50_481.00_480.50_,4_4_3_2_8_
09:22:02,482.50,1,241,483.00_483.50_484.00_484.50_485.00_,5_5_2_4_1_,482.50_482.00_481.50_481.00_480.50_,3_4_3_2_8_
09:22:32,483.00,1,243,483.00_483.50_484.00_484.50_485.00_,4_5_2_4_1_,482.50_482.00_481.50_481.00_480.50_,3_5_3_2_8_
09:22:43,483.00,1,245,483.00_483.50_484.00_484.50_485.00_,4_5_2_4_1_,482.50_482.00_481.50_481.00_480.50_,2_5_3_2_8_
09:22:53,483.00,1,245,483.00_483.50_484.00_484.50_485.00_,4_5_2_4_1_,482.50_482.00_481.50_481.00_480.50_,2_6_3_2_8_
09:23:29,482.00,1,249,483.00_483.50_484.00_484.50_485.00_,3_5_2_4_1_,482.00_481.50_481.00_480.50_480.00_,5_3_1_6_6_
09:24:20,482.00,1,249,483.00_483.50_484.00_484.50_485.00_,4_5_2_4_1_,482.00_481.50_481.00_480.50_480.00_,7_4_1_5_6_
09:24:30,482.00,1,249,483.00_483.50_484.00_484.50_485.00_,4_5_2_4_1_,482.50_482.00_481.50_481.00_480.50_,1_7_4_1_5_
09:24:35,482.00,1,249,483.00_483.50_484.00_484.50_485.00_,4_5_2_2_1_,482.50_482.00_481.50_481.00_480.50_,1_7_4_1_8_
09:24:41,482.00,1,249,483.00_483.50_484.00_484.50_485.00_,4_5_2_2_1_,482.50_482.00_481.50_481.00_480.50_,2_8_4_1_8_
09:24:51,482.00,1,249,483.00_483.50_484.00_484.50_485.00_,6_5_2_2_1_,482.50_482.00_481.50_481.00_480.50_,2_8_4_1_8_
09:24:56,482.50,2,251,483.00_483.50_484.00_484.50_485.00_,5_5_2_2_1_,482.50_482.00_481.50_481.00_480.50_,1_7_4_1_8_
09:25:01,482.50,2,251,483.00_483.50_484.00_484.50_485.00_,5_5_2_2_1_,482.50_482.00_481.50_481.00_480.50_,2_7_4_2_8_
09:25:06,482.50,1,252,483.00_483.50_484.00_484.50_485.00_,5_5_2_2_1_,482.50_482.00_481.50_481.00_480.50_,2_7_4_2_8_
09:25:11,482.50,1,252,483.00_483.50_484.00_484.50_485.00_,6_5_2_2_1_,482.50_482.00_481.50_481.00_480.50_,2_7_4_2_8_
09:26:08,482.50,1,255,483.00_483.50_484.00_484.50_485.00_,5_4_2_2_1_,482.00_481.50_481.00_480.50_480.00_,7_4_2_5_5_
09:26:33,482.50,1,255,483.00_483.50_484.00_484.50_485.00_,5_4_2_2_1_,482.00_481.50_481.00_480.50_480.00_,7_4_3_5_5_
09:27:30,482.50,1,255,483.00_483.50_484.00_484.50_485.00_,5_4_2_2_1_,482.00_481.50_481.00_480.50_480.00_,7_4_3_5_8_
09:28:06,482.50,1,255,482.50_483.00_483.50_484.00_484.50_,4_3_4_2_1_,482.00_481.50_481.00_480.50_480.00_,7_4_3_5_8_
09:30:04,482.50,1,260,482.50_483.00_483.50_484.00_484.50_,2_4_4_2_1_,482.00_481.50_481.00_480.50_480.00_,7_4_3_5_5_
09:30:24,482.50,1,262,482.50_483.00_483.50_484.00_484.50_,1_4_4_2_1_,482.00_481.50_481.00_480.50_480.00_,6_4_3_5_5_
09:30:34,483.00,1,264,483.00_483.50_484.00_484.50_485.00_,3_4_3_1_2_,482.00_481.50_481.00_480.50_480.00_,5_5_3_5_5_
09:30:39,483.00,1,264,483.00_483.50_484.00_484.50_485.00_,3_4_3_2_2_,482.00_481.50_481.00_480.50_480.00_,5_5_3_5_5_
09:30:45,483.00,1,264,483.00_483.50_484.00_484.50_485.00_,3_4_3_1_2_,482.00_481.50_481.00_480.50_480.00_,5_5_3_5_5_
09:30:55,483.00,1,264,483.00_483.50_484.00_484.50_485.00_,4_4_3_1_2_,482.00_481.50_481.00_480.50_480.00_,5_5_3_5_5_
09:31:00,483.00,1,264,483.00_483.50_484.00_484.50_485.00_,3_4_3_1_2_,482.00_481.50_481.00_480.50_480.00_,5_5_3_5_5_
09:32:22,483.50,1,269,483.50_484.00_484.50_485.00_486.00_,3_4_1_1_1_,482.00_481.50_481.00_480.50_480.00_,5_4_3_5_6_
09:32:37,483.50,1,270,483.50_484.00_484.50_485.00_485.50_,2_3_1_2_1_,483.00_482.00_481.50_481.00_480.50_,1_5_4_3_8_
09:35:21,483.50,1,282,483.00_483.50_484.00_484.50_485.00_,1_1_2_1_2_,482.50_482.00_481.50_481.00_480.50_,1_5_4_4_11_
09:36:43,482.00,2,287,482.50_483.00_483.50_484.00_484.50_,2_1_1_2_2_,482.00_481.50_481.00_480.50_480.00_,4_4_4_5_10_
09:37:24,482.50,1,291,483.00_483.50_484.00_484.50_485.00_,2_1_3_1_2_,482.00_481.50_481.00_480.50_480.00_,2_4_4_5_10_
09:37:55,482.00,2,293,483.00_483.50_484.00_484.50_485.00_,3_1_3_1_2_,481.50_481.00_480.50_480.00_479.00_,4_4_5_10_1_
09:38:00,482.00,1,294,483.00_483.50_484.00_484.50_485.00_,3_1_3_1_2_,482.00_481.50_481.00_480.50_480.00_,1_4_4_5_4_
09:38:05,482.00,1,295,483.00_483.50_484.00_484.50_485.00_,3_1_3_1_2_,482.00_481.50_481.00_480.50_480.00_,1_4_4_5_10_
09:38:51,481.50,1,303,481.50_482.00_483.00_483.50_484.00_,1_3_2_1_4_,481.00_480.50_480.00_479.00_478.50_,4_5_4_1_8_
09:38:56,481.00,4,307,481.50_482.00_483.00_483.50_484.00_,1_3_2_1_4_,481.00_480.50_480.00_479.00_478.50_,1_5_4_1_8_
09:39:02,481.00,1,308,481.50_482.00_483.00_483.50_484.00_,4_3_3_1_3_,481.00_480.50_480.00_479.00_478.50_,1_5_4_1_8_
09:39:07,481.00,1,309,481.50_482.00_483.00_483.50_484.00_,4_1_3_1_3_,480.50_480.00_479.00_478.50_478.00_,5_4_1_8_5_
09:39:12,481.00,1,310,481.00_481.50_482.00_483.00_483.50_,2_4_1_3_1_,480.50_480.00_479.00_478.50_478.00_,5_4_1_2_11_
09:39:17,481.00,1,310,481.00_481.50_482.00_483.00_483.50_,2_4_1_3_2_,480.50_480.00_479.00_478.50_478.00_,5_4_1_2_11_
09:39:32,480.50,2,317,480.50_481.00_481.50_482.00_483.00_,4_1_3_1_4_,480.00_479.00_478.50_478.00_476.00_,4_1_2_6_15_
09:39:48,480.00,1,318,480.50_481.00_481.50_482.00_483.00_,4_1_3_1_4_,480.00_479.00_478.50_478.00_476.00_,3_1_2_6_15_
09:39:58,480.00,2,323,480.00_480.50_481.50_482.00_483.00_,8_4_3_2_3_,479.00_478.50_478.00_476.00_475.50_,1_2_6_14_1_
09:40:19,479.00,1,329,479.50_480.00_480.50_481.50_482.00_,1_9_3_3_3_,478.00_477.00_476.00_475.50_475.00_,4_1_8_1_9_
09:40:24,478.00,2,331,479.50_480.00_480.50_481.50_482.00_,1_9_3_3_3_,478.00_477.00_476.00_475.50_475.00_,3_1_8_1_14_
09:40:29,479.50,1,332,480.00_480.50_481.50_482.00_483.00_,9_3_3_2_3_,478.00_477.00_476.50_476.00_475.50_,2_1_1_8_1_
09:40:34,478.00,1,333,480.00_480.50_481.50_482.00_483.00_,10_3_2_2_3_,478.00_477.00_476.50_476.00_475.50_,1_1_1_8_7_
09:41:05,476.50,1,338,477.00_478.50_479.00_480.00_480.50_,1_2_2_9_4_,476.00_475.50_475.00_474.00_473.00_,8_1_9_2_7_
09:43:23,475.50,1,359,476.00_477.00_478.50_479.50_480.00_,6_1_1_1_1_,475.00_474.50_474.00_473.00_472.50_,7_1_3_8_1_
09:45:36,478.00,3,390,478.50_480.00_481.50_483.00_483.50_,1_1_1_2_1_,475.00_474.50_474.00_473.50_473.00_,2_1_3_4_3_
09:45:41,475.50,2,392,478.50_480.00_481.50_483.00_483.50_,1_1_1_2_2_,475.00_474.00_473.50_473.00_472.50_,2_3_5_9_2_
09:45:46,475.50,2,392,478.50_480.00_481.50_483.00_483.50_,1_1_1_2_2_,475.00_474.00_473.50_473.00_472.50_,2_4_5_9_2_
09:45:52,475.50,2,392,478.50_480.00_481.50_483.00_483.50_,1_1_1_2_2_,475.00_474.00_473.50_473.00_472.50_,2_5_4_9_2_
09:45:57,475.50,2,392,477.00_478.50_480.00_480.50_481.50_,1_1_1_1_1_,475.00_474.00_473.50_473.00_472.50_,2_5_5_10_2_
09:46:02,477.00,1,393,478.50_480.00_480.50_481.50_482.50_,1_1_1_1_1_,475.00_474.00_473.50_473.00_472.50_,4_6_4_5_9_
09:46:38,478.50,1,394,480.00_481.50_482.00_482.50_483.00_,2_1_1_1_2_,479.50_478.00_477.50_477.00_476.00_,2_2_1_1_1_
09:46:43,479.50,2,396,479.50_480.00_481.50_482.00_482.50_,2_2_1_1_2_,478.00_477.50_477.00_476.00_475.50_,1_1_1_1_6_
09:46:48,479.50,1,397,479.50_480.00_481.50_482.00_482.50_,1_2_1_1_2_,478.00_477.00_476.50_475.50_475.00_,1_1_1_9_8_
09:48:25,479.50,1,401,479.50_480.00_481.50_482.00_482.50_,2_1_1_1_2_,478.50_478.00_477.00_476.50_475.50_,1_2_3_1_10_
09:48:30,479.50,1,401,479.50_480.00_481.50_482.50_483.00_,2_1_2_2_2_,478.50_478.00_477.00_476.50_475.50_,1_2_3_2_10_
09:48:36,479.50,1,401,479.50_481.50_482.50_483.00_483.50_,2_2_2_3_2_,478.50_478.00_477.00_476.50_475.50_,1_2_3_2_10_
09:48:41,479.50,1,401,479.50_481.50_482.00_482.50_483.00_,2_2_1_2_3_,478.50_478.00_477.00_476.50_475.50_,1_2_3_2_10_
09:48:46,479.50,1,401,479.50_481.50_482.00_482.50_483.00_,4_2_1_2_3_,478.50_478.00_477.00_476.50_475.50_,1_2_3_2_10_
09:49:11,479.50,1,405,479.50_481.50_482.00_482.50_483.00_,3_2_1_2_3_,478.00_477.00_476.50_476.00_475.50_,1_2_2_1_1_
09:49:17,479.50,1,405,479.50_481.50_482.00_482.50_483.00_,3_2_1_2_3_,478.00_477.00_476.50_475.50_475.00_,1_2_3_10_7_
09:52:31,479.00,1,414,479.50_481.50_482.00_482.50_483.00_,3_2_1_2_3_,477.50_476.50_475.50_475.00_474.50_,3_4_2_8_11_
09:52:52,479.00,1,414,479.50_481.50_482.00_482.50_483.00_,4_2_1_3_3_,477.50_476.50_475.50_475.00_474.50_,3_4_2_8_11_
09:53:23,479.00,1,414,479.50_481.50_482.00_482.50_483.00_,4_2_1_3_3_,478.00_477.50_476.50_475.50_475.00_,1_3_4_2_8_
09:53:33,479.00,1,414,479.50_481.50_482.00_482.50_483.00_,5_2_1_3_3_,478.00_477.50_476.50_475.50_475.00_,1_3_4_2_16_
09:54:39,478.50,1,415,479.00_479.50_480.50_481.50_482.00_,2_4_1_1_2_,478.50_478.00_477.50_476.50_476.00_,1_2_2_4_10_
09:55:10,478.50,1,415,479.00_479.50_480.50_481.50_482.00_,2_5_1_1_2_,478.50_478.00_477.50_476.50_476.00_,1_2_3_4_9_
09:55:51,478.00,1,418,479.00_479.50_480.50_481.50_482.00_,2_4_2_1_2_,478.00_477.50_476.50_476.00_475.50_,1_2_4_2_8_
09:55:56,478.00,1,418,479.00_479.50_480.50_481.50_482.00_,2_4_2_1_2_,478.00_477.50_476.50_476.00_475.50_,2_2_4_2_8_
09:56:32,478.00,1,418,479.00_479.50_480.50_481.50_482.00_,3_4_2_1_2_,478.00_477.50_476.50_476.00_475.50_,2_2_4_2_8_
09:56:58,476.50,4,423,478.00_478.50_479.00_479.50_480.50_,2_6_2_2_2_,477.00_476.50_476.00_475.50_475.00_,1_3_2_1_7_
09:58:25,474.00,2,455,474.50_475.00_476.00_477.00_478.00_,3_4_5_1_1_,474.00_473.50_473.00_472.50_472.00_,2_2_3_2_9_
09:58:30,474.00,1,456,474.50_475.00_476.00_477.00_478.00_,2_4_5_1_1_,474.00_473.50_473.00_472.50_472.00_,1_2_3_2_9_
09:58:35,473.50,4,460,474.00_474.50_475.00_476.00_477.00_,2_2_4_5_1_,473.00_472.50_472.00_471.00_470.00_,3_2_9_4_9_
09:58:40,473.00,4,464,473.00_474.00_474.50_475.00_476.00_,2_5_2_1_2_,472.50_472.00_471.50_471.00_470.50_,2_2_1_2_1_
09:58:45,472.50,3,467,472.50_473.00_474.00_476.00_477.00_,2_7_3_2_1_,472.00_471.00_470.50_470.00_469.00_,2_2_6_8_7_
09:58:51,472.50,1,468,472.50_473.00_474.00_476.00_477.00_,3_4_2_1_1_,472.00_471.00_470.00_469.50_469.00_,2_2_7_1_12_
09:59:01,472.00,3,473,472.00_472.50_473.00_474.00_476.00_,1_3_4_3_1_,471.00_470.00_469.50_469.00_468.00_,2_7_1_12_4_
09:59:32,471.00,2,480,471.00_472.00_472.50_473.50_474.00_,1_10_2_1_2_,470.00_469.50_469.00_468.50_468.00_,7_1_7_6_4_
09:59:52,470.00,3,494,470.00_471.00_472.00_472.50_474.00_,3_4_7_3_1_,469.00_468.50_468.00_467.50_467.00_,6_2_3_1_2_
09:59:57,470.00,4,498,470.00_471.00_472.00_472.50_474.00_,1_4_7_3_1_,469.00_468.50_468.00_467.50_467.00_,6_1_3_1_8_
10:01:14,469.00,2,527,469.50_470.00_470.50_471.00_472.00_,1_1_1_3_7_,469.00_468.50_468.00_467.00_466.00_,2_2_5_6_5_
10:01:25,469.00,1,530,469.00_469.50_470.00_470.50_471.00_,1_2_1_1_4_,468.50_468.00_467.00_466.00_465.50_,2_5_2_2_1_
10:01:45,468.00,1,537,469.00_469.50_470.50_471.00_472.00_,2_1_1_4_6_,468.00_467.00_466.50_466.00_465.50_,3_1_1_1_1_
10:01:55,468.00,1,539,469.00_469.50_470.50_471.00_472.00_,2_1_1_5_6_,468.00_467.00_466.50_466.00_465.50_,1_1_1_1_5_
10:02:06,468.00,1,540,469.00_469.50_470.50_471.00_472.00_,2_1_1_4_6_,467.00_466.50_466.00_465.50_465.00_,1_1_2_5_4_
10:02:11,468.00,1,541,468.00_469.00_469.50_470.50_471.00_,1_2_1_1_3_,467.00_466.50_466.00_465.00_464.50_,1_1_3_8_1_
10:02:16,468.00,1,541,468.00_469.00_469.50_470.50_471.00_,2_1_1_1_2_,467.00_466.50_466.00_465.50_465.00_,2_1_2_1_3_
10:02:41,466.50,3,550,466.50_467.00_467.50_468.00_469.50_,2_6_1_1_1_,466.00_465.00_464.50_464.00_463.00_,2_4_3_4_4_
10:03:17,465.00,2,564,465.00_466.00_466.50_467.00_467.50_,5_1_4_2_1_,464.50_464.00_460.50_460.00_458.00_,2_1_8_4_1_
10:03:28,465.00,1,567,465.00_466.00_466.50_467.00_467.50_,4_2_4_2_1_,464.50_464.00_463.50_461.50_461.00_,1_2_1_2_1_
10:03:38,465.00,1,570,465.00_465.50_466.00_466.50_467.00_,3_1_2_4_2_,464.50_464.00_463.50_462.00_461.50_,2_1_1_2_1_
10:03:43,462.50,7,577,464.50_465.00_465.50_466.00_466.50_,1_4_1_2_3_,462.00_461.50_460.00_458.00_457.00_,1_8_4_1_3_
10:03:48,465.00,1,578,465.00_465.50_466.00_466.50_467.00_,3_1_2_3_1_,462.50_461.50_460.50_460.00_458.50_,2_1_1_5_7_
10:04:24,466.00,1,585,467.00_468.00_469.00_469.50_471.00_,2_2_1_1_1_,466.00_465.00_464.50_464.00_463.50_,1_5_2_4_1_
10:05:25,472.50,2,599,477.50_478.00_479.00_479.50_481.50_,1_1_1_2_1_,472.00_471.00_470.00_469.50_469.00_,3_2_1_2_4_
10:05:31,472.50,1,600,478.00_479.00_479.50_481.50_482.50_,2_1_2_1_2_,472.00_471.00_470.50_470.00_469.50_,3_7_5_5_2_
10:05:41,472.50,1,600,478.00_479.00_479.50_481.50_482.50_,2_1_2_1_2_,472.00_471.50_471.00_470.50_470.00_,4_1_8_3_7_
10:05:51,472.50,1,601,478.00_479.00_479.50_481.50_482.50_,2_1_2_1_2_,472.00_471.00_470.50_470.00_469.50_,4_9_3_8_1_
10:06:01,472.50,1,601,477.50_478.00_479.00_479.50_481.50_,1_3_1_2_1_,472.00_471.00_470.50_470.00_469.50_,4_9_3_8_1_
10:06:12,477.00,1,602,477.50_478.00_479.00_479.50_481.50_,2_2_1_3_1_,472.00_471.50_471.00_470.50_470.00_,4_1_7_4_8_
10:08:51,478.00,1,629,478.00_479.00_479.50_480.00_481.50_,3_1_3_1_1_,476.50_476.00_475.50_475.00_474.00_,4_2_1_1_8_
10:08:56,478.00,1,629,478.00_479.00_479.50_480.00_481.50_,3_1_3_1_1_,476.50_476.00_475.50_474.50_474.00_,4_2_1_1_8_
10:09:01,478.00,1,629,478.00_479.00_479.50_480.00_481.50_,3_1_3_1_1_,477.00_476.50_476.00_475.50_474.50_,1_4_2_1_1_
10:09:42,477.50,1,632,478.00_479.00_479.50_480.00_481.50_,4_1_3_1_1_,477.00_476.50_476.00_475.50_475.00_,1_3_2_2_6_
10:10:54,476.50,1,634,477.00_477.50_478.00_479.00_479.50_,3_3_5_1_2_,476.50_476.00_475.50_474.50_474.00_,1_3_1_2_8_
10:10:59,477.00,1,635,477.00_477.50_478.00_479.00_479.50_,2_3_5_1_2_,476.50_476.00_475.50_474.50_474.00_,1_3_1_2_8_
10:11:14,477.00,1,635,477.00_477.50_478.00_479.00_479.50_,7_3_4_1_2_,476.50_476.00_475.50_475.00_474.50_,1_3_1_1_2_
10:12:57,474.00,1,650,475.00_475.50_476.50_477.00_477.50_,2_2_1_1_2_,473.00_472.50_472.00_471.00_470.00_,1_2_3_7_2_
10:13:58,472.50,1,652,474.00_475.00_475.50_476.50_477.00_,3_1_2_1_1_,472.50_472.00_471.00_470.00_469.50_,1_3_2_9_1_
10:14:04,472.50,1,652,473.50_474.00_475.00_475.50_476.50_,1_3_2_2_1_,472.50_472.00_471.00_470.00_469.50_,1_3_2_9_1_
10:14:09,472.50,1,652,473.50_474.00_475.00_475.50_476.50_,1_3_2_2_1_,472.50_472.00_471.00_470.00_469.50_,1_3_2_3_6_
10:14:55,471.50,1,660,472.00_472.50_473.50_475.00_475.50_,1_1_1_1_2_,470.00_469.50_469.00_468.50_468.00_,2_2_2_1_2_
10:15:41,470.00,1,663,470.00_471.00_472.00_473.00_475.00_,8_2_1_20_1_,469.50_469.00_468.00_467.50_467.00_,3_1_3_3_7_
10:15:46,470.00,1,663,470.00_471.00_472.00_473.00_475.00_,8_1_1_20_1_,469.50_469.00_468.00_467.50_467.00_,3_1_3_3_8_
10:15:51,469.50,3,666,469.50_470.00_471.00_472.00_473.00_,2_3_1_1_20_,469.00_468.00_467.50_467.00_466.50_,1_3_3_8_1_
10:15:56,469.50,1,667,469.50_470.00_471.00_472.00_473.00_,5_1_1_1_20_,469.00_468.00_467.50_467.00_466.50_,1_3_2_3_7_
10:16:02,469.50,1,667,469.00_469.50_470.00_471.00_472.00_,2_4_1_1_1_,468.00_467.50_467.00_466.50_466.00_,3_2_3_7_4_
10:17:03,469.50,2,675,469.50_471.00_472.00_473.00_475.00_,2_1_1_20_3_,468.00_467.50_467.00_466.50_466.00_,2_2_3_3_10_
10:17:08,469.50,2,677,471.00_472.00_473.00_475.00_475.50_,1_1_20_3_2_,468.50_468.00_467.50_467.00_466.50_,1_2_2_3_3_
10:17:13,468.50,2,679,471.00_472.00_473.00_475.00_475.50_,1_1_20_3_2_,468.50_468.00_467.50_467.00_466.50_,3_2_3_3_8_
10:17:18,471.00,1,680,472.00_473.00_475.00_475.50_476.00_,1_20_3_2_6_,469.00_468.50_468.00_467.50_467.00_,2_3_2_3_3_
10:17:24,471.00,1,680,472.00_473.00_475.00_475.50_476.00_,1_20_3_2_6_,469.00_468.50_468.00_467.50_467.00_,2_4_2_2_9_
10:18:15,471.00,1,685,472.00_473.00_475.00_475.50_476.00_,2_20_3_3_6_,470.00_469.50_469.00_468.50_468.00_,2_1_4_7_8_
10:18:35,470.00,1,686,472.00_473.00_475.00_475.50_476.00_,2_20_3_3_6_,470.00_469.50_469.00_468.50_468.00_,1_2_4_6_8_
10:18:41,470.00,1,686,472.00_473.00_475.00_475.50_476.00_,3_20_3_3_6_,470.00_469.50_469.00_468.50_468.00_,1_2_4_6_8_
10:18:46,470.00,1,687,472.00_473.00_475.00_475.50_476.00_,3_20_3_3_6_,469.50_469.00_468.50_468.00_467.50_,2_4_6_8_1_
10:18:51,470.00,1,687,472.00_473.00_475.00_475.50_476.00_,3_20_3_3_6_,470.00_469.50_469.00_468.50_468.00_,1_2_3_7_3_
10:18:56,470.00,1,687,472.00_473.00_475.00_475.50_476.00_,3_20_3_3_6_,470.00_469.50_469.00_468.50_468.00_,1_2_4_6_9_
10:19:58,471.00,1,692,471.00_472.00_473.00_475.00_475.50_,1_2_20_3_3_,470.50_470.00_469.50_469.00_468.50_,2_2_2_4_11_
10:20:23,471.00,1,693,472.00_473.00_475.00_475.50_476.00_,2_20_3_3_6_,471.00_470.50_470.00_469.50_469.00_,1_2_2_2_5_
10:20:29,471.00,1,693,472.00_473.00_475.00_475.50_476.00_,2_20_3_3_6_,471.00_470.50_470.00_469.50_469.00_,2_2_2_3_9_
10:20:59,470.50,1,703,471.00_471.50_472.00_475.00_475.50_,14_1_2_3_3_,470.50_470.00_469.50_469.00_468.50_,2_2_1_9_10_
10:21:40,470.00,1,713,470.50_471.00_472.00_475.00_475.50_,2_13_2_6_2_,470.00_469.50_469.00_468.50_468.00_,1_1_5_5_11_
10:22:11,469.50,1,716,470.00_470.50_471.00_471.50_472.00_,6_2_13_15_7_,469.00_468.50_468.00_467.50_467.00_,5_4_6_2_10_
10:23:08,468.50,1,728,469.00_470.00_470.50_471.00_471.50_,5_3_2_28_15_,468.50_468.00_467.50_467.00_466.50_,1_2_1_2_3_
10:24:50,468.00,2,751,468.50_469.00_470.00_470.50_472.00_,1_3_14_17_2_,468.00_467.50_467.00_466.50_466.00_,1_1_3_1_11_
10:24:55,468.00,1,752,468.50_469.00_470.00_470.50_472.00_,1_3_14_17_2_,468.00_467.50_467.00_466.50_466.00_,3_1_3_1_15_
10:25:00,468.00,3,755,468.50_469.00_470.00_470.50_472.00_,1_3_14_17_2_,467.50_467.00_466.50_466.00_465.00_,1_3_1_15_8_
10:25:05,468.00,1,756,468.50_469.00_470.00_470.50_472.00_,1_2_14_17_2_,467.50_467.00_466.50_466.00_465.00_,3_2_1_11_12_
10:26:17,467.50,1,764,467.50_468.00_468.50_469.00_469.50_,4_3_1_2_15_,467.00_466.50_466.00_465.00_464.50_,4_1_6_10_5_
10:27:03,467.00,1,769,467.50_468.00_468.50_469.00_469.50_,4_3_1_2_15_,467.00_466.50_466.00_465.00_464.50_,3_1_6_6_5_
10:27:09,467.00,3,772,467.50_468.50_469.00_469.50_470.00_,4_1_2_15_13_,466.50_466.00_465.00_464.50_464.00_,1_6_6_5_4_
10:27:44,466.00,1,779,467.00_467.50_468.50_469.00_469.50_,2_1_1_2_15_,465.00_464.50_464.00_463.00_462.50_,4_1_5_10_2_
10:27:55,467.00,1,782,467.00_468.50_469.00_469.50_470.00_,1_1_2_15_13_,465.50_465.00_464.00_463.00_462.50_,1_4_8_6_7_
10:28:00,467.00,1,783,467.00_468.50_469.00_469.50_470.00_,1_1_2_15_13_,465.50_465.00_464.00_463.00_462.50_,1_5_8_7_6_
10:28:05,467.00,1,784,468.50_469.00_469.50_470.00_470.50_,1_2_15_13_2_,466.00_465.50_465.00_464.00_463.00_,1_1_5_8_6_
10:28:26,467.00,1,787,468.50_469.00_469.50_470.00_470.50_,3_2_15_13_2_,467.00_466.00_465.50_465.00_464.50_,1_10_1_9_7_
10:28:46,467.00,1,787,468.50_469.00_469.50_470.00_470.50_,3_5_15_13_2_,468.00_467.50_467.00_466.00_465.00_,1_1_9_7_12_
10:28:51,468.50,3,790,469.00_469.50_470.00_470.50_471.00_,5_15_13_2_1_,468.50_468.00_467.50_467.00_466.00_,3_1_1_9_7_
10:28:56,468.50,3,790,469.00_469.50_470.00_470.50_471.00_,4_16_12_2_1_,468.50_468.00_467.50_467.00_466.50_,3_1_1_8_1_
10:29:01,469.00,1,791,469.00_469.50_470.00_470.50_471.00_,3_16_12_2_1_,468.50_468.00_467.50_467.00_466.50_,5_1_1_8_7_
10:29:07,469.00,3,794,469.50_470.00_470.50_471.00_472.00_,16_12_2_1_2_,469.00_468.50_467.50_467.00_466.50_,1_6_2_9_7_
10:29:12,469.00,1,795,469.50_470.00_470.50_471.00_472.00_,1_15_3_1_2_,469.00_468.50_467.50_467.00_466.50_,3_5_2_9_5_
10:29:58,471.00,3,805,472.00_472.50_474.00_475.00_475.50_,2_1_1_1_2_,471.00_470.00_469.50_469.00_468.50_,2_5_3_12_3_
10:30:03,472.00,1,806,472.00_472.50_474.00_475.00_475.50_,1_1_1_1_2_,471.00_470.00_469.50_469.00_468.50_,3_5_3_7_8_
10:30:13,472.00,1,809,472.00_472.50_474.00_475.00_475.50_,1_1_1_1_2_,471.00_470.00_469.50_469.00_468.50_,8_5_3_4_7_
10:30:18,472.00,1,810,472.50_474.00_475.00_475.50_476.50_,2_1_1_2_1_,472.00_471.00_470.50_470.00_469.50_,1_8_2_5_3_
10:31:35,474.50,1,822,474.50_475.00_475.50_476.00_476.50_,2_1_2_1_2_,474.00_473.00_472.00_471.50_471.00_,1_7_7_1_4_
10:31:45,474.00,2,825,474.50_475.00_475.50_476.00_476.50_,3_1_2_1_2_,474.00_473.00_472.00_471.50_471.00_,1_3_6_1_8_
10:32:26,474.00,1,829,474.00_475.00_475.50_476.00_476.50_,3_1_2_1_2_,473.00_472.50_472.00_471.50_471.00_,1_1_5_1_14_
10:33:13,473.50,1,833,473.50_474.00_475.00_475.50_476.50_,5_1_3_2_2_,473.00_472.50_472.00_471.50_471.00_,1_1_6_8_7_
10:33:23,473.50,1,834,473.50_474.00_475.00_475.50_476.50_,4_2_3_2_2_,473.00_472.50_472.00_471.00_470.50_,1_2_7_7_6_
10:33:33,473.00,1,835,473.00_473.50_474.00_475.00_475.50_,1_4_2_3_2_,472.50_472.00_471.50_471.00_470.50_,1_7_1_7_6_
10:33:38,473.00,1,835,473.00_473.50_474.00_475.00_475.50_,1_4_2_3_2_,472.50_472.00_471.50_471.00_470.50_,2_3_1_7_6_
10:33:58,473.00,1,835,473.00_473.50_474.00_475.00_475.50_,1_4_3_2_2_,472.50_472.00_471.50_471.00_470.50_,2_3_1_7_6_
10:34:04,473.00,2,837,473.50_474.00_475.00_475.50_476.50_,4_3_2_2_2_,472.50_472.00_471.50_471.00_470.50_,2_3_1_7_6_
10:34:14,473.50,1,839,473.50_474.00_475.00_475.50_476.50_,3_3_2_2_2_,472.50_472.00_471.50_471.00_470.50_,1_4_1_8_9_
10:34:34,473.50,1,839,473.50_474.00_475.00_475.50_476.50_,3_2_2_3_2_,472.50_472.00_471.50_471.00_470.50_,1_4_1_3_9_
10:35:51,475.50,1,853,475.50_476.50_477.00_477.50_478.00_,1_1_1_2_4_,475.00_474.50_474.00_473.50_473.00_,1_1_7_2_3_
10:35:56,475.00,2,855,475.00_475.50_476.50_477.00_477.50_,1_1_1_1_2_,474.50_474.00_473.50_473.00_472.50_,1_5_2_11_1_
10:36:07,475.50,1,858,476.50_477.00_477.50_478.00_479.00_,1_1_2_4_1_,475.50_475.00_474.50_474.00_473.50_,2_1_1_6_1_
10:37:18,477.00,3,873,477.50_478.00_479.00_479.50_480.00_,6_8_1_2_4_,477.00_476.50_475.50_475.00_474.50_,1_3_2_1_1_
10:37:23,477.50,2,875,477.50_478.00_479.00_479.50_480.00_,4_8_1_2_4_,477.00_476.50_475.50_475.00_474.50_,6_3_2_1_1_
10:37:29,477.50,2,875,477.50_478.00_479.00_479.50_480.00_,4_8_1_3_4_,477.00_476.50_475.50_475.00_474.50_,8_3_2_2_7_
10:37:34,477.00,1,876,477.50_478.00_479.00_479.50_480.00_,4_8_1_3_4_,477.00_476.50_475.50_475.00_474.50_,7_3_2_2_7_
10:37:39,477.50,1,877,477.50_478.00_479.00_479.50_480.00_,3_8_1_3_4_,477.00_476.50_475.50_475.00_474.50_,7_4_2_2_7_
10:37:44,477.50,1,878,477.50_478.00_479.00_479.50_480.00_,2_9_1_3_4_,477.00_476.50_475.50_475.00_474.50_,8_3_2_2_7_
10:38:10,477.00,1,881,477.50_478.00_479.00_479.50_480.00_,3_9_1_3_4_,477.00_476.50_475.50_475.00_474.50_,6_3_2_2_7_
10:38:25,477.50,1,884,477.50_478.00_479.00_479.50_480.00_,1_10_1_1_4_,477.00_476.50_475.50_475.00_474.50_,6_3_2_2_7_
10:38:35,477.50,1,886,478.00_479.00_479.50_480.00_481.50_,10_1_2_4_2_,477.00_476.50_475.50_475.00_474.50_,7_2_3_1_6_
10:39:57,476.50,1,902,477.00_477.50_478.00_479.00_479.50_,1_2_9_2_1_,475.50_475.00_474.50_474.00_473.00_,5_1_3_10_6_
10:40:03,475.50,1,903,476.50_477.00_477.50_478.00_479.00_,1_1_2_8_7_,475.50_475.00_474.50_474.00_473.00_,4_1_2_4_13_
10:40:08,475.50,1,903,476.50_477.00_477.50_478.00_478.50_,2_1_2_8_5_,475.50_475.00_474.50_474.00_473.00_,3_1_2_4_13_
10:40:13,476.50,1,904,476.50_477.00_477.50_478.00_478.50_,1_1_2_8_5_,475.50_475.00_474.50_474.00_473.00_,3_1_2_4_13_
10:40:18,476.50,1,904,476.50_477.00_477.50_478.00_478.50_,1_1_2_11_5_,475.50_475.00_474.50_474.00_473.00_,2_4_2_4_13_
10:41:04,476.50,2,908,477.00_477.50_478.00_478.50_479.00_,2_6_12_5_6_,475.00_474.50_474.00_473.50_473.00_,5_2_4_1_7_
10:41:20,476.50,2,908,476.00_476.50_477.00_477.50_478.00_,2_2_2_6_12_,475.00_474.50_474.00_473.50_473.00_,5_1_4_2_14_
10:41:56,476.00,1,909,476.00_476.50_477.00_477.50_478.00_,4_2_2_6_12_,475.00_474.50_474.00_473.50_473.00_,6_1_4_2_14_
10:42:01,476.00,1,909,476.00_476.50_477.00_477.50_478.00_,4_2_2_6_12_,475.00_474.50_474.00_473.50_473.00_,6_2_4_2_14_
10:43:48,474.50,2,918,474.50_475.00_475.50_476.00_476.50_,1_4_1_4_2_,474.00_473.50_473.00_472.50_472.00_,4_1_3_1_11_
10:44:50,474.50,1,919,475.00_476.00_476.50_477.00_477.50_,5_4_7_2_5_,474.50_474.00_473.50_473.00_472.50_,1_3_1_2_10_
10:45:05,474.50,1,920,475.00_476.00_476.50_477.00_477.50_,5_4_7_2_5_,474.50_474.00_473.50_473.00_472.50_,1_3_1_2_10_
10:45:15,474.50,1,921,475.00_476.00_476.50_477.00_477.50_,4_4_7_2_5_,474.50_474.00_473.50_473.00_472.50_,1_3_1_2_10_
10:45:31,475.00,1,922,475.00_476.00_476.50_477.00_477.50_,3_4_7_2_5_,474.50_474.00_473.00_472.50_472.00_,2_3_2_4_13_
10:46:12,474.50,2,924,474.50_475.00_476.00_476.50_477.00_,3_3_3_5_1_,474.00_473.50_473.00_472.50_472.00_,3_1_2_3_7_
10:46:43,474.50,1,927,474.50_475.00_476.00_476.50_477.00_,1_3_3_5_1_,474.00_473.50_473.00_472.50_472.00_,4_1_2_3_15_
10:48:51,475.00,1,937,476.00_476.50_477.00_477.50_478.00_,3_5_1_5_7_,474.00_473.00_472.50_472.00_471.50_,6_7_4_8_8_
10:49:01,475.00,1,937,476.00_476.50_477.00_477.50_478.00_,3_5_1_5_6_,474.00_473.00_472.50_472.00_471.50_,6_7_4_8_8_
10:49:47,476.00,2,942,477.00_477.50_478.00_479.00_479.50_,1_5_6_2_1_,476.00_475.00_474.00_473.00_472.50_,2_1_4_6_11_
10:50:23,475.00,1,947,476.00_477.00_477.50_478.00_479.00_,1_1_5_6_2_,474.50_474.00_473.50_473.00_472.50_,1_4_1_7_11_
10:50:28,475.00,1,947,476.00_477.00_477.50_478.00_479.00_,1_1_5_6_2_,475.00_474.50_474.00_473.50_473.00_,1_1_4_1_7_
10:50:33,477.00,1,948,477.50_478.00_479.00_479.50_480.00_,5_6_2_1_5_,475.00_474.50_474.00_473.50_473.00_,1_1_4_2_13_
10:50:39,477.00,1,948,477.50_478.00_479.00_479.50_480.00_,5_6_2_1_5_,475.00_474.50_474.00_473.50_473.00_,1_1_5_1_13_
10:50:44,476.00,1,949,477.50_478.00_479.00_479.50_480.00_,4_6_2_1_5_,475.00_474.50_474.00_473.50_473.00_,1_1_5_1_13_
10:50:49,476.00,1,949,477.00_477.50_478.00_479.00_479.50_,1_4_6_2_1_,475.00_474.50_474.00_473.50_473.00_,1_1_5_1_13_
10:50:59,476.00,1,949,476.50_477.00_477.50_478.00_479.00_,1_1_4_6_2_,475.00_474.50_474.00_473.50_473.00_,1_1_4_2_13_
10:51:09,476.00,1,949,476.50_477.00_477.50_478.00_479.00_,1_1_4_6_2_,475.00_474.50_474.00_473.50_473.00_,1_1_8_2_13_
10:51:30,476.50,1,950,477.00_477.50_478.00_479.00_479.50_,1_4_6_2_1_,475.00_474.50_474.00_473.50_473.00_,1_1_8_2_13_
10:51:35,476.50,1,950,477.00_477.50_478.00_479.00_479.50_,1_4_6_2_1_,475.00_474.50_474.00_473.50_473.00_,1_1_9_1_13_
10:51:40,476.50,1,950,477.00_477.50_478.00_479.00_479.50_,1_4_6_2_1_,475.00_474.50_474.00_473.50_473.00_,1_1_9_3_13_
10:52:26,476.50,1,952,476.50_477.00_477.50_478.00_479.00_,1_3_4_6_2_,474.50_474.00_473.50_473.00_472.50_,1_8_4_6_11_
10:52:57,476.50,1,952,476.00_476.50_477.00_477.50_478.00_,2_1_3_4_6_,474.50_474.00_473.50_473.00_472.50_,1_4_2_7_11_
10:53:02,476.50,1,952,475.50_476.00_476.50_477.00_477.50_,1_3_1_3_4_,474.50_474.00_473.50_473.00_472.50_,1_4_2_7_11_
10:53:07,476.50,1,952,475.00_475.50_476.00_476.50_477.00_,1_1_2_1_3_,474.50_474.00_473.50_473.00_472.50_,1_4_2_7_11_
10:53:13,476.00,1,953,476.00_476.50_477.00_477.50_478.00_,2_1_3_4_6_,475.00_474.50_474.00_473.50_473.00_,1_2_4_2_6_
10:53:18,476.00,1,953,476.00_476.50_477.00_477.50_478.00_,2_1_3_4_6_,475.00_474.50_474.00_473.50_473.00_,1_1_4_3_13_
10:54:35,475.50,1,957,476.50_477.00_477.50_478.00_479.00_,1_3_5_6_2_,475.00_474.50_474.00_473.50_473.00_,2_1_4_3_14_
10:54:40,475.50,1,957,476.50_477.00_477.50_478.00_479.00_,1_3_5_6_2_,475.00_474.50_474.00_473.50_473.00_,2_1_8_3_14_
10:54:45,475.50,1,957,476.50_477.00_477.50_478.00_479.00_,1_3_5_6_2_,475.50_475.00_474.50_474.00_473.50_,1_2_1_8_3_
10:54:50,475.50,1,957,476.50_477.00_477.50_478.00_479.00_,1_3_5_6_2_,475.50_475.00_474.50_474.00_473.50_,1_1_1_9_9_
10:54:55,476.50,1,958,477.00_477.50_478.00_479.00_479.50_,3_5_6_2_1_,475.50_475.00_474.50_474.00_473.50_,1_1_1_9_9_
10:55:41,476.50,1,959,477.00_477.50_478.00_479.00_479.50_,3_5_6_3_2_,476.00_475.50_475.00_474.50_474.00_,1_1_1_2_16_
10:56:58,476.50,1,962,477.00_477.50_478.00_478.50_479.00_,2_2_6_1_3_,476.00_475.50_475.00_474.50_474.00_,3_1_1_2_15_
10:58:25,476.50,2,974,477.50_478.00_478.50_479.00_479.50_,2_6_1_3_2_,476.50_476.00_475.00_474.50_474.00_,2_3_6_1_16_
10:58:31,476.50,2,974,477.50_478.00_478.50_479.00_479.50_,2_6_1_3_2_,477.00_476.50_476.00_475.00_474.50_,1_2_3_6_1_
10:58:36,477.00,1,975,477.50_478.00_478.50_479.00_479.50_,1_6_1_3_2_,476.50_476.00_475.00_474.50_474.00_,2_3_7_8_9_
10:58:41,476.50,1,976,477.50_478.00_478.50_479.00_479.50_,1_6_1_3_2_,476.50_476.00_475.00_474.50_474.00_,2_4_7_1_16_
10:58:46,476.50,1,976,477.50_478.00_478.50_479.00_479.50_,1_6_1_3_2_,476.50_476.00_475.00_474.50_474.00_,1_4_7_1_16_
10:58:56,476.50,1,977,477.50_478.00_478.50_479.00_479.50_,1_6_1_3_2_,476.50_476.00_475.00_474.50_474.00_,1_4_6_1_16_
11:00:03,476.00,1,981,478.00_479.00_479.50_480.00_481.50_,6_3_2_7_1_,476.00_475.00_474.50_474.00_473.50_,3_6_1_13_7_
11:00:08,477.50,1,982,477.50_478.00_479.00_479.50_480.00_,2_6_3_2_7_,476.50_476.00_475.00_474.50_474.00_,1_3_6_1_13_
11:01:10,475.00,1,993,477.00_478.00_479.00_479.50_480.00_,2_7_3_2_6_,475.00_474.50_474.00_473.50_473.00_,1_1_14_1_13_
11:02:52,474.00,1,997,477.00_478.00_479.00_479.50_480.00_,2_7_3_2_6_,474.50_474.00_473.50_473.00_472.50_,1_12_2_6_3_
11:02:57,474.00,1,997,477.00_478.00_479.00_479.50_480.00_,2_7_3_2_6_,474.50_474.00_473.50_473.00_472.50_,2_12_2_6_10_
11:03:03,474.00,1,997,477.00_478.00_479.00_479.50_480.00_,3_7_3_2_6_,474.50_474.00_473.50_473.00_472.50_,2_12_2_6_10_
11:03:08,474.50,1,998,476.50_477.00_478.00_479.00_479.50_,1_3_7_3_2_,474.50_474.00_473.50_473.00_472.50_,1_12_2_6_10_
11:03:54,474.50,1,999,476.00_477.00_478.00_479.00_479.50_,2_3_7_3_2_,474.50_474.00_473.50_473.00_472.50_,1_13_1_7_10_
11:04:14,474.50,1,999,475.00_476.00_477.00_478.00_479.00_,3_1_3_7_3_,474.50_474.00_473.50_473.00_472.50_,1_13_1_7_10_
11:04:55,474.50,1,1002,475.00_476.00_477.00_478.00_479.00_,3_4_3_6_3_,474.00_473.50_473.00_472.50_472.00_,9_1_6_4_13_
11:05:56,474.50,1,1003,475.00_476.00_477.00_478.00_479.00_,4_4_3_6_3_,474.50_474.00_473.50_473.00_472.50_,2_9_1_6_10_
11:06:07,474.50,1,1004,475.00_476.00_477.00_478.00_479.00_,4_4_3_7_3_,474.50_474.00_473.50_473.00_472.50_,1_9_1_6_10_
11:06:32,474.50,1,1005,475.00_476.00_477.00_478.00_479.00_,4_4_2_7_3_,474.50_474.00_473.50_473.00_472.50_,2_9_1_6_10_
11:08:20,475.00,1,1013,476.00_476.50_477.00_477.50_478.00_,5_2_2_1_7_,474.50_474.00_473.50_473.00_472.50_,4_12_1_7_8_
11:09:22,475.50,1,1014,475.50_476.00_476.50_477.00_477.50_,3_2_2_2_2_,474.50_474.00_473.50_473.00_472.50_,5_12_1_7_8_
11:09:32,475.50,1,1014,475.50_476.00_476.50_477.00_477.50_,3_2_2_2_2_,474.50_474.00_473.50_473.00_472.50_,5_12_1_3_8_
11:09:53,474.50,1,1015,475.50_476.00_476.50_477.00_477.50_,3_2_2_2_2_,474.50_474.00_473.50_473.00_472.50_,4_12_1_7_8_
11:10:34,474.50,1,1015,475.00_475.50_476.00_476.50_477.00_,5_1_2_2_2_,474.50_474.00_473.50_473.00_472.50_,5_13_1_2_10_
11:10:39,474.50,1,1015,475.00_475.50_476.00_476.50_477.00_,5_1_2_2_2_,474.50_474.00_473.50_473.00_472.50_,6_13_1_2_10_
11:10:49,474.50,1,1015,475.00_476.00_476.50_477.00_477.50_,6_3_2_2_1_,474.50_474.00_473.50_473.00_472.50_,6_13_1_2_10_
11:10:54,474.50,1,1015,475.00_476.00_476.50_477.00_477.50_,6_3_2_2_1_,474.50_474.00_473.50_473.00_472.50_,6_13_1_2_9_
11:11:04,475.00,1,1016,475.00_476.00_476.50_477.00_477.50_,6_3_2_2_1_,474.50_474.00_473.50_473.00_472.50_,6_13_1_2_9_
11:11:15,475.00,1,1017,475.00_476.00_476.50_477.00_477.50_,5_3_2_2_1_,474.50_474.00_473.50_473.00_472.50_,6_13_1_2_9_
11:11:25,475.00,2,1019,475.00_476.00_476.50_477.00_477.50_,3_3_2_2_1_,474.50_474.00_473.50_473.00_472.50_,6_13_1_2_9_
11:11:30,474.50,2,1021,475.00_476.00_476.50_477.00_477.50_,3_3_2_2_1_,474.50_474.00_473.50_473.00_472.50_,4_13_1_6_9_
11:12:26,474.50,1,1024,475.00_476.00_476.50_477.00_477.50_,4_3_2_2_1_,474.50_474.00_473.50_473.00_472.50_,3_13_1_2_9_
11:13:13,474.00,1,1029,474.50_475.00_476.00_476.50_477.00_,6_2_3_2_2_,474.00_473.50_473.00_472.50_472.00_,12_1_2_3_14_
11:15:46,474.50,1,1044,476.00_476.50_477.00_477.50_478.00_,3_2_2_1_6_,474.50_474.00_473.50_473.00_472.50_,2_10_2_7_9_
11:16:02,474.50,1,1044,476.00_476.50_477.00_477.50_478.00_,3_2_2_1_6_,474.50_474.00_473.50_473.00_472.50_,3_9_2_7_9_
11:18:25,476.00,1,1050,476.50_477.00_477.50_478.00_479.00_,3_2_1_6_5_,475.00_474.50_474.00_473.50_473.00_,1_3_12_2_12_
11:20:29,475.00,1,1056,476.00_476.50_477.00_477.50_478.00_,4_2_2_1_6_,474.50_474.00_473.50_473.00_472.50_,2_9_2_8_8_
11:24:25,475.00,2,1070,475.50_476.00_476.50_477.00_477.50_,2_6_2_2_2_,475.00_474.50_474.00_473.50_473.00_,5_5_13_4_8_
11:27:29,477.00,3,1098,477.50_478.00_479.00_479.50_480.00_,2_6_4_2_5_,476.50_476.00_475.50_475.00_474.50_,3_5_5_9_7_
11:27:44,479.00,10,1110,479.00_479.50_480.00_481.50_483.00_,2_2_5_1_3_,477.00_476.50_476.00_475.50_475.00_,2_4_5_6_8_
11:29:07,481.50,2,1142,481.50_482.50_483.00_483.50_484.00_,1_1_3_1_3_,480.00_479.50_479.00_478.50_478.00_,6_2_3_1_7_
11:29:12,481.50,2,1142,481.50_482.50_483.00_483.50_484.00_,1_1_3_1_3_,480.00_479.50_479.00_478.50_478.00_,6_2_7_1_11_
11:29:17,483.00,3,1145,483.00_483.50_484.00_484.50_485.00_,2_2_3_1_3_,481.50_480.50_480.00_479.50_479.00_,1_1_6_1_7_
11:29:22,483.00,1,1146,483.00_483.50_484.00_484.50_485.00_,2_2_3_1_3_,481.50_481.00_480.50_480.00_479.50_,6_1_1_10_1_
11:29:27,483.00,1,1147,483.50_484.00_484.50_485.00_487.00_,1_3_1_3_2_,482.00_481.50_481.00_480.50_480.00_,3_7_1_2_10_
11:29:32,483.00,6,1153,483.50_484.00_484.50_485.00_487.00_,1_3_2_3_2_,482.50_482.00_481.50_481.00_480.50_,2_8_7_1_2_
11:30:24,485.00,4,1171,487.00_488.00_489.00_489.50_490.00_,2_5_5_2_5_,484.50_484.00_483.50_483.00_482.50_,3_11_1_7_8_
11:30:29,485.00,4,1171,487.00_488.00_489.00_489.50_490.00_,2_5_5_2_5_,486.00_484.50_484.00_483.50_483.00_,1_3_7_1_7_
11:30:44,487.00,1,1175,487.00_488.00_489.00_489.50_490.00_,1_8_5_2_9_,486.50_486.00_484.50_484.00_483.50_,1_1_3_10_5_
11:33:49,483.50,4,1212,484.00_485.00_485.50_486.00_486.50_,5_5_1_1_4_,483.50_483.00_482.50_482.00_481.50_,1_3_3_7_10_
11:33:54,483.50,4,1212,484.00_484.50_485.00_485.50_486.00_,5_1_4_1_1_,483.50_483.00_482.50_482.00_481.50_,1_3_3_7_10_
11:34:04,484.00,1,1213,484.00_484.50_485.00_485.50_486.00_,5_1_4_1_1_,483.50_483.00_482.50_482.00_481.50_,1_3_3_3_10_
11:34:55,483.00,1,1222,484.50_485.00_485.50_486.00_486.50_,1_4_2_1_4_,483.00_482.50_482.00_481.50_481.00_,2_3_7_7_8_
11:35:01,483.00,1,1222,484.50_485.00_485.50_486.00_486.50_,1_4_2_1_4_,483.00_482.50_482.00_481.50_481.00_,1_3_3_7_8_
11:35:06,483.00,1,1222,484.00_484.50_485.00_485.50_486.00_,1_2_4_2_1_,483.00_482.50_482.00_481.50_481.00_,1_3_3_7_8_
11:35:41,481.50,7,1237,482.00_482.50_483.00_483.50_484.00_,2_1_1_1_1_,481.00_480.00_479.00_478.00_477.50_,1_2_5_9_3_
11:35:47,481.50,7,1237,481.50_482.00_483.00_483.50_484.00_,6_2_1_1_1_,481.00_480.00_479.00_478.00_477.50_,1_2_5_5_7_
11:35:52,481.50,7,1237,481.50_482.00_483.00_483.50_484.00_,7_2_1_1_1_,481.00_480.00_479.00_478.00_477.50_,1_2_5_5_7_
11:35:57,481.50,7,1237,481.50_482.00_483.00_484.00_485.00_,7_3_1_1_3_,481.00_480.00_479.00_478.00_477.50_,2_2_6_5_8_
11:36:02,481.00,1,1238,481.50_482.00_483.00_484.00_485.00_,7_3_1_1_3_,481.00_480.00_479.00_478.00_477.50_,1_2_6_5_8_
11:36:07,481.00,1,1238,481.50_482.00_483.00_484.00_485.00_,7_3_1_1_3_,481.00_480.00_479.00_478.00_477.50_,1_1_6_5_8_
11:36:17,481.00,1,1238,481.50_482.00_483.00_484.00_485.00_,7_3_1_1_3_,481.00_480.00_479.00_478.00_477.50_,1_2_6_5_8_
11:36:48,481.00,2,1241,480.50_481.00_481.50_482.00_483.00_,3_1_6_3_1_,480.00_479.00_478.00_477.50_477.00_,1_1_7_8_7_
11:36:53,481.00,2,1241,480.50_481.00_481.50_482.00_483.00_,3_2_6_2_1_,480.00_479.00_478.00_477.50_477.00_,1_1_7_3_12_
11:37:03,481.00,2,1241,480.50_481.00_481.50_482.00_483.00_,3_1_6_2_1_,480.00_479.00_478.00_477.50_477.00_,1_2_7_3_12_
11:37:09,480.50,1,1242,480.50_481.00_481.50_482.00_483.00_,2_1_6_2_1_,480.00_479.00_478.00_477.50_477.00_,2_1_7_3_12_
11:37:44,480.00,1,1245,480.50_481.00_481.50_482.00_482.50_,2_1_4_2_4_,480.00_479.00_478.00_477.50_477.00_,1_1_7_3_13_
11:40:29,480.50,1,1253,480.50_481.50_482.00_482.50_483.00_,2_4_3_4_4_,479.00_478.50_478.00_477.50_477.00_,3_2_6_2_14_
11:40:49,479.00,1,1254,480.50_481.50_482.00_482.50_483.00_,2_4_3_4_4_,479.00_478.50_478.00_477.50_477.00_,2_2_6_2_14_
11:40:54,479.00,1,1254,480.50_481.50_482.00_482.50_483.00_,2_4_3_4_4_,479.00_478.50_478.00_477.50_477.00_,3_1_6_2_14_
11:41:35,480.00,1,1255,480.00_480.50_481.50_482.00_482.50_,7_1_5_4_4_,479.00_478.50_478.00_477.50_477.00_,4_1_3_2_15_
11:41:41,480.00,1,1255,480.00_481.50_482.00_482.50_483.00_,8_5_4_4_4_,479.00_478.50_478.00_477.50_477.00_,4_1_3_2_15_
11:41:56,479.00,1,1256,480.00_481.50_482.00_482.50_483.00_,8_5_4_4_4_,479.00_478.50_478.00_477.50_477.00_,3_1_3_2_15_
11:42:01,479.00,1,1257,480.00_481.50_482.00_482.50_483.00_,8_5_4_4_4_,479.00_478.50_478.00_477.50_477.00_,3_1_3_2_15_
11:42:52,480.00,1,1261,480.00_481.50_482.00_482.50_483.00_,6_5_4_4_4_,478.50_478.00_477.50_477.00_476.00_,1_3_1_9_8_
11:43:33,478.50,1,1265,479.00_479.50_481.50_482.00_482.50_,4_9_5_2_4_,478.00_477.50_477.00_476.00_475.50_,2_2_5_8_2_
11:44:09,478.00,1,1268,479.00_479.50_480.50_481.50_482.00_,4_8_1_5_2_,478.00_477.50_477.00_476.00_475.50_,1_2_5_5_6_
11:44:14,478.00,1,1268,479.00_479.50_480.50_481.50_482.00_,4_8_1_5_2_,478.00_477.50_477.00_476.00_475.50_,1_1_5_5_6_
11:44:19,479.00,1,1269,479.00_479.50_480.50_481.50_482.00_,3_8_1_5_2_,478.00_477.50_477.00_476.00_475.50_,1_1_5_5_6_
11:45:57,479.00,1,1275,479.00_479.50_480.50_481.00_481.50_,2_8_2_1_5_,477.50_477.00_476.00_475.50_475.00_,2_5_6_2_11_
11:46:02,479.00,1,1276,479.00_479.50_480.50_481.00_481.50_,1_8_2_1_5_,477.50_477.00_476.00_475.50_475.00_,2_5_6_2_11_
11:46:07,479.00,1,1276,479.00_479.50_480.50_481.00_481.50_,2_8_2_1_5_,477.50_477.00_476.00_475.50_475.00_,2_5_6_2_11_
11:46:12,479.00,1,1276,479.00_479.50_480.50_481.00_481.50_,3_8_1_1_5_,477.50_477.00_476.00_475.50_475.00_,2_5_6_2_11_
11:46:43,479.00,1,1279,479.00_479.50_480.50_481.00_481.50_,3_8_1_2_4_,477.00_476.50_476.00_475.50_475.00_,4_1_7_2_11_
11:47:03,479.00,1,1279,478.50_479.00_479.50_480.50_481.00_,1_3_8_1_2_,477.00_476.50_476.00_475.50_475.00_,4_1_7_2_11_
11:47:08,478.50,1,1280,478.50_479.00_479.50_480.50_481.00_,1_2_8_1_3_,477.00_476.50_476.00_475.50_475.00_,4_1_7_2_11_
11:51:20,478.50,1,1294,478.50_479.00_479.50_480.00_480.50_,7_6_7_4_4_,478.00_477.50_477.00_476.50_476.00_,3_3_6_2_10_
11:51:35,478.00,1,1295,478.50_479.00_479.50_480.00_480.50_,7_6_7_4_4_,478.00_477.50_477.00_476.50_476.00_,2_3_6_2_10_
11:52:01,478.50,1,1299,478.50_479.00_479.50_480.00_480.50_,6_6_7_4_4_,477.50_477.00_476.50_476.00_475.50_,2_6_2_6_6_
11:52:06,478.50,1,1299,478.50_479.00_479.50_480.00_480.50_,6_6_7_4_4_,478.00_477.50_477.00_476.50_476.00_,1_2_6_2_6_
11:52:11,478.50,1,1299,478.50_479.00_479.50_480.00_480.50_,6_6_7_4_4_,478.00_477.50_477.00_476.50_476.00_,4_1_6_2_10_
11:52:16,478.50,1,1299,478.50_479.00_479.50_480.00_480.50_,6_6_7_4_4_,478.00_477.50_477.00_476.50_476.00_,4_1_10_2_10_
11:52:31,478.50,1,1301,478.50_479.00_479.50_480.00_480.50_,5_6_7_4_4_,478.00_477.50_477.00_476.50_476.00_,4_1_6_2_10_
11:52:57,478.50,1,1302,478.50_479.00_479.50_480.00_480.50_,4_6_7_5_4_,478.00_477.50_477.00_476.50_476.00_,5_1_5_2_10_
11:53:43,479.00,1,1307,479.00_479.50_480.00_480.50_481.00_,6_9_5_4_1_,478.50_478.00_477.50_477.00_476.50_,6_2_1_9_6_
11:53:58,479.00,1,1310,479.00_479.50_480.00_480.50_481.00_,4_9_5_4_1_,478.50_478.00_477.50_477.00_476.50_,8_2_1_9_6_
11:54:34,478.50,1,1312,479.00_479.50_480.00_480.50_481.00_,7_8_5_4_1_,478.50_478.00_477.50_477.00_476.50_,6_2_1_9_6_
11:54:45,479.00,1,1313,479.00_479.50_480.00_480.50_481.00_,6_8_5_4_1_,478.50_478.00_477.50_477.00_476.50_,6_2_1_9_6_
11:54:55,478.00,2,1321,478.50_479.00_479.50_480.00_480.50_,1_4_7_5_4_,477.50_477.00_476.50_476.00_475.50_,1_5_2_10_2_
11:55:56,477.00,1,1328,478.50_479.00_479.50_480.00_480.50_,2_4_8_4_6_,477.00_476.50_476.00_475.50_475.00_,1_1_6_3_12_
11:56:06,477.00,1,1329,478.50_479.00_479.50_480.00_480.50_,2_4_7_5_5_,476.50_476.00_475.50_475.00_474.50_,1_2_3_9_5_
11:56:12,477.00,1,1329,478.50_479.00_479.50_480.00_480.50_,1_4_7_5_5_,476.50_476.00_475.50_475.00_474.50_,1_1_3_9_5_
11:56:37,478.00,2,1332,479.00_479.50_480.00_480.50_481.00_,4_7_5_6_1_,476.00_475.50_475.00_474.50_474.00_,1_3_9_1_10_
11:57:03,478.00,2,1332,479.00_479.50_480.00_480.50_481.00_,6_6_5_6_2_,476.00_475.50_475.00_474.50_474.00_,1_4_10_1_10_
11:57:18,478.00,2,1332,478.00_479.00_479.50_480.00_480.50_,2_9_6_6_6_,476.00_475.50_475.00_474.50_474.00_,2_4_10_1_10_
11:57:23,478.00,2,1332,478.00_479.00_479.50_480.00_480.50_,5_9_6_6_5_,476.00_475.50_475.00_474.50_474.00_,2_4_10_1_10_
11:57:28,478.00,2,1334,478.00_478.50_479.00_479.50_480.00_,4_4_10_6_5_,476.00_475.50_475.00_474.50_474.00_,2_4_10_1_10_
11:57:34,478.00,2,1334,477.50_478.00_478.50_479.00_479.50_,4_5_5_9_5_,476.00_475.50_475.00_474.50_474.00_,1_5_10_1_10_
11:59:11,476.50,1,1340,476.50_477.00_477.50_478.00_478.50_,6_4_4_5_6_,476.00_475.50_475.00_474.50_474.00_,1_5_7_1_8_
11:59:21,476.50,1,1341,476.50_477.00_477.50_478.00_478.50_,5_4_6_4_5_,476.00_475.50_475.00_474.50_474.00_,1_5_7_1_12_
12:00:48,474.50,1,1357,475.50_476.00_476.50_477.00_477.50_,6_5_1_3_5_,474.00_473.50_473.00_472.50_472.00_,3_2_7_5_6_
12:00:54,474.50,1,1357,475.50_476.00_476.50_477.00_477.50_,6_5_1_3_5_,475.00_474.00_473.50_473.00_472.50_,1_3_2_7_1_
12:00:59,474.50,1,1357,475.50_476.00_476.50_477.00_477.50_,6_5_1_3_5_,475.00_474.00_473.50_473.00_472.50_,1_3_2_7_5_
12:01:04,475.00,1,1358,475.50_476.00_476.50_477.00_477.50_,6_5_1_3_5_,475.00_474.00_473.50_473.00_472.50_,1_3_2_7_5_
12:01:09,475.00,1,1359,475.50_476.00_476.50_477.00_477.50_,5_5_1_3_5_,474.00_473.50_473.00_472.50_472.00_,3_2_7_5_6_
12:01:14,474.00,1,1360,475.50_476.00_476.50_477.00_477.50_,5_5_1_3_5_,474.00_473.50_473.00_472.50_472.00_,2_2_7_1_10_
12:01:24,473.00,10,1370,475.50_476.00_476.50_477.00_477.50_,5_5_1_3_5_,473.00_472.50_472.00_470.50_470.00_,1_1_10_1_8_
12:01:29,473.00,1,1371,475.50_476.00_476.50_477.00_477.50_,4_5_1_3_5_,472.50_472.00_471.00_470.50_470.00_,1_7_5_1_11_
12:01:35,473.00,1,1371,475.50_476.00_476.50_477.00_477.50_,4_5_1_3_5_,472.00_471.00_470.50_470.00_469.00_,7_5_2_11_2_
12:01:40,473.00,1,1371,475.50_476.00_476.50_477.00_477.50_,4_5_1_3_5_,472.00_471.00_470.50_470.00_469.50_,7_6_2_9_3_
12:01:45,473.00,1,1371,475.00_475.50_476.00_476.50_477.00_,1_4_5_1_3_,472.00_471.00_470.50_470.00_469.50_,7_6_2_9_3_
12:02:16,474.50,1,1373,474.00_474.50_475.00_476.00_476.50_,1_4_4_7_1_,473.00_472.50_472.00_471.00_470.50_,1_1_2_6_6_
12:03:17,474.00,1,1376,474.00_475.00_475.50_476.00_477.00_,5_2_1_8_3_,472.50_472.00_471.00_470.50_470.00_,2_7_6_6_10_
12:04:44,474.00,1,1383,474.00_475.00_475.50_476.00_477.00_,3_1_2_6_4_,473.00_472.50_472.00_471.00_470.50_,3_2_7_6_7_
12:04:59,474.00,1,1383,474.00_475.00_475.50_476.00_477.00_,3_1_2_6_4_,473.00_472.50_472.00_471.00_470.50_,4_2_7_6_7_
12:05:05,474.00,1,1383,474.00_475.00_475.50_476.00_477.00_,3_1_2_6_4_,473.00_472.50_472.00_471.00_470.50_,3_2_7_6_7_
12:05:10,474.00,1,1384,474.00_475.00_475.50_476.00_477.00_,2_1_2_6_4_,473.50_473.00_472.50_472.00_471.00_,1_2_2_7_6_
12:05:15,474.00,1,1385,474.00_474.50_475.00_475.50_476.00_,2_1_1_1_6_,473.50_473.00_472.50_472.00_471.00_,1_2_2_7_10_
12:05:20,474.00,1,1386,474.00_474.50_475.00_475.50_476.00_,1_1_1_1_6_,473.50_473.00_472.50_472.00_471.00_,2_1_2_7_10_
12:05:25,474.00,1,1386,474.00_474.50_475.00_475.50_476.00_,1_2_1_1_6_,473.50_473.00_472.50_472.00_471.00_,2_1_2_7_10_
12:06:57,475.50,1,1393,475.50_476.00_477.00_477.50_478.00_,5_7_3_5_4_,474.50_474.00_473.50_473.00_472.50_,1_2_4_2_8_
12:07:12,474.50,1,1394,475.50_476.00_477.00_477.50_478.00_,5_7_3_5_4_,474.00_473.50_473.00_472.50_472.00_,2_4_2_8_7_
12:07:38,475.50,1,1396,475.50_476.00_477.00_477.50_478.00_,5_6_4_4_4_,475.00_474.50_474.00_473.50_473.00_,1_1_1_3_10_
12:07:43,475.50,1,1396,475.50_476.00_477.00_477.50_478.00_,5_6_4_4_4_,475.00_474.50_474.00_473.50_473.00_,2_2_1_3_10_
12:07:48,475.50,1,1396,475.50_476.00_477.00_477.50_478.00_,5_7_4_4_4_,475.00_474.50_473.50_473.00_472.50_,3_2_3_10_4_
12:08:35,474.50,1,1405,475.00_475.50_476.00_477.00_477.50_,3_5_7_4_4_,474.50_473.50_473.00_472.50_472.00_,1_3_6_4_11_
12:09:57,474.00,1,1409,475.00_475.50_476.00_476.50_477.00_,2_5_6_1_4_,474.00_473.50_473.00_472.50_472.00_,1_3_2_4_12_
12:10:17,474.50,2,1411,474.50_475.00_475.50_476.00_477.00_,4_2_5_6_3_,474.00_473.50_473.00_472.50_472.00_,1_3_7_4_12_
12:10:33,474.00,1,1412,474.50_475.00_475.50_476.00_477.00_,5_2_5_6_3_,473.50_473.00_472.50_472.00_471.00_,3_7_4_12_6_
12:10:38,474.00,1,1412,474.50_475.00_475.50_476.00_477.00_,6_2_4_6_4_,473.50_473.00_472.50_472.00_471.00_,3_7_4_8_10_
12:10:48,473.50,1,1413,474.50_475.00_475.50_476.00_477.00_,6_1_4_7_4_,473.50_473.00_472.50_472.00_471.00_,2_7_4_8_10_
12:11:08,474.50,1,1415,474.50_475.50_476.00_477.00_477.50_,5_5_7_3_4_,473.00_472.50_472.00_471.00_470.50_,9_4_8_6_7_
12:12:51,473.50,1,1419,473.50_474.00_474.50_475.00_475.50_,7_6_6_5_9_,473.00_472.50_472.00_471.00_470.50_,9_4_4_6_7_
12:13:47,473.50,1,1425,473.50_474.00_474.50_475.00_475.50_,4_6_6_5_9_,473.00_472.50_472.00_471.00_470.50_,7_4_4_6_7_
12:15:09,473.00,4,1431,473.50_474.00_474.50_475.00_475.50_,5_6_6_6_9_,473.00_472.50_472.00_471.00_470.50_,2_5_4_6_7_
12:15:14,473.00,1,1432,473.50_474.00_474.50_475.00_475.50_,6_6_6_6_9_,473.00_472.50_472.00_471.00_470.50_,2_5_4_6_7_
12:15:20,473.00,1,1432,473.50_474.00_474.50_475.00_475.50_,10_6_6_6_9_,473.00_472.50_472.00_471.00_470.50_,2_4_4_6_7_
12:15:25,473.00,2,1434,473.00_473.50_474.00_474.50_475.00_,1_9_6_6_5_,472.50_472.00_471.00_470.50_470.00_,4_4_6_7_16_
12:15:30,473.00,2,1434,473.00_473.50_474.00_474.50_475.00_,3_8_6_5_5_,472.50_472.00_471.00_470.50_470.00_,4_4_6_3_20_
12:16:31,473.00,1,1437,473.00_473.50_474.00_474.50_475.00_,5_6_5_6_5_,472.50_472.00_471.00_470.50_470.00_,4_4_2_3_20_
12:17:07,472.50,1,1439,473.00_473.50_474.00_474.50_475.00_,5_6_4_6_5_,472.50_472.00_471.00_470.50_470.00_,2_4_2_4_20_
12:17:12,472.50,1,1439,473.00_473.50_474.00_474.50_475.00_,5_6_4_6_5_,472.50_472.00_471.00_470.50_470.00_,3_4_2_4_20_
12:17:22,472.50,1,1440,473.00_473.50_474.00_474.50_475.00_,5_6_4_6_5_,472.50_472.00_471.00_470.50_470.00_,3_4_2_4_20_
12:17:28,472.50,1,1441,473.00_473.50_474.00_474.50_475.00_,5_6_5_6_5_,472.50_472.00_471.00_470.50_470.00_,3_4_2_4_20_
12:17:33,472.50,3,1444,472.50_473.00_473.50_474.00_474.50_,1_5_6_5_6_,472.00_471.00_470.50_470.00_469.00_,6_2_4_20_5_
12:17:38,472.00,2,1446,472.50_473.00_473.50_474.00_474.50_,2_4_6_5_6_,472.00_471.00_470.50_470.00_469.00_,4_2_4_16_9_
12:17:43,472.00,2,1446,472.50_473.00_473.50_474.00_474.50_,3_4_5_5_6_,472.00_471.00_470.50_470.00_469.50_,4_2_4_16_1_
12:19:05,470.50,1,1455,471.00_471.50_472.00_473.00_473.50_,5_8_1_1_4_,470.50_470.00_469.50_469.00_468.00_,3_12_1_6_16_
12:20:48,470.00,1,1465,470.50_471.00_472.00_472.50_473.00_,8_2_6_10_1_,470.00_469.50_469.00_468.00_467.50_,12_1_2_14_5_
12:23:12,465.00,1,1511,466.00_467.00_468.00_468.50_469.00_,4_3_3_48_50_,465.00_464.50_464.00_463.00_462.50_,12_2_5_8_4_
12:24:03,463.00,4,1542,465.00_467.00_467.50_468.00_468.50_,2_3_1_2_1_,462.50_462.00_461.50_461.00_460.00_,2_6_3_8_9_
12:24:08,463.00,1,1543,465.00_467.00_467.50_468.00_468.50_,2_4_1_1_1_,463.00_462.50_462.00_461.50_461.00_,1_2_6_3_7_
12:24:13,463.00,1,1543,465.00_467.00_468.00_468.50_469.00_,2_5_1_1_5_,463.00_462.50_462.00_461.50_461.00_,1_1_6_3_8_
12:24:18,462.50,2,1545,463.00_465.00_467.00_468.00_468.50_,1_2_5_1_1_,462.00_461.50_461.00_460.00_458.00_,6_3_8_10_1_
12:24:23,462.00,2,1547,462.00_463.00_465.00_467.00_468.00_,5_2_1_5_1_,461.50_461.00_460.00_458.50_458.00_,2_6_16_3_1_
12:24:28,462.00,6,1553,462.00_462.50_463.00_465.00_467.00_,2_2_2_1_3_,461.50_461.00_460.00_459.00_458.50_,2_1_15_5_3_
12:24:34,461.50,2,1555,461.50_462.00_462.50_463.00_465.00_,1_2_2_2_1_,461.00_460.00_459.50_459.00_458.00_,1_15_1_7_1_
12:24:39,462.00,2,1557,462.00_463.00_465.00_467.00_468.00_,4_2_10_1_1_,461.00_460.00_459.00_458.50_458.00_,1_11_5_3_5_
12:24:44,462.00,2,1559,462.00_463.00_465.00_467.00_468.00_,2_2_11_1_1_,460.00_459.50_459.00_458.50_458.00_,15_1_6_3_1_
12:24:49,462.00,1,1560,462.00_463.00_465.00_467.00_468.00_,2_2_12_1_1_,460.50_460.00_459.50_459.00_458.50_,1_15_1_5_2_
12:24:54,462.00,1,1561,462.00_463.00_465.00_467.00_468.00_,2_1_12_1_1_,460.00_459.50_459.00_458.50_458.00_,15_1_6_4_1_
12:25:45,462.00,2,1580,463.00_467.00_468.00_468.50_469.00_,2_1_1_1_6_,461.50_461.00_460.50_460.00_459.50_,2_3_3_25_2_
12:26:16,463.00,1,1586,465.00_467.00_468.00_468.50_469.00_,2_2_1_1_8_,463.00_462.00_461.50_461.00_460.50_,2_9_5_8_3_
12:26:32,464.50,1,1587,464.50_465.00_467.00_468.00_468.50_,2_2_2_2_1_,463.00_462.50_462.00_461.50_461.00_,6_2_9_4_9_
12:27:23,464.50,1,1594,465.00_467.00_468.00_468.50_469.00_,2_2_2_1_7_,464.00_463.50_463.00_462.50_462.00_,2_2_8_4_12_
12:27:44,465.00,2,1598,467.00_468.00_468.50_469.00_470.00_,2_2_1_7_6_,465.00_464.00_463.50_463.00_462.50_,2_4_2_11_7_
12:27:49,465.00,2,1598,467.00_468.00_468.50_469.00_470.00_,2_2_1_7_6_,465.00_464.00_463.50_463.00_462.50_,2_3_3_10_7_
12:28:04,465.00,2,1598,466.50_467.00_468.00_468.50_469.00_,4_3_2_1_7_,466.00_465.00_464.00_463.50_463.00_,2_5_10_2_13_
12:29:42,463.50,1,1620,464.00_464.50_465.00_466.00_466.50_,4_1_2_1_5_,463.50_462.50_462.00_461.50_461.00_,1_2_3_5_7_
12:30:07,462.50,1,1625,463.50_464.00_465.00_466.00_466.50_,5_2_2_1_5_,462.00_461.50_461.00_460.50_460.00_,3_4_7_3_30_
12:30:28,462.50,1,1626,463.50_464.00_464.50_465.00_465.50_,6_1_6_2_15_,463.00_462.00_461.50_461.00_460.50_,1_5_4_8_5_
12:31:04,462.50,2,1630,463.50_464.00_464.50_465.00_465.50_,8_1_6_12_14_,462.00_461.50_461.00_460.50_460.00_,5_4_8_5_29_
12:31:14,462.50,2,1630,463.50_464.00_464.50_465.00_465.50_,8_1_1_12_14_,462.00_461.50_461.00_460.50_460.00_,6_4_3_3_32_
12:31:35,462.50,1,1631,463.50_464.00_464.50_465.00_465.50_,7_1_1_12_14_,462.00_461.50_461.00_460.50_460.00_,6_4_3_6_29_
12:31:45,463.50,1,1632,463.50_464.00_464.50_465.00_465.50_,6_1_1_12_14_,462.50_462.00_461.50_461.00_460.50_,3_7_5_3_6_
12:32:57,463.50,1,1644,464.00_465.00_465.50_466.00_466.50_,1_14_15_10_4_,463.00_462.50_462.00_461.50_461.00_,4_2_4_5_12_
12:33:38,463.50,1,1646,465.00_465.50_466.00_466.50_467.00_,3_6_1_5_1_,464.00_463.00_462.50_462.00_461.50_,1_3_2_14_8_
12:34:34,465.00,1,1650,465.00_465.50_466.00_466.50_467.00_,2_6_1_5_1_,464.00_463.50_463.00_462.50_462.00_,1_1_9_3_17_
12:36:32,466.00,2,1660,466.00_466.50_467.00_468.00_469.00_,2_6_1_2_5_,465.50_465.00_464.50_463.50_463.00_,2_2_1_3_14_
12:37:03,466.00,1,1665,466.50_467.00_468.00_469.00_469.50_,6_1_2_5_1_,465.00_464.50_463.50_463.00_462.50_,3_1_4_12_6_
12:39:06,465.00,1,1674,466.00_466.50_467.00_468.00_469.00_,4_2_1_2_5_,465.00_464.50_464.00_463.50_463.00_,1_3_1_4_15_
12:39:37,465.00,1,1678,465.50_466.00_466.50_467.00_468.00_,6_3_3_1_2_,464.50_463.50_463.00_462.50_462.00_,4_4_16_3_13_
12:43:48,464.50,1,1702,464.50_465.00_465.50_466.00_466.50_,4_3_5_3_2_,463.00_462.50_462.00_461.50_461.00_,9_3_14_2_12_
12:43:53,464.50,1,1703,464.50_465.00_465.50_466.00_466.50_,3_3_5_3_2_,463.00_462.50_462.00_461.50_461.00_,10_3_14_2_12_
12:43:58,463.00,1,1704,464.50_465.00_465.50_466.00_466.50_,4_3_5_3_2_,463.00_462.50_462.00_461.50_461.00_,9_3_14_2_12_
12:44:03,463.00,1,1704,464.50_465.00_465.50_466.00_466.50_,5_2_5_3_2_,463.00_462.50_462.00_461.50_461.00_,9_4_14_3_11_
12:44:09,464.50,1,1705,464.50_465.00_465.50_466.00_466.50_,4_2_5_3_2_,463.00_462.50_462.00_461.50_461.00_,9_4_14_3_11_
12:44:14,464.50,1,1705,464.50_465.00_465.50_466.00_466.50_,4_2_5_8_7_,463.00_462.50_462.00_461.50_461.00_,9_4_9_2_12_
12:44:19,464.50,1,1705,464.50_465.00_465.50_466.00_466.50_,8_2_5_8_7_,463.00_462.50_462.00_461.50_461.00_,9_4_9_2_12_
12:44:24,464.50,1,1705,464.50_465.00_465.50_466.00_466.50_,8_2_5_8_7_,463.00_462.50_462.00_461.50_461.00_,10_4_9_2_12_
12:44:29,464.50,1,1705,464.50_465.00_465.50_466.00_466.50_,8_2_5_8_7_,464.00_463.00_462.50_462.00_461.50_,5_10_4_9_2_
12:44:34,464.50,1,1705,464.50_465.00_465.50_466.00_466.50_,8_3_5_7_7_,464.00_463.00_462.50_462.00_461.50_,5_10_4_9_6_
12:44:39,464.50,1,1705,464.50_465.00_465.50_466.00_466.50_,8_4_5_6_7_,464.00_463.00_462.50_462.00_461.50_,5_10_4_9_6_
12:46:12,463.50,1,1718,464.00_464.50_465.00_465.50_466.00_,3_8_2_6_6_,463.00_462.50_462.00_461.50_461.00_,12_4_10_6_8_
12:46:17,463.50,1,1718,464.00_464.50_465.00_465.50_466.00_,3_8_2_6_6_,463.00_462.50_462.00_461.50_461.00_,11_4_10_2_12_
12:46:42,463.50,1,1724,464.50_465.00_465.50_466.00_466.50_,13_2_6_6_7_,463.50_463.00_462.50_462.00_461.50_,4_11_4_10_6_
12:48:04,463.00,5,1737,463.50_464.00_464.50_465.00_465.50_,6_6_10_2_5_,463.00_462.50_462.00_461.50_461.00_,5_4_6_2_12_
12:48:30,463.00,1,1741,463.50_464.00_464.50_465.00_465.50_,6_7_9_2_5_,463.00_462.50_462.00_461.50_461.00_,3_3_6_2_12_
12:48:40,462.50,1,1745,463.00_463.50_464.00_464.50_465.00_,1_6_7_9_2_,462.50_462.00_461.50_461.00_460.50_,3_6_2_8_6_
12:51:19,463.00,1,1762,463.00_463.50_464.00_464.50_465.00_,2_5_15_17_2_,462.50_462.00_461.50_461.00_460.50_,2_5_4_5_6_
12:53:32,463.00,2,1775,463.00_463.50_464.00_464.50_465.00_,2_6_5_10_2_,462.50_462.00_461.50_461.00_460.50_,12_4_4_16_2_
12:55:20,464.00,1,1788,464.00_464.50_465.00_465.50_466.00_,4_10_13_15_1_,463.00_462.50_462.00_461.50_461.00_,6_13_7_4_16_
12:55:30,464.00,1,1788,464.00_464.50_465.00_465.50_466.00_,4_10_13_15_1_,463.00_462.50_462.00_461.50_461.00_,5_14_7_4_15_
12:56:42,465.50,1,1810,465.50_466.00_466.50_467.00_468.00_,4_1_2_7_1_,464.50_464.00_463.50_463.00_462.50_,7_5_3_10_19_
12:57:59,473.00,1,1826,473.00_474.00_475.00_476.00_477.00_,3_3_1_1_2_,471.50_470.00_469.50_469.00_468.00_,1_3_4_10_4_
12:58:04,473.00,1,1826,472.50_473.00_474.00_475.00_476.00_,1_3_3_1_1_,472.00_471.50_470.00_469.50_469.00_,1_3_3_3_5_
12:59:11,473.00,1,1839,473.50_474.00_475.00_476.00_477.00_,1_3_1_1_2_,473.00_472.50_471.50_471.00_470.00_,1_4_1_6_11_
13:01:14,471.00,2,1863,471.50_472.00_472.50_473.00_473.50_,3_4_1_3_2_,470.00_469.50_469.00_468.50_468.00_,3_1_6_1_12_
13:01:24,470.00,1,1864,471.50_472.00_472.50_473.00_473.50_,3_4_1_3_2_,470.00_469.50_469.00_468.50_468.00_,1_1_2_1_12_
13:01:50,470.00,1,1865,471.00_471.50_472.00_472.50_473.00_,3_3_4_3_3_,470.00_469.00_468.50_468.00_467.50_,1_2_1_5_5_
13:02:00,471.00,1,1866,471.00_471.50_472.00_472.50_473.00_,2_3_4_3_3_,470.00_469.00_468.50_468.00_467.50_,1_2_1_5_5_
13:02:05,471.00,1,1866,471.00_471.50_472.00_472.50_473.00_,2_3_4_3_3_,470.00_469.00_468.50_468.00_467.50_,1_2_1_4_8_
13:02:10,471.00,1,1866,471.00_471.50_472.00_472.50_473.00_,2_2_4_3_3_,470.00_469.00_468.50_468.00_467.50_,1_2_1_4_8_
13:02:57,471.00,2,1869,471.00_471.50_472.00_472.50_473.00_,1_2_4_3_3_,470.00_469.00_468.50_468.00_467.50_,3_6_1_5_7_
13:03:02,471.00,2,1869,471.00_471.50_472.00_472.50_473.00_,1_2_4_3_3_,470.00_469.00_468.50_468.00_467.50_,4_6_1_5_8_
13:05:25,468.50,1,1877,468.50_469.50_471.00_471.50_472.00_,2_1_3_2_3_,468.00_467.00_466.50_466.00_465.50_,1_2_1_7_9_
13:05:35,468.00,1,1878,468.50_469.50_471.00_471.50_472.00_,2_1_3_11_12_,467.00_466.50_466.00_465.50_465.00_,2_1_7_9_6_
13:06:16,468.00,1,1883,469.50_471.00_471.50_472.00_472.50_,1_3_11_12_2_,467.00_466.50_466.00_465.50_465.00_,2_1_6_2_14_
13:06:22,467.00,1,1884,469.50_471.00_471.50_472.00_472.50_,1_3_11_12_2_,467.00_466.50_466.00_465.50_465.00_,1_1_7_2_13_
13:06:27,467.00,1,1884,469.50_471.00_471.50_472.00_472.50_,1_3_2_3_2_,467.00_466.50_466.00_465.50_465.00_,1_1_7_2_13_
13:06:32,469.50,1,1885,471.00_471.50_472.00_472.50_473.00_,3_2_3_2_3_,468.00_467.50_467.00_466.50_466.00_,1_1_1_1_7_
13:06:37,469.50,1,1885,471.00_471.50_472.00_472.50_473.00_,3_2_3_2_3_,468.00_467.50_467.00_466.50_466.00_,1_2_6_3_11_
13:07:28,471.00,1,1888,471.00_471.50_472.00_472.50_473.00_,2_2_4_2_7_,467.00_466.50_466.00_465.50_465.00_,6_3_9_4_4_
13:08:30,469.50,1,1889,469.50_470.00_471.00_471.50_472.00_,1_2_2_2_4_,468.00_467.00_466.50_466.00_465.50_,1_5_3_15_1_
13:09:32,467.00,1,1895,469.50_470.00_471.00_471.50_472.00_,1_5_3_2_4_,466.50_466.00_465.50_465.00_464.50_,1_7_2_13_4_
13:09:37,467.00,1,1895,469.50_470.00_471.00_471.50_472.00_,1_5_3_2_4_,466.50_466.00_465.50_465.00_464.50_,1_7_2_9_8_
13:10:38,466.00,1,1901,468.00_468.50_469.00_469.50_470.00_,1_3_2_3_5_,465.50_465.00_464.50_464.00_463.50_,1_7_7_13_2_
13:10:59,465.50,1,1902,468.50_469.00_469.50_470.00_471.00_,2_2_3_5_3_,465.00_464.50_464.00_463.50_463.00_,6_7_9_6_4_
13:11:14,468.00,1,1903,468.00_468.50_469.00_469.50_470.00_,3_2_2_3_5_,465.00_464.50_464.00_463.50_463.00_,6_6_8_5_7_
13:11:35,465.00,1,1904,466.00_468.00_468.50_469.00_469.50_,1_3_2_2_3_,465.00_464.50_464.00_463.50_463.00_,5_6_8_5_7_
13:11:50,466.00,1,1908,468.00_468.50_469.00_469.50_470.00_,3_2_2_3_3_,465.00_464.50_464.00_463.50_463.00_,7_5_3_4_11_
13:11:55,466.00,1,1908,468.00_468.50_469.00_469.50_470.00_,3_2_2_3_3_,465.00_464.50_464.00_463.50_463.00_,9_6_4_5_8_
13:12:06,468.00,1,1909,468.00_468.50_469.00_469.50_470.00_,2_2_2_3_3_,465.00_464.50_464.00_463.50_463.00_,8_6_4_5_8_
13:12:16,468.00,1,1909,468.00_468.50_469.00_469.50_470.00_,2_2_2_3_3_,466.00_465.00_464.50_464.00_463.50_,1_9_6_5_8_
13:12:21,468.00,1,1909,468.00_468.50_469.00_469.50_470.00_,2_2_2_3_3_,466.00_465.50_465.00_464.50_464.00_,1_1_9_6_5_
13:12:41,468.00,1,1909,468.00_468.50_469.00_469.50_470.00_,3_2_2_3_3_,466.00_465.50_465.00_464.50_464.00_,1_1_9_6_5_
13:12:47,468.00,1,1909,468.00_468.50_469.00_469.50_470.00_,3_2_2_3_3_,466.00_465.50_465.00_464.50_464.00_,2_1_9_6_10_
13:12:57,468.00,1,1911,468.00_468.50_469.00_469.50_470.00_,1_2_2_3_3_,466.00_465.50_465.00_464.50_464.00_,1_1_9_6_10_
13:13:02,468.00,1,1911,468.00_468.50_469.00_469.50_470.00_,1_2_2_3_3_,465.50_465.00_464.50_464.00_463.50_,1_9_6_10_3_
13:13:07,468.00,1,1912,468.50_469.00_469.50_470.00_471.00_,2_2_3_3_1_,465.50_465.00_464.50_464.00_463.50_,1_8_6_4_10_
13:13:12,468.00,1,1912,468.00_468.50_469.00_469.50_470.00_,2_2_2_3_3_,465.50_465.00_464.50_464.00_463.50_,1_9_6_5_8_
13:13:53,465.00,1,1917,465.50_467.00_468.00_468.50_469.00_,6_1_2_1_2_,465.00_464.50_464.00_463.50_463.00_,2_5_3_3_16_
13:14:29,464.50,3,1923,465.00_469.00_470.50_471.00_472.00_,8_1_1_1_1_,464.00_463.50_463.00_462.50_462.00_,3_2_4_13_16_
13:15:10,462.50,2,1938,464.00_469.00_470.50_471.00_472.00_,3_1_1_2_1_,462.50_462.00_461.50_461.00_460.50_,10_4_1_8_3_
13:15:15,462.50,2,1940,464.00_469.00_470.50_471.00_472.00_,3_1_1_2_1_,462.50_462.00_461.50_461.00_460.50_,8_8_1_9_6_
13:15:20,462.50,2,1940,464.00_469.00_470.50_471.00_472.00_,3_1_1_2_1_,462.50_462.00_461.50_461.00_460.50_,8_8_4_9_6_
13:15:25,462.50,2,1940,464.00_469.00_470.50_471.00_472.00_,3_1_1_2_1_,463.00_462.50_462.00_461.50_461.00_,1_8_8_4_11_
13:15:30,462.50,2,1940,464.00_469.00_470.50_471.00_472.00_,3_1_1_2_1_,463.50_463.00_462.50_462.00_461.50_,1_1_8_8_5_
13:15:36,462.50,2,1940,464.00_469.00_470.50_471.00_472.00_,3_1_1_2_1_,463.50_463.00_462.50_462.00_461.50_,1_1_8_8_12_
13:15:41,463.50,1,1941,464.00_469.00_470.50_471.00_472.00_,3_1_1_2_1_,463.50_463.00_462.50_462.00_461.50_,1_1_8_8_12_
13:15:46,464.00,1,1942,464.00_469.00_470.50_471.00_472.00_,2_1_1_2_1_,463.50_463.00_462.50_462.00_461.50_,1_2_10_8_10_
13:15:51,464.00,1,1943,464.00_469.00_470.50_471.00_472.00_,2_1_1_2_1_,463.50_463.00_462.50_462.00_461.50_,1_2_10_8_10_
13:16:01,463.50,1,1944,464.00_469.00_470.50_471.00_472.00_,2_1_1_2_1_,463.00_462.50_462.00_461.50_461.00_,2_10_8_10_11_
13:16:06,463.50,1,1944,463.50_464.00_469.00_470.50_471.00_,1_2_1_1_2_,463.00_462.50_462.00_461.50_461.00_,2_10_8_3_18_
13:16:37,463.00,1,1949,463.00_464.00_469.00_470.00_470.50_,1_2_1_2_2_,462.50_462.00_461.50_461.00_460.50_,11_4_2_11_8_
13:17:13,462.50,2,1951,463.00_464.00_469.00_470.00_470.50_,4_2_1_2_2_,462.50_462.00_461.50_461.00_460.50_,9_4_2_11_8_
13:18:25,466.50,1,1957,466.50_467.00_468.50_469.00_470.00_,1_1_2_1_2_,464.50_464.00_463.50_463.00_462.50_,1_7_2_12_12_
13:18:30,466.50,1,1957,466.50_467.00_468.50_469.00_470.00_,1_1_2_1_2_,464.50_464.00_463.50_463.00_462.50_,1_8_2_12_12_
13:19:01,466.50,1,1958,467.00_468.50_469.00_470.00_470.50_,1_2_1_2_2_,466.50_465.00_464.50_464.00_463.50_,1_2_2_9_5_
13:19:06,466.50,1,1959,467.00_468.50_469.00_470.00_470.50_,1_2_1_2_2_,466.50_465.00_464.50_464.00_463.50_,1_2_2_9_5_
13:19:31,467.00,1,1965,468.50_469.00_470.00_470.50_471.00_,2_1_2_2_1_,466.50_465.00_464.50_464.00_463.50_,2_2_3_7_7_
13:19:37,467.00,1,1965,468.50_469.00_470.00_470.50_471.00_,2_1_2_2_1_,466.50_465.50_465.00_464.50_464.00_,2_1_7_4_9_
13:19:52,466.50,2,1967,467.50_468.50_469.00_470.00_470.50_,3_2_1_2_2_,465.50_465.00_464.50_464.00_463.50_,1_7_4_9_2_
13:20:07,466.50,2,1967,467.50_468.50_469.00_470.00_470.50_,3_2_1_2_2_,465.00_464.50_464.00_463.50_463.00_,2_2_4_2_14_
13:20:13,466.50,1,1968,466.50_467.50_468.50_469.00_470.00_,1_3_2_1_2_,465.00_464.50_464.00_463.50_463.00_,2_2_4_2_14_
13:20:18,466.50,1,1968,466.50_467.50_468.50_469.00_470.00_,1_3_2_1_2_,465.00_464.50_464.00_463.50_463.00_,2_2_3_2_15_
13:21:19,466.00,1,1971,466.50_468.50_469.00_470.00_470.50_,2_1_1_2_2_,465.00_464.50_464.00_463.50_463.00_,2_2_3_2_17_
13:21:24,466.00,1,1971,466.50_467.00_468.50_469.00_470.00_,3_1_1_1_2_,465.00_464.50_464.00_463.50_463.00_,2_2_7_2_17_
13:21:29,466.00,1,1971,466.50_467.00_468.50_469.00_470.00_,3_1_1_1_2_,465.00_464.50_464.00_463.50_463.00_,2_2_3_3_17_
13:21:35,466.00,1,1971,466.00_466.50_467.00_468.50_469.00_,1_3_1_1_1_,465.00_464.50_464.00_463.50_463.00_,2_2_3_3_17_
13:21:40,466.00,1,1972,466.50_467.00_468.50_469.00_470.00_,3_1_1_1_3_,465.00_464.50_464.00_463.50_463.00_,2_2_3_3_17_
13:21:45,466.00,1,1972,466.50_467.00_468.50_469.00_470.00_,3_1_1_1_3_,465.00_464.50_464.00_463.50_463.00_,2_2_3_3_16_
13:22:05,465.00,1,1975,465.00_465.50_466.50_467.00_468.50_,4_1_3_2_1_,464.50_464.00_463.50_463.00_462.50_,2_3_1_5_13_
13:22:21,465.00,1,1975,465.00_465.50_467.00_468.50_469.00_,4_1_2_6_1_,464.50_464.00_463.50_463.00_462.50_,2_3_1_5_13_
13:22:31,465.00,1,1976,465.00_465.50_467.00_468.50_469.00_,3_1_2_6_1_,464.50_464.00_463.50_463.00_462.50_,2_3_1_5_13_
13:22:36,465.00,1,1977,465.00_465.50_467.00_468.50_469.00_,2_1_2_6_1_,464.50_464.00_463.50_463.00_462.50_,2_3_1_5_13_
13:22:41,465.00,1,1977,465.00_465.50_467.00_468.50_469.00_,2_1_2_6_1_,464.50_464.00_463.50_463.00_462.50_,1_3_1_5_13_
13:23:22,465.00,2,1981,465.50_467.00_468.50_469.00_470.00_,1_2_6_1_3_,464.50_464.00_463.50_463.00_462.50_,1_3_1_5_13_
13:23:27,465.00,1,1982,465.50_467.00_468.50_469.00_470.00_,1_2_6_1_3_,465.00_464.50_464.00_463.50_463.00_,1_1_3_1_5_
13:23:33,465.00,1,1983,465.50_467.00_468.50_469.00_470.00_,1_2_6_1_3_,464.50_464.00_463.50_463.00_462.50_,1_3_1_12_5_
13:23:38,464.50,1,1984,465.50_467.00_468.50_469.00_470.00_,1_2_6_1_18_,464.00_463.50_463.00_462.50_462.00_,3_1_5_12_12_
13:23:43,465.00,1,1985,465.50_467.00_468.50_469.00_470.00_,1_2_7_1_18_,464.00_463.50_463.00_462.50_462.00_,3_1_4_7_18_
13:23:48,465.00,1,1985,465.00_465.50_467.00_468.50_469.00_,2_1_2_7_1_,464.00_463.50_463.00_462.50_462.00_,2_1_4_7_18_
13:23:53,465.00,1,1985,465.00_465.50_467.00_468.50_469.00_,2_1_2_7_1_,464.00_463.50_463.00_462.50_462.00_,2_1_4_6_19_
13:24:29,464.00,2,1991,464.50_465.00_465.50_467.00_468.50_,3_3_1_2_7_,464.00_463.50_463.00_462.50_462.00_,1_1_3_5_9_
13:24:34,464.00,1,1992,464.00_464.50_465.00_467.00_468.50_,1_3_3_2_7_,463.50_463.00_462.50_462.00_461.50_,1_3_5_16_7_
13:24:39,464.00,1,1992,464.00_464.50_465.00_467.00_468.50_,3_1_3_2_7_,463.50_463.00_462.50_462.00_461.50_,1_3_5_8_15_
13:26:37,463.00,2,1995,456.00_457.00_458.00_460.00_463.00_,27_1_56_1_3_,455.50_455.00_454.50_454.00_453.00_,4_14_13_13_2_
13:26:42,463.00,2,1995,455.50_456.00_457.00_458.00_460.00_,3_27_1_56_1_,455.00_454.50_454.00_453.00_452.00_,14_13_13_2_1_
13:26:47,463.00,2,1995,455.50_456.00_457.00_458.00_460.00_,4_28_1_56_1_,455.00_454.50_454.00_453.00_452.00_,14_13_13_2_1_
13:27:23,463.00,2,1995,456.00_457.00_463.00_463.50_467.00_,1_1_4_1_2_,455.50_455.00_454.50_454.00_453.00_,5_17_13_14_2_
13:28:14,463.00,2,1995,463.00_463.50_465.00_467.00_467.50_,8_1_1_2_1_,462.50_462.00_461.50_461.00_460.00_,2_6_25_16_12_
13:28:45,463.00,2,1995,463.00_463.50_465.00_467.00_467.50_,9_1_1_2_1_,462.00_461.50_461.00_460.00_459.00_,6_25_16_12_1_
13:30:00,457.00,143,2138,462.00_462.50_463.00_463.50_465.00_,4_2_10_1_1_,457.00_456.50_456.00_455.50_455.00_,6_16_16_15_15_
