13:03:52,41.40,1,583,41.45_41.50_41.60_41.65_41.70_,3_4_3_8_15_,41.40_41.35_41.30_41.25_41.20_,10_10_82_22_166_
13:04:17,41.40,1,583,41.45_41.50_41.60_41.65_41.70_,3_4_3_8_15_,41.40_41.35_41.30_41.25_41.20_,11_10_82_22_173_
13:04:28,41.40,1,583,41.45_41.50_41.60_41.65_41.70_,3_4_3_8_15_,41.40_41.35_41.30_41.25_41.20_,12_10_82_22_173_
13:05:04,41.40,1,583,41.45_41.50_41.60_41.65_41.70_,3_4_3_8_15_,41.40_41.35_41.30_41.25_41.20_,12_9_82_22_172_
13:08:44,41.45,2,590,41.45_41.50_41.60_41.65_41.70_,8_3_3_8_15_,41.40_41.35_41.30_41.25_41.20_,13_9_82_7_172_
13:10:21,41.45,1,591,41.45_41.50_41.60_41.65_41.70_,4_3_3_8_15_,41.40_41.35_41.30_41.25_41.20_,13_9_82_7_172_
13:11:54,41.45,4,595,41.50_41.60_41.65_41.70_41.75_,4_3_8_14_8_,41.45_41.40_41.35_41.30_41.25_,2_12_58_36_146_
13:11:59,41.45,4,595,41.50_41.60_41.65_41.70_41.75_,4_3_8_15_8_,41.45_41.40_41.35_41.30_41.25_,2_8_58_36_146_
13:12:50,41.45,1,597,41.50_41.60_41.65_41.70_41.75_,5_3_8_15_8_,41.45_41.40_41.35_41.30_41.25_,1_9_58_43_139_
13:12:55,41.45,1,597,41.50_41.60_41.65_41.70_41.75_,6_3_8_15_8_,41.45_41.40_41.35_41.30_41.25_,1_9_58_43_139_
13:13:00,41.45,1,597,41.50_41.60_41.65_41.70_41.75_,6_3_8_15_8_,41.45_41.40_41.35_41.30_41.25_,1_9_59_44_139_
13:13:46,41.45,1,597,41.50_41.60_41.65_41.70_41.75_,7_3_8_15_8_,41.45_41.40_41.35_41.30_41.25_,2_9_59_44_139_
13:14:01,41.45,1,597,41.50_41.60_41.65_41.70_41.75_,7_3_8_14_8_,41.45_41.40_41.35_41.30_41.25_,2_9_59_44_139_
13:16:45,41.50,1,600,41.50_41.60_41.65_41.70_41.75_,5_3_8_14_8_,41.45_41.40_41.35_41.30_41.25_,3_8_59_44_139_
13:17:01,41.50,1,600,41.50_41.60_41.65_41.70_41.75_,5_3_8_14_8_,41.45_41.40_41.35_41.30_41.25_,4_8_59_44_139_
13:18:07,41.40,5,605,41.50_41.60_41.65_41.70_41.75_,5_3_8_14_8_,41.40_41.35_41.30_41.25_41.20_,8_59_41_7_165_
13:18:28,41.40,5,605,41.50_41.60_41.65_41.70_41.75_,5_3_8_14_8_,41.40_41.35_41.30_41.25_41.20_,9_59_36_7_165_
13:19:24,41.40,5,605,41.50_41.60_41.65_41.70_41.75_,5_3_8_14_8_,41.45_41.40_41.35_41.30_41.25_,1_9_67_39_139_
13:19:55,41.40,1,606,41.50_41.60_41.65_41.70_41.75_,4_3_8_14_8_,41.40_41.35_41.30_41.25_41.20_,10_67_38_139_30_
13:20:00,41.40,1,606,41.50_41.60_41.65_41.70_41.75_,7_3_8_14_8_,41.40_41.35_41.30_41.25_41.20_,10_67_35_7_166_
13:20:11,41.40,1,607,41.50_41.60_41.65_41.70_41.75_,7_3_8_14_8_,41.40_41.35_41.30_41.25_41.20_,9_67_28_14_166_
13:20:16,41.40,1,607,41.50_41.60_41.65_41.70_41.75_,7_3_8_14_8_,41.40_41.35_41.30_41.25_41.20_,9_67_28_15_166_
13:20:26,41.40,1,607,41.50_41.60_41.65_41.70_41.75_,7_3_8_14_8_,41.40_41.35_41.30_41.25_41.20_,10_67_28_15_166_
13:21:43,41.40,1,608,41.45_41.50_41.60_41.65_41.70_,7_5_3_8_15_,41.40_41.35_41.30_41.25_41.20_,9_19_76_9_171_
13:26:44,41.40,1,621,41.40_41.50_41.60_41.65_41.70_,1_5_2_11_12_,41.35_41.30_41.25_41.20_41.15_,3_78_70_219_20_
13:28:06,41.40,1,621,41.50_41.60_41.65_41.70_41.75_,5_2_11_12_7_,41.35_41.30_41.25_41.20_41.15_,2_79_70_219_20_
13:28:32,41.40,1,621,41.45_41.50_41.55_41.60_41.65_,2_5_2_2_11_,41.35_41.30_41.25_41.20_41.15_,2_79_70_220_20_
13:29:13,41.40,1,621,41.45_41.50_41.55_41.60_41.65_,2_6_2_2_11_,41.35_41.30_41.25_41.20_41.15_,20_81_92_249_20_
13:30:00,41.35,57,678,41.45_41.50_41.55_41.60_41.65_,2_6_2_2_11_,41.35_41.30_41.25_41.20_41.15_,27_81_92_249_20_
09:00:35,41.60,1,6,41.60_41.65_41.70_41.75_41.80_,1_4_1_3_6_,41.55_41.50_41.40_41.35_41.25_,2_2_4_12_1_
09:00:45,41.55,1,7,41.65_41.70_41.75_41.80_41.85_,4_1_3_6_8_,41.55_41.50_41.40_41.35_41.25_,4_2_4_12_1_
09:00:45,41.55,1,7,41.65_41.70_41.75_41.80_41.85_,4_1_3_6_8_,41.55_41.50_41.40_41.35_41.25_,4_2_4_12_1_
09:01:11,41.55,1,7,41.65_41.70_41.75_41.80_41.85_,4_1_3_6_8_,41.60_41.55_41.50_41.40_41.35_,1_4_2_4_12_
09:01:21,41.55,1,7,41.65_41.70_41.75_41.80_41.85_,4_1_3_6_10_,41.60_41.55_41.50_41.45_41.40_,4_1_2_49_148_
09:01:21,41.55,1,7,41.65_41.70_41.75_41.80_41.85_,4_1_3_6_10_,41.60_41.55_41.50_41.45_41.40_,4_1_2_49_148_
09:03:03,41.65,2,14,41.65_41.70_41.75_41.80_41.85_,3_1_3_6_10_,41.60_41.55_41.50_41.45_41.40_,4_3_2_49_148_
09:03:50,41.65,1,15,41.65_41.70_41.75_41.80_41.85_,2_1_3_6_10_,41.60_41.55_41.50_41.45_41.40_,5_3_2_49_148_
09:04:15,41.65,1,16,41.65_41.70_41.75_41.80_41.85_,1_1_3_6_10_,41.60_41.55_41.50_41.45_41.40_,5_3_2_49_148_
09:04:51,41.65,1,17,41.70_41.75_41.80_41.85_41.90_,1_3_7_8_3_,41.60_41.55_41.50_41.40_41.35_,5_3_51_146_12_
09:04:51,41.65,1,17,41.70_41.75_41.80_41.85_41.90_,1_3_7_8_3_,41.60_41.55_41.50_41.40_41.35_,5_3_51_146_12_
09:05:58,41.65,1,17,41.70_41.75_41.80_41.85_41.90_,1_3_8_8_3_,41.60_41.55_41.50_41.40_41.35_,5_3_50_146_12_
09:06:18,41.60,2,19,41.70_41.75_41.80_41.85_41.90_,1_3_8_8_3_,41.60_41.55_41.50_41.40_41.35_,3_3_50_146_12_
09:06:23,41.60,2,19,41.70_41.75_41.80_41.85_41.90_,1_3_8_8_3_,41.60_41.55_41.50_41.40_41.35_,3_3_50_78_82_
09:06:23,41.60,2,19,41.70_41.75_41.80_41.85_41.90_,1_3_8_8_3_,41.60_41.55_41.50_41.40_41.35_,3_3_50_78_82_
09:06:23,41.60,2,19,41.70_41.75_41.80_41.85_41.90_,1_3_8_8_3_,41.60_41.55_41.50_41.40_41.35_,3_3_50_78_82_
09:06:49,41.60,2,19,41.70_41.75_41.80_41.85_41.90_,2_3_8_8_3_,41.60_41.55_41.50_41.40_41.35_,3_3_50_78_82_
09:08:26,41.60,1,20,41.70_41.75_41.80_41.85_41.90_,3_3_7_8_3_,41.60_41.55_41.50_41.40_41.35_,3_3_50_82_82_
09:09:07,41.60,1,21,41.70_41.75_41.80_41.85_41.90_,3_3_7_8_3_,41.60_41.55_41.50_41.40_41.35_,2_3_50_82_82_
09:09:33,41.60,1,21,41.70_41.75_41.80_41.85_41.90_,3_3_7_8_3_,41.60_41.55_41.50_41.40_41.35_,3_3_50_82_82_
09:09:33,41.60,1,21,41.70_41.75_41.80_41.85_41.90_,3_3_7_8_3_,41.60_41.55_41.50_41.40_41.35_,3_3_50_82_82_
09:10:04,41.60,1,22,41.70_41.75_41.80_41.85_41.90_,3_3_7_8_3_,41.60_41.55_41.50_41.40_41.35_,2_3_50_82_82_
09:10:04,41.60,1,22,41.70_41.75_41.80_41.85_41.90_,3_3_7_8_3_,41.60_41.55_41.50_41.40_41.35_,2_3_50_82_82_
09:10:14,41.60,1,23,41.70_41.75_41.80_41.85_41.90_,3_3_7_8_3_,41.60_41.55_41.50_41.40_41.35_,1_3_50_78_82_
09:10:14,41.60,1,23,41.70_41.75_41.80_41.85_41.90_,3_3_7_8_3_,41.60_41.55_41.50_41.40_41.35_,1_3_50_78_82_
09:10:14,41.60,1,23,41.70_41.75_41.80_41.85_41.90_,3_3_7_8_3_,41.60_41.55_41.50_41.40_41.35_,1_3_50_78_82_
09:11:36,41.60,4,28,41.65_41.70_41.75_41.80_41.85_,1_2_3_6_9_,41.60_41.55_41.50_41.45_41.40_,30_2_1_50_147_
09:11:41,41.60,4,28,41.65_41.70_41.75_41.80_41.85_,2_2_3_6_9_,41.60_41.55_41.50_41.45_41.40_,30_36_1_50_147_
09:11:41,41.60,4,28,41.65_41.70_41.75_41.80_41.85_,2_2_3_6_9_,41.60_41.55_41.50_41.45_41.40_,30_36_1_50_147_
09:11:51,41.60,4,28,41.65_41.70_41.75_41.80_41.85_,2_2_3_6_9_,41.60_41.55_41.50_41.45_41.40_,30_36_1_50_157_
09:12:53,41.60,4,28,41.65_41.70_41.75_41.80_41.85_,2_2_3_6_9_,41.60_41.55_41.50_41.45_41.40_,31_36_2_49_157_
09:13:54,41.60,4,28,41.65_41.70_41.75_41.80_41.85_,2_3_4_6_9_,41.60_41.55_41.50_41.45_41.40_,32_36_2_49_154_
09:15:37,41.60,4,28,41.65_41.70_41.75_41.80_41.85_,2_4_4_6_11_,41.60_41.55_41.50_41.45_41.40_,32_35_2_53_154_
09:15:37,41.60,4,28,41.65_41.70_41.75_41.80_41.85_,2_4_4_6_11_,41.60_41.55_41.50_41.45_41.40_,32_35_2_53_154_
09:15:37,41.60,4,28,41.65_41.70_41.75_41.80_41.85_,2_4_4_6_11_,41.60_41.55_41.50_41.45_41.40_,32_35_2_53_154_
09:15:37,41.60,4,28,41.65_41.70_41.75_41.80_41.85_,2_4_4_6_11_,41.60_41.55_41.50_41.45_41.40_,32_35_2_53_154_
09:15:37,41.60,4,28,41.65_41.70_41.75_41.80_41.85_,2_4_4_6_11_,41.60_41.55_41.50_41.45_41.40_,32_35_2_53_154_
09:17:35,41.60,4,28,41.65_41.70_41.75_41.80_41.85_,7_4_4_16_11_,41.60_41.55_41.50_41.45_41.40_,36_35_2_53_154_
09:17:55,41.60,4,28,41.65_41.70_41.75_41.80_41.85_,7_4_4_16_11_,41.60_41.55_41.50_41.45_41.40_,38_35_2_53_154_
09:18:16,41.60,1,29,41.65_41.70_41.75_41.80_41.85_,7_4_4_16_11_,41.60_41.55_41.50_41.45_41.40_,37_35_2_53_154_
09:18:16,41.60,1,29,41.65_41.70_41.75_41.80_41.85_,7_4_4_16_11_,41.60_41.55_41.50_41.45_41.40_,37_35_2_53_154_
09:19:48,41.60,1,29,41.65_41.70_41.75_41.80_41.85_,7_4_4_16_11_,41.60_41.55_41.50_41.45_41.40_,38_35_2_53_154_
09:21:00,41.60,1,30,41.65_41.70_41.75_41.80_41.85_,10_5_4_16_11_,41.60_41.55_41.50_41.45_41.40_,38_35_2_53_154_
09:21:05,41.60,1,31,41.65_41.70_41.75_41.80_41.85_,10_5_4_16_11_,41.60_41.55_41.50_41.45_41.40_,37_35_2_53_154_
09:21:41,41.60,1,31,41.65_41.70_41.75_41.80_41.85_,11_4_4_16_11_,41.60_41.55_41.50_41.45_41.40_,39_35_2_53_154_
09:21:41,41.60,1,31,41.65_41.70_41.75_41.80_41.85_,11_4_4_16_11_,41.60_41.55_41.50_41.45_41.40_,39_35_2_53_154_
09:21:41,41.60,1,31,41.65_41.70_41.75_41.80_41.85_,11_4_4_16_11_,41.60_41.55_41.50_41.45_41.40_,39_35_2_53_154_
09:21:41,41.60,1,31,41.65_41.70_41.75_41.80_41.85_,11_4_4_16_11_,41.60_41.55_41.50_41.45_41.40_,39_35_2_53_154_
09:21:41,41.60,1,31,41.65_41.70_41.75_41.80_41.85_,11_4_4_16_11_,41.60_41.55_41.50_41.45_41.40_,39_35_2_53_154_
09:21:41,41.60,1,31,41.65_41.70_41.75_41.80_41.85_,11_4_4_16_11_,41.60_41.55_41.50_41.45_41.40_,39_35_2_53_154_
09:21:41,41.60,1,31,41.65_41.70_41.75_41.80_41.85_,11_4_4_16_11_,41.60_41.55_41.50_41.45_41.40_,39_35_2_53_154_
09:21:41,41.60,1,31,41.65_41.70_41.75_41.80_41.85_,11_4_4_16_11_,41.60_41.55_41.50_41.45_41.40_,39_35_2_53_154_
09:24:50,41.60,1,34,41.65_41.70_41.75_41.80_41.85_,12_4_4_16_11_,41.60_41.55_41.50_41.45_41.40_,36_39_2_49_154_
09:26:48,41.60,1,43,41.65_41.70_41.75_41.80_41.85_,6_4_4_16_11_,41.60_41.55_41.50_41.45_41.40_,33_39_2_49_154_
09:26:48,41.60,1,43,41.65_41.70_41.75_41.80_41.85_,6_4_4_16_11_,41.60_41.55_41.50_41.45_41.40_,33_39_2_49_154_
09:26:48,41.60,1,43,41.65_41.70_41.75_41.80_41.85_,6_4_4_16_11_,41.60_41.55_41.50_41.45_41.40_,33_39_2_49_154_
09:31:50,41.65,1,55,41.70_41.75_41.80_41.85_41.90_,5_4_19_10_3_,41.65_41.60_41.55_41.50_41.45_,7_30_39_47_145_
09:32:57,41.70,1,57,41.70_41.75_41.80_41.85_41.90_,4_3_19_10_5_,41.65_41.60_41.55_41.50_41.45_,6_30_39_47_145_
09:33:07,41.70,1,58,41.70_41.75_41.80_41.85_41.90_,3_3_19_10_5_,41.65_41.60_41.55_41.50_41.45_,6_30_39_47_145_
09:33:07,41.70,1,58,41.70_41.75_41.80_41.85_41.90_,3_3_19_10_5_,41.65_41.60_41.55_41.50_41.45_,6_30_39_47_145_
09:33:07,41.70,1,58,41.70_41.75_41.80_41.85_41.90_,3_3_19_10_5_,41.65_41.60_41.55_41.50_41.45_,6_30_39_47_145_
09:33:07,41.70,1,58,41.70_41.75_41.80_41.85_41.90_,3_3_19_10_5_,41.65_41.60_41.55_41.50_41.45_,6_30_39_47_145_
09:33:07,41.70,1,58,41.70_41.75_41.80_41.85_41.90_,3_3_19_10_5_,41.65_41.60_41.55_41.50_41.45_,6_30_39_47_145_
09:33:07,41.70,1,58,41.70_41.75_41.80_41.85_41.90_,3_3_19_10_5_,41.65_41.60_41.55_41.50_41.45_,6_30_39_47_145_
09:33:33,41.70,1,58,41.70_41.75_41.80_41.85_41.90_,3_3_19_10_5_,41.65_41.60_41.55_41.50_41.45_,5_30_39_47_145_
09:33:33,41.70,1,58,41.70_41.75_41.80_41.85_41.90_,3_3_19_10_5_,41.65_41.60_41.55_41.50_41.45_,5_30_39_47_145_
09:34:09,41.70,1,58,41.70_41.75_41.80_41.85_41.90_,3_6_16_10_4_,41.65_41.60_41.55_41.50_41.45_,5_30_35_51_145_
09:34:14,41.65,1,59,41.70_41.75_41.80_41.85_41.90_,3_6_16_10_4_,41.65_41.60_41.55_41.50_41.45_,4_30_35_51_145_
09:34:45,41.65,5,64,41.70_41.75_41.80_41.85_41.90_,12_6_17_10_4_,41.65_41.60_41.55_41.50_41.45_,9_30_35_51_145_
09:35:00,41.65,5,69,41.70_41.75_41.80_41.85_41.90_,12_6_17_10_4_,41.65_41.60_41.55_41.50_41.45_,4_30_35_51_145_
09:35:05,41.65,5,69,41.70_41.75_41.80_41.85_41.90_,15_3_17_10_4_,41.65_41.60_41.55_41.50_41.45_,4_30_35_51_145_
09:35:11,41.65,5,69,41.70_41.75_41.80_41.85_41.90_,15_3_17_10_4_,41.65_41.60_41.55_41.50_41.45_,5_30_35_51_145_
09:35:11,41.65,5,69,41.70_41.75_41.80_41.85_41.90_,15_3_17_10_4_,41.65_41.60_41.55_41.50_41.45_,5_30_35_51_145_
09:35:26,41.65,5,69,41.70_41.75_41.80_41.85_41.90_,17_3_17_10_4_,41.65_41.60_41.55_41.50_41.45_,6_30_35_51_145_
09:35:36,41.65,1,70,41.70_41.75_41.80_41.85_41.90_,17_3_17_10_4_,41.65_41.60_41.55_41.50_41.45_,5_30_35_51_145_
09:35:46,41.65,5,75,41.65_41.70_41.75_41.80_41.85_,1_16_3_17_10_,41.60_41.55_41.50_41.45_41.40_,30_35_51_145_11_
09:35:52,41.65,5,75,41.65_41.70_41.75_41.80_41.85_,2_16_3_17_11_,41.60_41.55_41.50_41.45_41.40_,30_35_3_53_151_
09:35:57,41.65,5,75,41.65_41.70_41.75_41.80_41.85_,2_17_3_17_11_,41.60_41.55_41.50_41.45_41.40_,30_35_3_53_151_
09:36:02,41.65,5,75,41.65_41.70_41.75_41.80_41.85_,5_14_3_17_11_,41.60_41.55_41.50_41.45_41.40_,30_35_3_53_151_
09:36:02,41.65,5,75,41.65_41.70_41.75_41.80_41.85_,5_14_3_17_11_,41.60_41.55_41.50_41.45_41.40_,30_35_3_53_151_
09:37:24,41.65,4,81,41.70_41.75_41.80_41.85_41.90_,14_3_17_10_4_,41.65_41.60_41.55_41.50_41.45_,1_30_35_56_144_
09:37:29,41.65,4,81,41.70_41.75_41.80_41.85_41.90_,14_3_17_10_4_,41.65_41.60_41.55_41.50_41.45_,2_30_35_56_144_
09:37:29,41.65,4,81,41.70_41.75_41.80_41.85_41.90_,14_3_17_10_4_,41.65_41.60_41.55_41.50_41.45_,2_30_35_56_144_
09:41:30,41.65,1,91,41.70_41.75_41.80_41.85_41.90_,14_3_17_10_5_,41.65_41.60_41.55_41.50_41.45_,9_30_84_3_144_
09:42:06,41.65,5,96,41.70_41.75_41.80_41.85_41.90_,14_3_17_10_5_,41.65_41.60_41.55_41.50_41.45_,1_34_84_3_144_
09:43:12,41.65,1,98,41.70_41.75_41.80_41.85_41.90_,13_3_17_10_5_,41.65_41.60_41.55_41.50_41.45_,4_30_84_3_144_
09:43:12,41.65,1,98,41.70_41.75_41.80_41.85_41.90_,13_3_17_10_5_,41.65_41.60_41.55_41.50_41.45_,4_30_84_3_144_
09:43:23,41.65,1,98,41.70_41.75_41.80_41.85_41.90_,13_3_17_10_5_,41.60_41.55_41.50_41.45_41.40_,34_84_3_144_11_
09:43:28,41.65,1,98,41.70_41.75_41.80_41.85_41.90_,13_3_17_10_5_,41.60_41.55_41.50_41.40_41.35_,34_35_52_157_4_
09:43:28,41.65,1,98,41.70_41.75_41.80_41.85_41.90_,13_3_17_10_5_,41.60_41.55_41.50_41.40_41.35_,34_35_52_157_4_
09:43:28,41.65,1,98,41.70_41.75_41.80_41.85_41.90_,13_3_17_10_5_,41.60_41.55_41.50_41.40_41.35_,34_35_52_157_4_
09:44:55,41.60,1,99,41.65_41.70_41.75_41.80_41.85_,9_11_3_16_11_,41.60_41.55_41.50_41.40_41.35_,30_39_52_85_79_
09:44:55,41.60,1,99,41.65_41.70_41.75_41.80_41.85_,9_11_3_16_11_,41.60_41.55_41.50_41.40_41.35_,30_39_52_85_79_
09:44:55,41.60,1,99,41.65_41.70_41.75_41.80_41.85_,9_11_3_16_11_,41.60_41.55_41.50_41.40_41.35_,30_39_52_85_79_
09:46:17,41.60,1,100,41.65_41.70_41.75_41.80_41.85_,8_11_3_16_11_,41.60_41.55_41.50_41.40_41.35_,29_39_52_85_79_
09:49:01,41.65,1,101,41.65_41.70_41.75_41.80_41.85_,7_11_8_11_11_,41.60_41.55_41.50_41.40_41.35_,32_35_56_85_79_
09:49:01,41.65,1,101,41.65_41.70_41.75_41.80_41.85_,7_11_8_11_11_,41.60_41.55_41.50_41.40_41.35_,32_35_56_85_79_
09:49:01,41.65,1,101,41.65_41.70_41.75_41.80_41.85_,7_11_8_11_11_,41.60_41.55_41.50_41.40_41.35_,32_35_56_85_79_
09:49:47,41.60,1,102,41.65_41.70_41.75_41.80_41.85_,7_11_8_11_11_,41.60_41.55_41.50_41.40_41.35_,31_35_56_85_79_
09:49:47,41.60,1,102,41.65_41.70_41.75_41.80_41.85_,7_11_8_11_11_,41.60_41.55_41.50_41.40_41.35_,31_35_56_85_79_
09:49:47,41.60,1,102,41.65_41.70_41.75_41.80_41.85_,7_11_8_11_11_,41.60_41.55_41.50_41.40_41.35_,31_35_56_85_79_
09:51:55,41.65,1,103,41.65_41.70_41.75_41.80_41.85_,6_11_8_11_11_,41.60_41.55_41.50_41.40_41.35_,31_35_56_85_79_
09:52:51,41.60,1,104,41.65_41.70_41.75_41.80_41.85_,6_11_8_11_11_,41.60_41.55_41.50_41.40_41.35_,31_35_56_85_79_
09:52:51,41.60,1,104,41.65_41.70_41.75_41.80_41.85_,6_11_8_11_11_,41.60_41.55_41.50_41.40_41.35_,31_35_56_85_79_
09:52:51,41.60,1,104,41.65_41.70_41.75_41.80_41.85_,6_11_8_11_11_,41.60_41.55_41.50_41.40_41.35_,31_35_56_85_79_
09:52:51,41.60,1,104,41.65_41.70_41.75_41.80_41.85_,6_11_8_11_11_,41.60_41.55_41.50_41.40_41.35_,31_35_56_85_79_
09:52:51,41.60,1,104,41.65_41.70_41.75_41.80_41.85_,6_11_8_11_11_,41.60_41.55_41.50_41.40_41.35_,31_35_56_85_79_
09:52:51,41.60,1,104,41.65_41.70_41.75_41.80_41.85_,6_11_8_11_11_,41.60_41.55_41.50_41.40_41.35_,31_35_56_85_79_
09:53:43,41.60,1,104,41.65_41.70_41.75_41.80_41.85_,6_11_8_12_11_,41.60_41.55_41.50_41.40_41.35_,31_35_56_85_79_
09:54:54,41.60,1,105,41.65_41.70_41.75_41.80_41.85_,6_11_8_12_11_,41.60_41.55_41.50_41.40_41.35_,30_35_56_75_79_
09:54:54,41.60,1,105,41.65_41.70_41.75_41.80_41.85_,6_11_8_12_11_,41.60_41.55_41.50_41.40_41.35_,30_35_56_75_79_
09:55:56,41.65,2,107,41.65_41.70_41.75_41.80_41.85_,4_11_8_12_11_,41.60_41.55_41.50_41.40_41.35_,30_35_56_75_79_
09:56:01,41.65,2,107,41.65_41.70_41.75_41.80_41.85_,4_11_8_12_11_,41.60_41.55_41.50_41.40_41.35_,30_35_56_50_104_
09:56:01,41.65,2,107,41.65_41.70_41.75_41.80_41.85_,4_11_8_12_11_,41.60_41.55_41.50_41.40_41.35_,30_35_56_50_104_
09:56:01,41.65,2,107,41.65_41.70_41.75_41.80_41.85_,4_11_8_12_11_,41.60_41.55_41.50_41.40_41.35_,30_35_56_50_104_
09:56:01,41.65,2,107,41.65_41.70_41.75_41.80_41.85_,4_11_8_12_11_,41.60_41.55_41.50_41.40_41.35_,30_35_56_50_104_
09:58:04,41.65,2,107,41.65_41.70_41.75_41.80_41.85_,8_11_8_12_11_,41.60_41.55_41.50_41.40_41.35_,33_35_56_50_104_
10:00:12,41.65,2,107,41.65_41.70_41.75_41.80_41.85_,8_11_8_12_11_,41.60_41.55_41.50_41.45_41.40_,33_37_52_6_50_
10:01:29,41.60,1,110,41.65_41.70_41.75_41.80_41.85_,8_11_8_12_11_,41.60_41.55_41.50_41.40_41.35_,33_37_58_75_74_
10:01:29,41.60,1,110,41.65_41.70_41.75_41.80_41.85_,8_11_8_12_11_,41.60_41.55_41.50_41.40_41.35_,33_37_58_75_74_
10:03:22,41.60,1,110,41.65_41.70_41.75_41.80_41.85_,8_11_8_12_11_,41.60_41.55_41.50_41.40_41.35_,34_37_58_75_74_
10:03:22,41.60,1,110,41.65_41.70_41.75_41.80_41.85_,8_11_8_12_11_,41.60_41.55_41.50_41.40_41.35_,34_37_58_75_74_
10:03:22,41.60,1,110,41.65_41.70_41.75_41.80_41.85_,8_11_8_12_11_,41.60_41.55_41.50_41.40_41.35_,34_37_58_75_74_
10:03:22,41.60,1,110,41.65_41.70_41.75_41.80_41.85_,8_11_8_12_11_,41.60_41.55_41.50_41.40_41.35_,34_37_58_75_74_
10:03:42,41.60,1,110,41.65_41.70_41.75_41.80_41.85_,9_11_8_12_11_,41.60_41.55_41.50_41.40_41.35_,34_37_58_75_74_
10:03:42,41.60,1,110,41.65_41.70_41.75_41.80_41.85_,9_11_8_12_11_,41.60_41.55_41.50_41.40_41.35_,34_37_58_75_74_
10:03:42,41.60,1,110,41.65_41.70_41.75_41.80_41.85_,9_11_8_12_11_,41.60_41.55_41.50_41.40_41.35_,34_37_58_75_74_
10:04:03,41.60,1,110,41.65_41.70_41.75_41.80_41.85_,9_11_8_12_11_,41.60_41.55_41.50_41.40_41.35_,35_37_58_75_74_
10:04:03,41.60,1,110,41.65_41.70_41.75_41.80_41.85_,9_11_8_12_11_,41.60_41.55_41.50_41.40_41.35_,35_37_58_75_74_
10:04:03,41.60,1,110,41.65_41.70_41.75_41.80_41.85_,9_11_8_12_11_,41.60_41.55_41.50_41.40_41.35_,35_37_58_75_74_
10:04:54,41.60,1,110,41.65_41.70_41.75_41.80_41.85_,9_13_8_12_11_,41.60_41.55_41.50_41.45_41.40_,35_37_52_6_75_
10:04:54,41.60,1,110,41.65_41.70_41.75_41.80_41.85_,9_13_8_12_11_,41.60_41.55_41.50_41.45_41.40_,35_37_52_6_75_
10:04:54,41.60,1,110,41.65_41.70_41.75_41.80_41.85_,9_13_8_12_11_,41.60_41.55_41.50_41.45_41.40_,35_37_52_6_75_
10:04:54,41.60,1,110,41.65_41.70_41.75_41.80_41.85_,9_13_8_12_11_,41.60_41.55_41.50_41.45_41.40_,35_37_52_6_75_
10:04:54,41.60,1,110,41.65_41.70_41.75_41.80_41.85_,9_13_8_12_11_,41.60_41.55_41.50_41.45_41.40_,35_37_52_6_75_
10:04:54,41.60,1,110,41.65_41.70_41.75_41.80_41.85_,9_13_8_12_11_,41.60_41.55_41.50_41.45_41.40_,35_37_52_6_75_
10:04:54,41.60,1,110,41.65_41.70_41.75_41.80_41.85_,9_13_8_12_11_,41.60_41.55_41.50_41.45_41.40_,35_37_52_6_75_
10:04:54,41.60,1,110,41.65_41.70_41.75_41.80_41.85_,9_13_8_12_11_,41.60_41.55_41.50_41.45_41.40_,35_37_52_6_75_
10:06:31,41.60,1,110,41.65_41.70_41.75_41.80_41.85_,9_13_8_13_11_,41.60_41.55_41.50_41.45_41.40_,35_37_52_6_75_
10:06:31,41.60,1,110,41.65_41.70_41.75_41.80_41.85_,9_13_8_13_11_,41.60_41.55_41.50_41.45_41.40_,35_37_52_6_75_
10:06:31,41.60,1,110,41.65_41.70_41.75_41.80_41.85_,9_13_8_13_11_,41.60_41.55_41.50_41.45_41.40_,35_37_52_6_75_
10:06:31,41.60,1,110,41.65_41.70_41.75_41.80_41.85_,9_13_8_13_11_,41.60_41.55_41.50_41.45_41.40_,35_37_52_6_75_
10:06:31,41.60,1,110,41.65_41.70_41.75_41.80_41.85_,9_13_8_13_11_,41.60_41.55_41.50_41.45_41.40_,35_37_52_6_75_
10:06:31,41.60,1,110,41.65_41.70_41.75_41.80_41.85_,9_13_8_13_11_,41.60_41.55_41.50_41.45_41.40_,35_37_52_6_75_
10:06:31,41.60,1,110,41.65_41.70_41.75_41.80_41.85_,9_13_8_13_11_,41.60_41.55_41.50_41.45_41.40_,35_37_52_6_75_
10:07:07,41.60,1,110,41.65_41.70_41.75_41.80_41.85_,9_13_8_15_11_,41.60_41.55_41.50_41.45_41.40_,35_37_52_6_75_
10:07:07,41.60,1,110,41.65_41.70_41.75_41.80_41.85_,9_13_8_15_11_,41.60_41.55_41.50_41.45_41.40_,35_37_52_6_75_
10:07:17,41.65,1,111,41.65_41.70_41.75_41.80_41.85_,8_13_8_15_11_,41.60_41.55_41.50_41.45_41.40_,35_37_52_6_75_
10:07:22,41.65,1,111,41.65_41.70_41.75_41.80_41.85_,8_14_8_15_11_,41.60_41.55_41.50_41.45_41.40_,35_37_52_6_143_
10:08:13,41.65,1,111,41.65_41.70_41.75_41.80_41.85_,9_13_8_15_11_,41.60_41.55_41.50_41.45_41.40_,36_37_52_6_143_
10:09:51,41.65,1,119,41.65_41.70_41.75_41.80_41.85_,11_15_9_14_11_,41.60_41.55_41.50_41.45_41.40_,29_37_52_7_144_
10:10:21,41.60,2,123,41.65_41.70_41.75_41.80_41.85_,13_16_8_14_11_,41.60_41.55_41.50_41.45_41.40_,25_37_52_7_144_
10:10:26,41.60,2,123,41.65_41.70_41.75_41.80_41.85_,13_16_9_14_11_,41.60_41.55_41.50_41.45_41.40_,27_37_52_7_144_
10:10:26,41.60,2,123,41.65_41.70_41.75_41.80_41.85_,13_16_9_14_11_,41.60_41.55_41.50_41.45_41.40_,27_37_52_7_144_
10:10:26,41.60,2,123,41.65_41.70_41.75_41.80_41.85_,13_16_9_14_11_,41.60_41.55_41.50_41.45_41.40_,27_37_52_7_144_
10:11:02,41.60,2,123,41.65_41.70_41.75_41.80_41.85_,13_16_9_14_11_,41.60_41.55_41.50_41.45_41.40_,27_37_58_1_145_
10:12:45,41.60,1,149,41.65_41.70_41.75_41.80_41.85_,14_16_9_14_14_,41.60_41.55_41.50_41.45_41.40_,3_37_52_7_145_
10:14:38,41.60,2,155,41.65_41.70_41.75_41.80_41.85_,14_15_9_14_14_,41.60_41.55_41.50_41.45_41.40_,3_37_52_7_147_
10:14:43,41.60,3,158,41.65_41.70_41.75_41.80_41.85_,14_15_9_14_14_,41.55_41.50_41.45_41.40_41.35_,37_52_7_147_4_
10:15:09,41.60,1,159,41.60_41.65_41.70_41.75_41.80_,6_13_13_9_15_,41.55_41.50_41.45_41.40_41.35_,37_3_56_3_149_
10:15:19,41.60,1,159,41.60_41.65_41.70_41.75_41.80_,8_11_13_9_15_,41.55_41.50_41.45_41.40_41.35_,37_3_56_3_149_
10:15:19,41.60,1,159,41.60_41.65_41.70_41.75_41.80_,8_11_13_9_15_,41.55_41.50_41.45_41.40_41.35_,37_3_56_3_149_
10:15:19,41.60,1,159,41.60_41.65_41.70_41.75_41.80_,8_11_13_9_15_,41.55_41.50_41.45_41.40_41.35_,37_3_56_3_149_
10:15:19,41.60,1,159,41.60_41.65_41.70_41.75_41.80_,8_11_13_9_15_,41.55_41.50_41.45_41.40_41.35_,37_3_56_3_149_
10:16:10,41.55,1,160,41.60_41.65_41.70_41.75_41.80_,39_11_13_9_15_,41.55_41.50_41.45_41.40_41.35_,36_3_56_2_149_
10:17:11,41.55,1,161,41.60_41.65_41.70_41.75_41.80_,42_10_13_9_15_,41.55_41.50_41.45_41.40_41.35_,35_9_50_2_149_
10:18:18,41.55,2,163,41.60_41.65_41.70_41.75_41.80_,42_10_13_9_20_,41.55_41.50_41.45_41.40_41.35_,38_8_50_2_149_
10:18:18,41.55,2,163,41.60_41.65_41.70_41.75_41.80_,42_10_13_9_20_,41.55_41.50_41.45_41.40_41.35_,38_8_50_2_149_
10:18:18,41.55,2,163,41.60_41.65_41.70_41.75_41.80_,42_10_13_9_20_,41.55_41.50_41.45_41.40_41.35_,38_8_50_2_149_
10:18:18,41.55,2,163,41.60_41.65_41.70_41.75_41.80_,42_10_13_9_20_,41.55_41.50_41.45_41.40_41.35_,38_8_50_2_149_
10:18:38,41.60,1,164,41.60_41.65_41.70_41.75_41.80_,41_10_13_9_20_,41.55_41.50_41.45_41.40_41.35_,38_8_50_2_149_
10:18:43,41.55,3,167,41.60_41.65_41.70_41.75_41.80_,41_10_13_9_20_,41.55_41.50_41.45_41.40_41.35_,35_8_50_2_149_
10:20:56,41.55,1,168,41.60_41.65_41.70_41.75_41.80_,45_10_13_9_20_,41.55_41.50_41.45_41.40_41.35_,28_9_56_2_149_
10:22:34,41.55,1,169,41.60_41.65_41.70_41.75_41.80_,45_10_13_9_20_,41.55_41.50_41.45_41.40_41.35_,28_9_56_2_149_
10:22:34,41.55,1,169,41.60_41.65_41.70_41.75_41.80_,45_10_13_9_20_,41.55_41.50_41.45_41.40_41.35_,28_9_56_2_149_
10:22:34,41.55,1,169,41.60_41.65_41.70_41.75_41.80_,45_10_13_9_20_,41.55_41.50_41.45_41.40_41.35_,28_9_56_2_149_
10:22:34,41.55,1,169,41.60_41.65_41.70_41.75_41.80_,45_10_13_9_20_,41.55_41.50_41.45_41.40_41.35_,28_9_56_2_149_
10:24:47,41.55,1,171,41.60_41.65_41.70_41.75_41.80_,44_10_13_10_20_,41.55_41.50_41.45_41.40_41.35_,27_15_50_2_149_
10:24:57,41.55,1,171,41.60_41.65_41.70_41.75_41.80_,44_10_13_10_20_,41.55_41.50_41.45_41.40_41.35_,27_9_56_2_149_
10:24:57,41.55,1,171,41.60_41.65_41.70_41.75_41.80_,44_10_13_10_20_,41.55_41.50_41.45_41.40_41.35_,27_9_56_2_149_
10:24:57,41.55,1,171,41.60_41.65_41.70_41.75_41.80_,44_10_13_10_20_,41.55_41.50_41.45_41.40_41.35_,27_9_56_2_149_
10:24:57,41.55,1,171,41.60_41.65_41.70_41.75_41.80_,44_10_13_10_20_,41.55_41.50_41.45_41.40_41.35_,27_9_56_2_149_
10:24:57,41.55,1,171,41.60_41.65_41.70_41.75_41.80_,44_10_13_10_20_,41.55_41.50_41.45_41.40_41.35_,27_9_56_2_149_
10:26:19,41.55,1,172,41.60_41.65_41.70_41.75_41.80_,43_10_13_10_20_,41.55_41.50_41.45_41.40_41.35_,26_9_56_2_149_
10:26:19,41.55,1,172,41.60_41.65_41.70_41.75_41.80_,43_10_13_10_20_,41.55_41.50_41.45_41.40_41.35_,26_9_56_2_149_
10:26:19,41.55,1,172,41.60_41.65_41.70_41.75_41.80_,43_10_13_10_20_,41.55_41.50_41.45_41.40_41.35_,26_9_56_2_149_
10:26:19,41.55,1,172,41.60_41.65_41.70_41.75_41.80_,43_10_13_10_20_,41.55_41.50_41.45_41.40_41.35_,26_9_56_2_149_
10:26:19,41.55,1,172,41.60_41.65_41.70_41.75_41.80_,43_10_13_10_20_,41.55_41.50_41.45_41.40_41.35_,26_9_56_2_149_
10:27:41,41.55,1,172,41.60_41.65_41.70_41.75_41.80_,43_10_13_10_20_,41.55_41.50_41.45_41.40_41.35_,26_15_50_2_149_
10:27:41,41.55,1,172,41.60_41.65_41.70_41.75_41.80_,43_10_13_10_20_,41.55_41.50_41.45_41.40_41.35_,26_15_50_2_149_
10:28:27,41.55,1,173,41.60_41.65_41.70_41.75_41.80_,43_10_13_10_20_,41.55_41.50_41.45_41.40_41.35_,25_15_50_2_149_
10:29:49,41.55,1,174,41.60_41.65_41.70_41.75_41.80_,42_13_13_10_20_,41.55_41.50_41.45_41.40_41.35_,25_15_50_2_149_
10:33:55,41.50,3,209,41.50_41.55_41.60_41.65_41.70_,4_23_10_14_14_,41.45_41.40_41.35_41.30_41.25_,1_8_54_3_149_
10:34:00,41.50,3,209,41.50_41.55_41.60_41.65_41.70_,5_23_9_14_14_,41.45_41.40_41.35_41.30_41.25_,1_2_60_3_149_
10:34:05,41.45,1,210,41.50_41.55_41.60_41.65_41.70_,9_19_9_14_14_,41.40_41.35_41.30_41.25_41.20_,2_60_3_149_4_
10:34:10,41.45,1,210,41.50_41.55_41.60_41.65_41.70_,9_19_9_14_14_,41.40_41.35_41.30_41.25_41.20_,2_60_3_50_104_
10:34:51,41.40,1,212,41.50_41.55_41.60_41.65_41.70_,8_18_9_15_14_,41.35_41.30_41.25_41.20_41.15_,10_53_1_78_76_
10:34:56,41.40,1,212,41.40_41.50_41.55_41.60_41.65_,1_8_18_9_15_,41.35_41.30_41.25_41.20_41.15_,10_53_1_78_76_
10:35:01,41.40,1,212,41.40_41.45_41.50_41.55_41.60_,6_1_3_18_9_,41.35_41.30_41.25_41.20_41.15_,4_9_52_4_150_
10:35:07,41.40,1,213,41.40_41.45_41.50_41.55_41.60_,4_1_3_18_10_,41.35_41.30_41.25_41.20_41.15_,4_9_52_4_150_
10:36:23,41.35,2,219,41.40_41.45_41.50_41.60_41.65_,24_1_5_14_15_,41.35_41.30_41.25_41.20_41.15_,2_3_58_6_151_
10:37:35,41.35,2,226,41.35_41.40_41.50_41.60_41.65_,3_17_5_14_15_,41.30_41.25_41.20_41.15_41.10_,4_1_62_3_148_
10:37:35,41.35,2,226,41.35_41.40_41.50_41.60_41.65_,3_17_5_14_15_,41.30_41.25_41.20_41.15_41.10_,4_1_62_3_148_
10:37:35,41.35,2,226,41.35_41.40_41.50_41.60_41.65_,3_17_5_14_15_,41.30_41.25_41.20_41.15_41.10_,4_1_62_3_148_
10:37:35,41.35,2,226,41.35_41.40_41.50_41.60_41.65_,3_17_5_14_15_,41.30_41.25_41.20_41.15_41.10_,4_1_62_3_148_
10:37:35,41.35,2,226,41.35_41.40_41.50_41.60_41.65_,3_17_5_14_15_,41.30_41.25_41.20_41.15_41.10_,4_1_62_3_148_
10:37:35,41.35,2,226,41.35_41.40_41.50_41.60_41.65_,3_17_5_14_15_,41.30_41.25_41.20_41.15_41.10_,4_1_62_3_148_
10:37:35,41.35,2,226,41.35_41.40_41.50_41.60_41.65_,3_17_5_14_15_,41.30_41.25_41.20_41.15_41.10_,4_1_62_3_148_
10:37:35,41.35,2,226,41.35_41.40_41.50_41.60_41.65_,3_17_5_14_15_,41.30_41.25_41.20_41.15_41.10_,4_1_62_3_148_
10:37:35,41.35,2,226,41.35_41.40_41.50_41.60_41.65_,3_17_5_14_15_,41.30_41.25_41.20_41.15_41.10_,4_1_62_3_148_
10:37:35,41.35,2,226,41.35_41.40_41.50_41.60_41.65_,3_17_5_14_15_,41.30_41.25_41.20_41.15_41.10_,4_1_62_3_148_
10:37:35,41.35,2,226,41.35_41.40_41.50_41.60_41.65_,3_17_5_14_15_,41.30_41.25_41.20_41.15_41.10_,4_1_62_3_148_
10:37:35,41.35,2,226,41.35_41.40_41.50_41.60_41.65_,3_17_5_14_15_,41.30_41.25_41.20_41.15_41.10_,4_1_62_3_148_
10:39:48,41.35,2,226,41.35_41.40_41.50_41.60_41.65_,4_17_5_14_15_,41.30_41.25_41.20_41.15_41.10_,4_1_62_4_148_
10:39:48,41.35,2,226,41.35_41.40_41.50_41.60_41.65_,4_17_5_14_15_,41.30_41.25_41.20_41.15_41.10_,4_1_62_4_148_
10:39:48,41.35,2,226,41.35_41.40_41.50_41.60_41.65_,4_17_5_14_15_,41.30_41.25_41.20_41.15_41.10_,4_1_62_4_148_
10:39:48,41.35,2,226,41.35_41.40_41.50_41.60_41.65_,4_17_5_14_15_,41.30_41.25_41.20_41.15_41.10_,4_1_62_4_148_
10:39:48,41.35,2,226,41.35_41.40_41.50_41.60_41.65_,4_17_5_14_15_,41.30_41.25_41.20_41.15_41.10_,4_1_62_4_148_
10:39:48,41.35,2,226,41.35_41.40_41.50_41.60_41.65_,4_17_5_14_15_,41.30_41.25_41.20_41.15_41.10_,4_1_62_4_148_
10:40:39,41.35,2,226,41.35_41.40_41.50_41.60_41.65_,4_17_5_14_15_,41.30_41.25_41.20_41.15_41.10_,4_1_61_4_148_
10:41:41,41.35,4,236,41.40_41.50_41.60_41.65_41.70_,18_5_14_14_14_,41.25_41.20_41.15_41.10_41.05_,5_62_4_113_36_
10:41:56,41.35,4,236,41.40_41.50_41.60_41.65_41.70_,18_5_14_14_14_,41.30_41.25_41.20_41.15_41.10_,1_6_62_4_113_
10:43:08,41.25,5,241,41.40_41.50_41.60_41.65_41.70_,18_5_12_14_14_,41.25_41.20_41.15_41.10_41.05_,7_11_50_67_37_
10:50:08,41.40,18,266,41.50_41.60_41.65_41.70_41.75_,9_11_14_13_11_,41.40_41.35_41.30_41.25_41.20_,8_56_5_58_105_
10:50:08,41.40,18,266,41.50_41.60_41.65_41.70_41.75_,9_11_14_13_11_,41.40_41.35_41.30_41.25_41.20_,8_56_5_58_105_
10:50:08,41.40,18,266,41.50_41.60_41.65_41.70_41.75_,9_11_14_13_11_,41.40_41.35_41.30_41.25_41.20_,8_56_5_58_105_
10:51:15,41.40,18,266,41.50_41.60_41.65_41.70_41.75_,9_11_14_13_11_,41.45_41.40_41.35_41.30_41.25_,7_3_55_5_159_
10:51:35,41.45,2,270,41.50_41.60_41.65_41.70_41.75_,9_11_14_13_11_,41.45_41.40_41.35_41.30_41.25_,8_4_55_4_159_
10:52:21,41.45,2,270,41.50_41.60_41.65_41.70_41.75_,9_11_14_13_11_,41.45_41.40_41.35_41.30_41.25_,13_8_55_4_159_
10:54:04,41.50,4,276,41.50_41.60_41.65_41.70_41.75_,6_12_14_13_11_,41.45_41.40_41.35_41.30_41.25_,17_8_54_4_160_
10:54:04,41.50,4,276,41.50_41.60_41.65_41.70_41.75_,6_12_14_13_11_,41.45_41.40_41.35_41.30_41.25_,17_8_54_4_160_
10:54:04,41.50,4,276,41.50_41.60_41.65_41.70_41.75_,6_12_14_13_11_,41.45_41.40_41.35_41.30_41.25_,17_8_54_4_160_
10:54:19,41.50,1,277,41.50_41.60_41.65_41.70_41.75_,5_12_14_13_11_,41.45_41.40_41.35_41.30_41.25_,17_8_54_4_160_
10:55:41,41.50,1,280,41.50_41.60_41.65_41.70_41.75_,5_12_14_13_11_,41.45_41.40_41.35_41.30_41.25_,17_2_60_4_160_
10:55:41,41.50,1,280,41.50_41.60_41.65_41.70_41.75_,5_12_14_13_11_,41.45_41.40_41.35_41.30_41.25_,17_2_60_4_160_
10:56:43,41.50,1,280,41.50_41.60_41.65_41.70_41.75_,5_7_14_13_11_,41.45_41.40_41.35_41.30_41.25_,17_2_60_4_160_
10:58:25,41.50,1,281,41.50_41.60_41.65_41.70_41.75_,1_7_14_13_11_,41.45_41.40_41.35_41.30_41.25_,20_2_60_4_160_
10:58:30,41.50,1,282,41.60_41.65_41.70_41.75_41.80_,10_14_13_11_19_,41.45_41.40_41.35_41.30_41.25_,20_8_54_4_160_
10:58:35,41.50,1,282,41.60_41.65_41.70_41.75_41.80_,10_14_13_11_20_,41.45_41.40_41.35_41.30_41.25_,20_58_4_78_83_
10:58:35,41.50,1,282,41.60_41.65_41.70_41.75_41.80_,10_14_13_11_20_,41.45_41.40_41.35_41.30_41.25_,20_58_4_78_83_
10:59:06,41.50,1,282,41.60_41.65_41.70_41.75_41.80_,10_14_13_11_20_,41.50_41.45_41.40_41.35_41.30_,17_60_2_8_148_
10:59:06,41.50,1,282,41.60_41.65_41.70_41.75_41.80_,10_14_13_11_20_,41.50_41.45_41.40_41.35_41.30_,17_60_2_8_148_
10:59:06,41.50,1,282,41.60_41.65_41.70_41.75_41.80_,10_14_13_11_20_,41.50_41.45_41.40_41.35_41.30_,17_60_2_8_148_
10:59:06,41.50,1,282,41.60_41.65_41.70_41.75_41.80_,10_14_13_11_20_,41.50_41.45_41.40_41.35_41.30_,17_60_2_8_148_
10:59:06,41.50,1,282,41.60_41.65_41.70_41.75_41.80_,10_14_13_11_20_,41.50_41.45_41.40_41.35_41.30_,17_60_2_8_148_
11:00:23,41.50,1,282,41.60_41.65_41.70_41.75_41.80_,11_14_13_11_20_,41.50_41.45_41.40_41.35_41.30_,17_54_8_8_148_
11:01:55,41.50,1,282,41.60_41.65_41.70_41.75_41.80_,11_14_15_11_20_,41.50_41.45_41.40_41.35_41.30_,11_54_8_8_148_
11:01:55,41.50,1,282,41.60_41.65_41.70_41.75_41.80_,11_14_15_11_20_,41.50_41.45_41.40_41.35_41.30_,11_54_8_8_148_
11:03:07,41.50,1,282,41.60_41.65_41.70_41.75_41.80_,11_14_15_11_20_,41.50_41.45_41.40_41.35_41.30_,16_54_8_8_148_
11:03:07,41.50,1,282,41.60_41.65_41.70_41.75_41.80_,11_14_15_11_20_,41.50_41.45_41.40_41.35_41.30_,16_54_8_8_148_
11:03:07,41.50,1,282,41.60_41.65_41.70_41.75_41.80_,11_14_15_11_20_,41.50_41.45_41.40_41.35_41.30_,16_54_8_8_148_
11:03:07,41.50,1,282,41.60_41.65_41.70_41.75_41.80_,11_14_15_11_20_,41.50_41.45_41.40_41.35_41.30_,16_54_8_8_148_
11:03:07,41.50,1,282,41.60_41.65_41.70_41.75_41.80_,11_14_15_11_20_,41.50_41.45_41.40_41.35_41.30_,16_54_8_8_148_
11:03:07,41.50,1,282,41.60_41.65_41.70_41.75_41.80_,11_14_15_11_20_,41.50_41.45_41.40_41.35_41.30_,16_54_8_8_148_
11:03:07,41.50,1,282,41.60_41.65_41.70_41.75_41.80_,11_14_15_11_20_,41.50_41.45_41.40_41.35_41.30_,16_54_8_8_148_
11:05:46,41.50,1,282,41.60_41.65_41.70_41.75_41.80_,11_14_15_11_20_,41.50_41.45_41.40_41.35_41.30_,21_54_8_8_148_
11:05:46,41.50,1,282,41.60_41.65_41.70_41.75_41.80_,11_14_15_11_20_,41.50_41.45_41.40_41.35_41.30_,21_54_8_8_148_
11:05:46,41.50,1,282,41.60_41.65_41.70_41.75_41.80_,11_14_15_11_20_,41.50_41.45_41.40_41.35_41.30_,21_54_8_8_148_
11:05:46,41.50,1,282,41.60_41.65_41.70_41.75_41.80_,11_14_15_11_20_,41.50_41.45_41.40_41.35_41.30_,21_54_8_8_148_
11:05:46,41.50,1,282,41.60_41.65_41.70_41.75_41.80_,11_14_15_11_20_,41.50_41.45_41.40_41.35_41.30_,21_54_8_8_148_
11:07:59,41.50,5,287,41.55_41.60_41.65_41.70_41.75_,4_10_14_15_11_,41.50_41.45_41.40_41.35_41.30_,16_4_58_5_148_
11:07:59,41.50,5,287,41.55_41.60_41.65_41.70_41.75_,4_10_14_15_11_,41.50_41.45_41.40_41.35_41.30_,16_4_58_5_148_
11:09:46,41.50,1,288,41.55_41.60_41.65_41.70_41.75_,7_8_14_14_11_,41.50_41.45_41.40_41.35_41.30_,21_2_57_5_148_
11:09:46,41.50,1,288,41.55_41.60_41.65_41.70_41.75_,7_8_14_14_11_,41.50_41.45_41.40_41.35_41.30_,21_2_57_5_148_
11:09:46,41.50,1,288,41.55_41.60_41.65_41.70_41.75_,7_8_14_14_11_,41.50_41.45_41.40_41.35_41.30_,21_2_57_5_148_
11:09:46,41.50,1,288,41.55_41.60_41.65_41.70_41.75_,7_8_14_14_11_,41.50_41.45_41.40_41.35_41.30_,21_2_57_5_148_
11:09:46,41.50,1,288,41.55_41.60_41.65_41.70_41.75_,7_8_14_14_11_,41.50_41.45_41.40_41.35_41.30_,21_2_57_5_148_
11:11:49,41.50,1,288,41.55_41.60_41.65_41.70_41.75_,7_8_14_13_11_,41.50_41.45_41.40_41.35_41.30_,21_3_57_5_148_
11:11:49,41.50,1,288,41.55_41.60_41.65_41.70_41.75_,7_8_14_13_11_,41.50_41.45_41.40_41.35_41.30_,21_3_57_5_148_
11:11:49,41.50,1,288,41.55_41.60_41.65_41.70_41.75_,7_8_14_13_11_,41.50_41.45_41.40_41.35_41.30_,21_3_57_5_148_
11:11:49,41.50,1,288,41.55_41.60_41.65_41.70_41.75_,7_8_14_13_11_,41.50_41.45_41.40_41.35_41.30_,21_3_57_5_148_
11:11:49,41.50,1,288,41.55_41.60_41.65_41.70_41.75_,7_8_14_13_11_,41.50_41.45_41.40_41.35_41.30_,21_3_57_5_148_
11:11:49,41.50,1,288,41.55_41.60_41.65_41.70_41.75_,7_8_14_13_11_,41.50_41.45_41.40_41.35_41.30_,21_3_57_5_148_
11:11:49,41.50,1,288,41.55_41.60_41.65_41.70_41.75_,7_8_14_13_11_,41.50_41.45_41.40_41.35_41.30_,21_3_57_5_148_
11:11:49,41.50,1,288,41.55_41.60_41.65_41.70_41.75_,7_8_14_13_11_,41.50_41.45_41.40_41.35_41.30_,21_3_57_5_148_
11:11:49,41.50,1,288,41.55_41.60_41.65_41.70_41.75_,7_8_14_13_11_,41.50_41.45_41.40_41.35_41.30_,21_3_57_5_148_
11:11:49,41.50,1,288,41.55_41.60_41.65_41.70_41.75_,7_8_14_13_11_,41.50_41.45_41.40_41.35_41.30_,21_3_57_5_148_
11:11:49,41.50,1,288,41.55_41.60_41.65_41.70_41.75_,7_8_14_13_11_,41.50_41.45_41.40_41.35_41.30_,21_3_57_5_148_
11:11:49,41.50,1,288,41.55_41.60_41.65_41.70_41.75_,7_8_14_13_11_,41.50_41.45_41.40_41.35_41.30_,21_3_57_5_148_
11:11:49,41.50,1,288,41.55_41.60_41.65_41.70_41.75_,7_8_14_13_11_,41.50_41.45_41.40_41.35_41.30_,21_3_57_5_148_
11:11:49,41.50,1,288,41.55_41.60_41.65_41.70_41.75_,7_8_14_13_11_,41.50_41.45_41.40_41.35_41.30_,21_3_57_5_148_
11:11:49,41.50,1,288,41.55_41.60_41.65_41.70_41.75_,7_8_14_13_11_,41.50_41.45_41.40_41.35_41.30_,21_3_57_5_148_
11:11:49,41.50,1,288,41.55_41.60_41.65_41.70_41.75_,7_8_14_13_11_,41.50_41.45_41.40_41.35_41.30_,21_3_57_5_148_
11:11:49,41.50,1,288,41.55_41.60_41.65_41.70_41.75_,7_8_14_13_11_,41.50_41.45_41.40_41.35_41.30_,21_3_57_5_148_
11:13:52,41.50,1,289,41.55_41.60_41.65_41.70_41.75_,7_8_14_13_11_,41.50_41.45_41.40_41.35_41.30_,20_3_57_5_148_
11:13:52,41.50,1,289,41.55_41.60_41.65_41.70_41.75_,7_8_14_13_11_,41.50_41.45_41.40_41.35_41.30_,20_3_57_5_148_
11:14:54,41.50,1,289,41.55_41.60_41.65_41.70_41.75_,8_9_14_13_11_,41.50_41.45_41.40_41.35_41.30_,20_3_57_5_148_
11:14:54,41.50,1,289,41.55_41.60_41.65_41.70_41.75_,8_9_14_13_11_,41.50_41.45_41.40_41.35_41.30_,20_3_57_5_148_
11:14:54,41.50,1,289,41.55_41.60_41.65_41.70_41.75_,8_9_14_13_11_,41.50_41.45_41.40_41.35_41.30_,20_3_57_5_148_
11:14:54,41.50,1,289,41.55_41.60_41.65_41.70_41.75_,8_9_14_13_11_,41.50_41.45_41.40_41.35_41.30_,20_3_57_5_148_
11:14:54,41.50,1,289,41.55_41.60_41.65_41.70_41.75_,8_9_14_13_11_,41.50_41.45_41.40_41.35_41.30_,20_3_57_5_148_
11:16:46,41.50,2,291,41.55_41.60_41.65_41.70_41.75_,8_9_14_13_11_,41.50_41.45_41.40_41.35_41.30_,18_3_57_5_148_
11:19:15,41.55,3,294,41.55_41.60_41.65_41.70_41.75_,5_9_14_13_11_,41.50_41.45_41.40_41.35_41.30_,18_3_57_16_148_
11:19:15,41.55,3,294,41.55_41.60_41.65_41.70_41.75_,5_9_14_13_11_,41.50_41.45_41.40_41.35_41.30_,18_3_57_16_148_
11:21:18,41.50,1,295,41.55_41.60_41.65_41.70_41.75_,8_9_14_10_11_,41.50_41.45_41.40_41.35_41.30_,17_3_58_16_145_
11:21:18,41.50,1,295,41.55_41.60_41.65_41.70_41.75_,8_9_14_10_11_,41.50_41.45_41.40_41.35_41.30_,17_3_58_16_145_
11:21:18,41.50,1,295,41.55_41.60_41.65_41.70_41.75_,8_9_14_10_11_,41.50_41.45_41.40_41.35_41.30_,17_3_58_16_145_
11:21:18,41.50,1,295,41.55_41.60_41.65_41.70_41.75_,8_9_14_10_11_,41.50_41.45_41.40_41.35_41.30_,17_3_58_16_145_
11:21:18,41.50,1,295,41.55_41.60_41.65_41.70_41.75_,8_9_14_10_11_,41.50_41.45_41.40_41.35_41.30_,17_3_58_16_145_
11:21:18,41.50,1,295,41.55_41.60_41.65_41.70_41.75_,8_9_14_10_11_,41.50_41.45_41.40_41.35_41.30_,17_3_58_16_145_
11:21:18,41.50,1,295,41.55_41.60_41.65_41.70_41.75_,8_9_14_10_11_,41.50_41.45_41.40_41.35_41.30_,17_3_58_16_145_
11:21:18,41.50,1,295,41.55_41.60_41.65_41.70_41.75_,8_9_14_10_11_,41.50_41.45_41.40_41.35_41.30_,17_3_58_16_145_
11:25:13,41.50,1,296,41.55_41.60_41.65_41.70_41.75_,8_9_11_10_11_,41.50_41.45_41.40_41.35_41.30_,20_2_58_16_145_
11:25:13,41.50,1,296,41.55_41.60_41.65_41.70_41.75_,8_9_11_10_11_,41.50_41.45_41.40_41.35_41.30_,20_2_58_16_145_
11:25:13,41.50,1,296,41.55_41.60_41.65_41.70_41.75_,8_9_11_10_11_,41.50_41.45_41.40_41.35_41.30_,20_2_58_16_145_
11:25:13,41.50,1,296,41.55_41.60_41.65_41.70_41.75_,8_9_11_10_11_,41.50_41.45_41.40_41.35_41.30_,20_2_58_16_145_
11:25:13,41.50,1,296,41.55_41.60_41.65_41.70_41.75_,8_9_11_10_11_,41.50_41.45_41.40_41.35_41.30_,20_2_58_16_145_
11:25:13,41.50,1,296,41.55_41.60_41.65_41.70_41.75_,8_9_11_10_11_,41.50_41.45_41.40_41.35_41.30_,20_2_58_16_145_
11:25:13,41.50,1,296,41.55_41.60_41.65_41.70_41.75_,8_9_11_10_11_,41.50_41.45_41.40_41.35_41.30_,20_2_58_16_145_
11:27:57,41.50,1,300,41.55_41.60_41.65_41.70_41.75_,5_9_11_12_11_,41.50_41.45_41.40_41.35_41.30_,18_2_53_22_145_
11:27:57,41.50,1,300,41.55_41.60_41.65_41.70_41.75_,5_9_11_12_11_,41.50_41.45_41.40_41.35_41.30_,18_2_53_22_145_
11:27:57,41.50,1,300,41.55_41.60_41.65_41.70_41.75_,5_9_11_12_11_,41.50_41.45_41.40_41.35_41.30_,18_2_53_22_145_
11:27:57,41.50,1,300,41.55_41.60_41.65_41.70_41.75_,5_9_11_12_11_,41.50_41.45_41.40_41.35_41.30_,18_2_53_22_145_
11:28:38,41.50,1,300,41.55_41.60_41.65_41.70_41.75_,8_9_11_12_11_,41.50_41.45_41.40_41.35_41.30_,18_2_53_22_145_
11:28:38,41.50,1,300,41.55_41.60_41.65_41.70_41.75_,8_9_11_12_11_,41.50_41.45_41.40_41.35_41.30_,18_2_53_22_145_
11:28:38,41.50,1,300,41.55_41.60_41.65_41.70_41.75_,8_9_11_12_11_,41.50_41.45_41.40_41.35_41.30_,18_2_53_22_145_
11:29:29,41.50,3,303,41.55_41.60_41.65_41.70_41.75_,5_10_11_12_11_,41.50_41.45_41.40_41.35_41.30_,15_2_53_22_145_
11:31:07,41.50,3,303,41.55_41.60_41.65_41.70_41.75_,8_10_11_12_11_,41.50_41.45_41.40_41.35_41.30_,15_2_53_22_145_
11:31:07,41.50,3,303,41.55_41.60_41.65_41.70_41.75_,8_10_11_12_11_,41.50_41.45_41.40_41.35_41.30_,15_2_53_22_145_
11:31:07,41.50,3,303,41.55_41.60_41.65_41.70_41.75_,8_10_11_12_11_,41.50_41.45_41.40_41.35_41.30_,15_2_53_22_145_
11:31:07,41.50,3,303,41.55_41.60_41.65_41.70_41.75_,8_10_11_12_11_,41.50_41.45_41.40_41.35_41.30_,15_2_53_22_145_
11:34:52,41.50,3,303,41.55_41.60_41.65_41.70_41.75_,10_10_11_12_11_,41.50_41.45_41.40_41.35_41.30_,15_2_53_22_145_
11:34:52,41.50,3,303,41.55_41.60_41.65_41.70_41.75_,10_10_11_12_11_,41.50_41.45_41.40_41.35_41.30_,15_2_53_22_145_
11:34:52,41.50,3,303,41.55_41.60_41.65_41.70_41.75_,10_10_11_12_11_,41.50_41.45_41.40_41.35_41.30_,15_2_53_22_145_
11:39:03,41.50,3,303,41.55_41.60_41.65_41.70_41.75_,11_9_11_13_11_,41.50_41.45_41.40_41.35_41.30_,15_2_53_22_145_
11:39:03,41.50,3,303,41.55_41.60_41.65_41.70_41.75_,11_9_11_13_11_,41.50_41.45_41.40_41.35_41.30_,15_2_53_22_145_
11:39:54,41.50,3,306,41.55_41.60_41.65_41.70_41.75_,11_8_11_13_11_,41.50_41.45_41.40_41.35_41.30_,12_3_53_22_145_
11:41:01,41.50,1,310,41.55_41.60_41.65_41.70_41.75_,8_8_11_13_11_,41.50_41.45_41.40_41.35_41.30_,8_3_53_22_146_
11:43:35,41.50,1,315,41.55_41.60_41.65_41.70_41.75_,10_8_11_13_11_,41.50_41.45_41.40_41.35_41.30_,3_3_53_22_146_
11:44:57,41.45,2,321,41.45_41.50_41.55_41.60_41.65_,4_6_4_7_12_,41.40_41.35_41.30_41.25_41.20_,3_16_52_10_152_
11:45:49,41.35,1,325,41.45_41.50_41.55_41.60_41.65_,9_8_3_7_12_,41.35_41.30_41.25_41.20_41.15_,5_52_10_9_145_
11:46:04,41.35,5,330,41.45_41.50_41.55_41.60_41.65_,10_8_3_7_12_,41.30_41.25_41.20_41.15_41.10_,53_10_6_120_29_
11:46:04,41.35,5,330,41.45_41.50_41.55_41.60_41.65_,10_8_3_7_12_,41.30_41.25_41.20_41.15_41.10_,53_10_6_120_29_
11:46:04,41.35,5,330,41.45_41.50_41.55_41.60_41.65_,10_8_3_7_12_,41.30_41.25_41.20_41.15_41.10_,53_10_6_120_29_
11:46:04,41.35,5,330,41.45_41.50_41.55_41.60_41.65_,10_8_3_7_12_,41.30_41.25_41.20_41.15_41.10_,53_10_6_120_29_
11:46:04,41.35,5,330,41.45_41.50_41.55_41.60_41.65_,10_8_3_7_12_,41.30_41.25_41.20_41.15_41.10_,53_10_6_120_29_
11:46:04,41.35,5,330,41.45_41.50_41.55_41.60_41.65_,10_8_3_7_12_,41.30_41.25_41.20_41.15_41.10_,53_10_6_120_29_
11:46:04,41.35,5,330,41.45_41.50_41.55_41.60_41.65_,10_8_3_7_12_,41.30_41.25_41.20_41.15_41.10_,53_10_6_120_29_
11:46:04,41.35,5,330,41.45_41.50_41.55_41.60_41.65_,10_8_3_7_12_,41.30_41.25_41.20_41.15_41.10_,53_10_6_120_29_
11:46:04,41.35,5,330,41.45_41.50_41.55_41.60_41.65_,10_8_3_7_12_,41.30_41.25_41.20_41.15_41.10_,53_10_6_120_29_
11:46:04,41.35,5,330,41.45_41.50_41.55_41.60_41.65_,10_8_3_7_12_,41.30_41.25_41.20_41.15_41.10_,53_10_6_120_29_
11:46:04,41.35,5,330,41.45_41.50_41.55_41.60_41.65_,10_8_3_7_12_,41.30_41.25_41.20_41.15_41.10_,53_10_6_120_29_
11:47:00,41.35,5,330,41.45_41.50_41.55_41.60_41.65_,10_10_3_7_12_,41.30_41.25_41.20_41.15_41.10_,53_10_6_120_29_
11:47:00,41.35,5,330,41.45_41.50_41.55_41.60_41.65_,10_10_3_7_12_,41.30_41.25_41.20_41.15_41.10_,53_10_6_120_29_
11:47:00,41.35,5,330,41.45_41.50_41.55_41.60_41.65_,10_10_3_7_12_,41.30_41.25_41.20_41.15_41.10_,53_10_6_120_29_
11:47:00,41.35,5,330,41.45_41.50_41.55_41.60_41.65_,10_10_3_7_12_,41.30_41.25_41.20_41.15_41.10_,53_10_6_120_29_
11:48:12,41.30,1,331,41.45_41.50_41.55_41.60_41.65_,10_10_3_7_12_,41.30_41.25_41.20_41.15_41.10_,52_10_6_120_29_
11:48:12,41.30,1,331,41.45_41.50_41.55_41.60_41.65_,10_10_3_7_12_,41.30_41.25_41.20_41.15_41.10_,52_10_6_120_29_
11:48:12,41.30,1,331,41.45_41.50_41.55_41.60_41.65_,10_10_3_7_12_,41.30_41.25_41.20_41.15_41.10_,52_10_6_120_29_
11:48:12,41.30,1,331,41.45_41.50_41.55_41.60_41.65_,10_10_3_7_12_,41.30_41.25_41.20_41.15_41.10_,52_10_6_120_29_
11:48:12,41.30,1,331,41.45_41.50_41.55_41.60_41.65_,10_10_3_7_12_,41.30_41.25_41.20_41.15_41.10_,52_10_6_120_29_
11:49:50,41.30,1,331,41.45_41.50_41.55_41.60_41.65_,11_10_2_7_12_,41.30_41.25_41.20_41.15_41.10_,52_10_6_120_29_
11:49:55,41.30,1,332,41.45_41.50_41.55_41.60_41.65_,11_10_2_7_12_,41.30_41.25_41.20_41.15_41.10_,51_10_6_120_29_
11:49:55,41.30,1,332,41.45_41.50_41.55_41.60_41.65_,11_10_2_7_12_,41.30_41.25_41.20_41.15_41.10_,51_10_6_120_29_
11:49:55,41.30,1,332,41.45_41.50_41.55_41.60_41.65_,11_10_2_7_12_,41.30_41.25_41.20_41.15_41.10_,51_10_6_120_29_
11:49:55,41.30,1,332,41.45_41.50_41.55_41.60_41.65_,11_10_2_7_12_,41.30_41.25_41.20_41.15_41.10_,51_10_6_120_29_
11:49:55,41.30,1,332,41.45_41.50_41.55_41.60_41.65_,11_10_2_7_12_,41.30_41.25_41.20_41.15_41.10_,51_10_6_120_29_
11:49:55,41.30,1,332,41.45_41.50_41.55_41.60_41.65_,11_10_2_7_12_,41.30_41.25_41.20_41.15_41.10_,51_10_6_120_29_
11:49:55,41.30,1,332,41.45_41.50_41.55_41.60_41.65_,11_10_2_7_12_,41.30_41.25_41.20_41.15_41.10_,51_10_6_120_29_
11:49:55,41.30,1,332,41.45_41.50_41.55_41.60_41.65_,11_10_2_7_12_,41.30_41.25_41.20_41.15_41.10_,51_10_6_120_29_
11:49:55,41.30,1,332,41.45_41.50_41.55_41.60_41.65_,11_10_2_7_12_,41.30_41.25_41.20_41.15_41.10_,51_10_6_120_29_
11:50:56,41.30,1,332,41.45_41.50_41.55_41.60_41.65_,11_10_2_7_12_,41.30_41.25_41.20_41.15_41.10_,51_10_16_120_29_
11:50:56,41.30,1,332,41.45_41.50_41.55_41.60_41.65_,11_10_2_7_12_,41.30_41.25_41.20_41.15_41.10_,51_10_16_120_29_
11:50:56,41.30,1,332,41.45_41.50_41.55_41.60_41.65_,11_10_2_7_12_,41.30_41.25_41.20_41.15_41.10_,51_10_16_120_29_
11:50:56,41.30,1,332,41.45_41.50_41.55_41.60_41.65_,11_10_2_7_12_,41.30_41.25_41.20_41.15_41.10_,51_10_16_120_29_
11:51:58,41.30,1,333,41.45_41.50_41.55_41.60_41.65_,11_10_2_7_12_,41.30_41.25_41.20_41.15_41.10_,50_10_16_120_29_
11:51:58,41.30,1,333,41.45_41.50_41.55_41.60_41.65_,11_10_2_7_12_,41.30_41.25_41.20_41.15_41.10_,50_10_16_120_29_
11:52:28,41.30,1,333,41.45_41.50_41.55_41.60_41.65_,11_10_2_7_12_,41.30_41.25_41.20_41.15_41.10_,50_10_16_119_29_
11:52:28,41.30,1,333,41.45_41.50_41.55_41.60_41.65_,11_10_2_7_12_,41.30_41.25_41.20_41.15_41.10_,50_10_16_119_29_
11:52:28,41.30,1,333,41.45_41.50_41.55_41.60_41.65_,11_10_2_7_12_,41.30_41.25_41.20_41.15_41.10_,50_10_16_119_29_
11:52:28,41.30,1,333,41.45_41.50_41.55_41.60_41.65_,11_10_2_7_12_,41.30_41.25_41.20_41.15_41.10_,50_10_16_119_29_
11:52:28,41.30,1,333,41.45_41.50_41.55_41.60_41.65_,11_10_2_7_12_,41.30_41.25_41.20_41.15_41.10_,50_10_16_119_29_
11:52:28,41.30,1,333,41.45_41.50_41.55_41.60_41.65_,11_10_2_7_12_,41.30_41.25_41.20_41.15_41.10_,50_10_16_119_29_
11:53:41,41.30,1,335,41.30_41.40_41.45_41.50_41.60_,2_10_8_3_11_,41.25_41.20_41.15_41.10_41.05_,10_64_1_7_154_
11:54:47,41.25,1,347,41.30_41.35_41.40_41.45_41.50_,5_2_8_6_6_,41.25_41.20_41.15_41.10_41.05_,1_55_1_1_160_
11:54:52,41.25,1,348,41.30_41.35_41.40_41.50_41.60_,11_8_2_6_7_,41.20_41.15_41.10_41.05_41.00_,55_1_1_160_38_
11:55:28,41.25,1,348,41.30_41.35_41.40_41.45_41.50_,11_7_2_1_3_,41.20_41.15_41.10_41.05_41.00_,7_49_2_124_75_
11:55:28,41.25,1,348,41.30_41.35_41.40_41.45_41.50_,11_7_2_1_3_,41.20_41.15_41.10_41.05_41.00_,7_49_2_124_75_
11:58:28,41.20,1,349,41.30_41.35_41.40_41.50_41.60_,11_8_2_6_7_,41.25_41.20_41.15_41.10_41.05_,5_55_1_4_160_
11:59:29,41.30,11,360,41.30_41.35_41.40_41.50_41.60_,8_3_1_3_10_,41.25_41.20_41.15_41.10_41.05_,6_56_1_4_161_
11:59:29,41.30,11,360,41.30_41.35_41.40_41.50_41.60_,8_3_1_3_10_,41.25_41.20_41.15_41.10_41.05_,6_56_1_4_161_
11:59:29,41.30,11,360,41.30_41.35_41.40_41.50_41.60_,8_3_1_3_10_,41.25_41.20_41.15_41.10_41.05_,6_56_1_4_161_
11:59:49,41.30,11,360,41.30_41.35_41.40_41.50_41.60_,9_3_1_3_10_,41.25_41.20_41.15_41.10_41.05_,6_56_1_4_161_
12:00:05,41.30,11,360,41.30_41.35_41.40_41.50_41.60_,9_3_1_3_10_,41.25_41.20_41.15_41.10_41.05_,6_56_1_2_161_
12:00:36,41.30,11,360,41.30_41.35_41.40_41.50_41.60_,9_3_1_3_13_,41.25_41.20_41.15_41.10_41.05_,6_56_1_2_155_
12:01:42,41.30,1,361,41.30_41.35_41.40_41.50_41.60_,8_3_1_3_15_,41.25_41.20_41.15_41.10_41.05_,18_56_1_2_155_
12:01:42,41.30,1,361,41.30_41.35_41.40_41.50_41.60_,8_3_1_3_15_,41.25_41.20_41.15_41.10_41.05_,18_56_1_2_155_
12:01:42,41.30,1,361,41.30_41.35_41.40_41.50_41.60_,8_3_1_3_15_,41.25_41.20_41.15_41.10_41.05_,18_56_1_2_155_
12:01:42,41.30,1,361,41.30_41.35_41.40_41.50_41.60_,8_3_1_3_15_,41.25_41.20_41.15_41.10_41.05_,18_56_1_2_155_
12:01:42,41.30,1,361,41.30_41.35_41.40_41.50_41.60_,8_3_1_3_15_,41.25_41.20_41.15_41.10_41.05_,18_56_1_2_155_
12:01:42,41.30,1,361,41.30_41.35_41.40_41.50_41.60_,8_3_1_3_15_,41.25_41.20_41.15_41.10_41.05_,18_56_1_2_155_
12:01:42,41.30,1,361,41.30_41.35_41.40_41.50_41.60_,8_3_1_3_15_,41.25_41.20_41.15_41.10_41.05_,18_56_1_2_155_
12:01:42,41.30,1,361,41.30_41.35_41.40_41.50_41.60_,8_3_1_3_15_,41.25_41.20_41.15_41.10_41.05_,18_56_1_2_155_
12:02:23,41.30,1,361,41.30_41.35_41.40_41.50_41.60_,9_3_1_3_15_,41.25_41.20_41.15_41.10_41.05_,18_56_1_2_155_
12:02:23,41.30,1,361,41.30_41.35_41.40_41.50_41.60_,9_3_1_3_15_,41.25_41.20_41.15_41.10_41.05_,18_56_1_2_155_
12:02:34,41.30,1,362,41.30_41.35_41.40_41.50_41.60_,8_3_1_3_15_,41.25_41.20_41.15_41.10_41.05_,18_56_1_2_155_
12:04:32,41.30,1,365,41.30_41.35_41.40_41.50_41.60_,9_2_1_4_13_,41.25_41.20_41.15_41.10_41.05_,18_56_1_2_155_
12:04:32,41.30,1,365,41.30_41.35_41.40_41.50_41.60_,9_2_1_4_13_,41.25_41.20_41.15_41.10_41.05_,18_56_1_2_155_
12:04:32,41.30,1,365,41.30_41.35_41.40_41.50_41.60_,9_2_1_4_13_,41.25_41.20_41.15_41.10_41.05_,18_56_1_2_155_
12:05:03,41.30,1,365,41.30_41.35_41.40_41.50_41.60_,9_2_1_6_13_,41.25_41.20_41.15_41.10_41.05_,18_56_1_2_155_
12:05:03,41.30,1,365,41.30_41.35_41.40_41.50_41.60_,9_2_1_6_13_,41.25_41.20_41.15_41.10_41.05_,18_56_1_2_155_
12:05:03,41.30,1,365,41.30_41.35_41.40_41.50_41.60_,9_2_1_6_13_,41.25_41.20_41.15_41.10_41.05_,18_56_1_2_155_
12:06:35,41.30,1,365,41.30_41.35_41.40_41.50_41.60_,10_4_1_3_13_,41.25_41.20_41.15_41.10_41.05_,18_56_1_2_161_
12:07:11,41.30,1,365,41.30_41.35_41.40_41.50_41.60_,11_4_1_2_13_,41.25_41.20_41.15_41.10_41.05_,18_56_1_2_161_
12:07:11,41.30,1,365,41.30_41.35_41.40_41.50_41.60_,11_4_1_2_13_,41.25_41.20_41.15_41.10_41.05_,18_56_1_2_161_
12:09:50,41.30,1,365,41.30_41.35_41.40_41.50_41.60_,12_5_1_2_13_,41.25_41.20_41.15_41.10_41.05_,18_56_1_2_161_
12:09:55,41.30,1,365,41.30_41.35_41.40_41.50_41.60_,12_5_1_2_13_,41.25_41.20_41.15_41.10_41.05_,18_57_1_2_161_
12:11:58,41.30,1,365,41.30_41.35_41.40_41.50_41.60_,13_5_1_2_13_,41.25_41.20_41.15_41.10_41.05_,18_57_1_2_161_
12:11:58,41.30,1,365,41.30_41.35_41.40_41.50_41.60_,13_5_1_2_13_,41.25_41.20_41.15_41.10_41.05_,18_57_1_2_161_
12:11:58,41.30,1,365,41.30_41.35_41.40_41.50_41.60_,13_5_1_2_13_,41.25_41.20_41.15_41.10_41.05_,18_57_1_2_161_
12:11:58,41.30,1,365,41.30_41.35_41.40_41.50_41.60_,13_5_1_2_13_,41.25_41.20_41.15_41.10_41.05_,18_57_1_2_161_
12:13:51,41.25,1,367,41.30_41.35_41.40_41.50_41.60_,12_5_1_2_13_,41.25_41.20_41.15_41.10_41.05_,17_57_1_2_161_
12:13:51,41.25,1,367,41.30_41.35_41.40_41.50_41.60_,12_5_1_2_13_,41.25_41.20_41.15_41.10_41.05_,17_57_1_2_161_
12:15:23,41.25,2,369,41.30_41.35_41.40_41.50_41.60_,13_5_1_2_13_,41.25_41.20_41.15_41.10_41.05_,15_57_1_2_161_
12:15:23,41.25,2,369,41.30_41.35_41.40_41.50_41.60_,13_5_1_2_13_,41.25_41.20_41.15_41.10_41.05_,15_57_1_2_161_
12:15:23,41.25,2,369,41.30_41.35_41.40_41.50_41.60_,13_5_1_2_13_,41.25_41.20_41.15_41.10_41.05_,15_57_1_2_161_
12:16:04,41.25,1,371,41.30_41.35_41.40_41.50_41.60_,13_5_1_2_13_,41.25_41.20_41.15_41.10_41.05_,20_57_1_2_161_
12:16:04,41.25,1,371,41.30_41.35_41.40_41.50_41.60_,13_5_1_2_13_,41.25_41.20_41.15_41.10_41.05_,20_57_1_2_161_
12:16:04,41.25,1,371,41.30_41.35_41.40_41.50_41.60_,13_5_1_2_13_,41.25_41.20_41.15_41.10_41.05_,20_57_1_2_161_
12:16:04,41.25,1,371,41.30_41.35_41.40_41.50_41.60_,13_5_1_2_13_,41.25_41.20_41.15_41.10_41.05_,20_57_1_2_161_
12:19:24,41.25,1,372,41.30_41.35_41.40_41.50_41.60_,12_6_1_2_13_,41.25_41.20_41.15_41.10_41.05_,19_57_1_2_161_
12:19:50,41.25,1,373,41.30_41.35_41.40_41.50_41.60_,12_6_1_2_13_,41.25_41.20_41.15_41.10_41.05_,18_57_1_2_161_
12:19:50,41.25,1,373,41.30_41.35_41.40_41.50_41.60_,12_6_1_2_13_,41.25_41.20_41.15_41.10_41.05_,18_57_1_2_161_
12:19:50,41.25,1,373,41.30_41.35_41.40_41.50_41.60_,12_6_1_2_13_,41.25_41.20_41.15_41.10_41.05_,18_57_1_2_161_
12:19:50,41.25,1,373,41.30_41.35_41.40_41.50_41.60_,12_6_1_2_13_,41.25_41.20_41.15_41.10_41.05_,18_57_1_2_161_
12:19:50,41.25,1,373,41.30_41.35_41.40_41.50_41.60_,12_6_1_2_13_,41.25_41.20_41.15_41.10_41.05_,18_57_1_2_161_
12:19:50,41.25,1,373,41.30_41.35_41.40_41.50_41.60_,12_6_1_2_13_,41.25_41.20_41.15_41.10_41.05_,18_57_1_2_161_
12:19:50,41.25,1,373,41.30_41.35_41.40_41.50_41.60_,12_6_1_2_13_,41.25_41.20_41.15_41.10_41.05_,18_57_1_2_161_
12:19:50,41.25,1,373,41.30_41.35_41.40_41.50_41.60_,12_6_1_2_13_,41.25_41.20_41.15_41.10_41.05_,18_57_1_2_161_
12:19:50,41.25,1,373,41.30_41.35_41.40_41.50_41.60_,12_6_1_2_13_,41.25_41.20_41.15_41.10_41.05_,18_57_1_2_161_
12:27:31,41.30,1,380,41.30_41.35_41.40_41.50_41.60_,23_3_1_2_14_,41.25_41.20_41.15_41.10_41.05_,27_56_1_5_160_
12:27:31,41.30,1,380,41.30_41.35_41.40_41.50_41.60_,23_3_1_2_14_,41.25_41.20_41.15_41.10_41.05_,27_56_1_5_160_
12:27:31,41.30,1,380,41.30_41.35_41.40_41.50_41.60_,23_3_1_2_14_,41.25_41.20_41.15_41.10_41.05_,27_56_1_5_160_
12:27:31,41.30,1,380,41.30_41.35_41.40_41.50_41.60_,23_3_1_2_14_,41.25_41.20_41.15_41.10_41.05_,27_56_1_5_160_
12:27:31,41.30,1,380,41.30_41.35_41.40_41.50_41.60_,23_3_1_2_14_,41.25_41.20_41.15_41.10_41.05_,27_56_1_5_160_
12:27:31,41.30,1,380,41.30_41.35_41.40_41.50_41.60_,23_3_1_2_14_,41.25_41.20_41.15_41.10_41.05_,27_56_1_5_160_
12:27:31,41.30,1,380,41.30_41.35_41.40_41.50_41.60_,23_3_1_2_14_,41.25_41.20_41.15_41.10_41.05_,27_56_1_5_160_
12:27:31,41.30,1,380,41.30_41.35_41.40_41.50_41.60_,23_3_1_2_14_,41.25_41.20_41.15_41.10_41.05_,27_56_1_5_160_
12:29:34,41.30,1,380,41.30_41.35_41.40_41.50_41.60_,23_3_2_2_13_,41.25_41.20_41.15_41.10_41.05_,27_56_1_5_160_
12:29:34,41.30,1,380,41.30_41.35_41.40_41.50_41.60_,23_3_2_2_13_,41.25_41.20_41.15_41.10_41.05_,27_56_1_5_160_
12:30:10,41.30,1,380,41.30_41.35_41.40_41.50_41.60_,23_3_2_2_13_,41.25_41.20_41.15_41.10_41.05_,27_55_1_6_160_
12:30:26,41.30,1,380,41.30_41.35_41.40_41.50_41.60_,23_3_2_2_13_,41.25_41.20_41.10_41.05_41.00_,27_55_6_160_48_
12:31:32,41.25,1,381,41.30_41.35_41.40_41.50_41.60_,26_3_2_2_13_,41.25_41.20_41.10_41.05_41.00_,26_55_12_123_82_
12:31:32,41.25,1,381,41.30_41.35_41.40_41.50_41.60_,26_3_2_2_13_,41.25_41.20_41.10_41.05_41.00_,26_55_12_123_82_
12:31:32,41.25,1,381,41.30_41.35_41.40_41.50_41.60_,26_3_2_2_13_,41.25_41.20_41.10_41.05_41.00_,26_55_12_123_82_
12:31:32,41.25,1,381,41.30_41.35_41.40_41.50_41.60_,26_3_2_2_13_,41.25_41.20_41.10_41.05_41.00_,26_55_12_123_82_
12:31:32,41.25,1,381,41.30_41.35_41.40_41.50_41.60_,26_3_2_2_13_,41.25_41.20_41.10_41.05_41.00_,26_55_12_123_82_
12:31:32,41.25,1,381,41.30_41.35_41.40_41.50_41.60_,26_3_2_2_13_,41.25_41.20_41.10_41.05_41.00_,26_55_12_123_82_
12:33:30,41.25,1,382,41.30_41.35_41.40_41.50_41.60_,26_3_2_2_13_,41.25_41.20_41.10_41.05_41.00_,26_55_6_129_82_
12:33:30,41.25,1,382,41.30_41.35_41.40_41.50_41.60_,26_3_2_2_13_,41.25_41.20_41.10_41.05_41.00_,26_55_6_129_82_
12:33:30,41.25,1,382,41.30_41.35_41.40_41.50_41.60_,26_3_2_2_13_,41.25_41.20_41.10_41.05_41.00_,26_55_6_129_82_
12:33:30,41.25,1,382,41.30_41.35_41.40_41.50_41.60_,26_3_2_2_13_,41.25_41.20_41.10_41.05_41.00_,26_55_6_129_82_
12:33:30,41.25,1,382,41.30_41.35_41.40_41.50_41.60_,26_3_2_2_13_,41.25_41.20_41.10_41.05_41.00_,26_55_6_129_82_
12:33:30,41.25,1,382,41.30_41.35_41.40_41.50_41.60_,26_3_2_2_13_,41.25_41.20_41.10_41.05_41.00_,26_55_6_129_82_
12:33:30,41.25,1,382,41.30_41.35_41.40_41.50_41.60_,26_3_2_2_13_,41.25_41.20_41.10_41.05_41.00_,26_55_6_129_82_
12:34:32,41.25,1,382,41.30_41.35_41.40_41.50_41.60_,26_3_2_2_13_,41.25_41.20_41.10_41.05_41.00_,26_55_6_129_84_
12:34:58,41.30,8,391,41.30_41.35_41.40_41.50_41.60_,17_3_2_2_13_,41.25_41.20_41.10_41.05_41.00_,26_55_6_129_84_
12:35:34,41.30,8,391,41.30_41.35_41.40_41.50_41.60_,18_2_2_2_13_,41.25_41.20_41.10_41.05_41.00_,26_55_6_129_84_
12:35:34,41.30,8,391,41.30_41.35_41.40_41.50_41.60_,18_2_2_2_13_,41.25_41.20_41.10_41.05_41.00_,26_55_6_129_84_
12:35:34,41.30,8,391,41.30_41.35_41.40_41.50_41.60_,18_2_2_2_13_,41.25_41.20_41.10_41.05_41.00_,26_55_6_129_84_
12:35:54,41.30,1,392,41.30_41.35_41.40_41.50_41.60_,17_2_2_2_13_,41.25_41.20_41.10_41.05_41.00_,26_55_6_129_84_
12:35:54,41.30,1,392,41.30_41.35_41.40_41.50_41.60_,17_2_2_2_13_,41.25_41.20_41.10_41.05_41.00_,26_55_6_129_84_
12:35:54,41.30,1,392,41.30_41.35_41.40_41.50_41.60_,17_2_2_2_13_,41.25_41.20_41.10_41.05_41.00_,26_55_6_129_84_
12:37:47,41.25,4,396,41.30_41.35_41.40_41.50_41.60_,17_3_1_2_13_,41.25_41.20_41.10_41.05_41.00_,22_55_6_129_84_
12:37:47,41.25,4,396,41.30_41.35_41.40_41.50_41.60_,17_3_1_2_13_,41.25_41.20_41.10_41.05_41.00_,22_55_6_129_84_
12:37:47,41.25,4,396,41.30_41.35_41.40_41.50_41.60_,17_3_1_2_13_,41.25_41.20_41.10_41.05_41.00_,22_55_6_129_84_
12:37:47,41.25,4,396,41.30_41.35_41.40_41.50_41.60_,17_3_1_2_13_,41.25_41.20_41.10_41.05_41.00_,22_55_6_129_84_
12:37:47,41.25,4,396,41.30_41.35_41.40_41.50_41.60_,17_3_1_2_13_,41.25_41.20_41.10_41.05_41.00_,22_55_6_129_84_
12:38:23,41.25,4,396,41.30_41.35_41.40_41.50_41.60_,17_3_1_2_13_,41.25_41.20_41.10_41.05_41.00_,22_56_6_129_84_
12:40:31,41.30,1,397,41.30_41.35_41.40_41.50_41.60_,17_4_1_2_13_,41.25_41.20_41.10_41.05_41.00_,22_56_6_129_85_
12:40:31,41.30,1,397,41.30_41.35_41.40_41.50_41.60_,17_4_1_2_13_,41.25_41.20_41.10_41.05_41.00_,22_56_6_129_85_
12:40:31,41.30,1,397,41.30_41.35_41.40_41.50_41.60_,17_4_1_2_13_,41.25_41.20_41.10_41.05_41.00_,22_56_6_129_85_
12:40:31,41.30,1,397,41.30_41.35_41.40_41.50_41.60_,17_4_1_2_13_,41.25_41.20_41.10_41.05_41.00_,22_56_6_129_85_
12:42:13,41.30,1,398,41.30_41.35_41.40_41.50_41.60_,16_4_1_2_13_,41.25_41.20_41.10_41.05_41.00_,22_56_6_129_85_
12:42:13,41.30,1,398,41.30_41.35_41.40_41.50_41.60_,16_4_1_2_13_,41.25_41.20_41.10_41.05_41.00_,22_56_6_129_85_
12:42:29,41.30,15,413,41.30_41.35_41.40_41.50_41.60_,1_4_1_2_13_,41.25_41.20_41.10_41.05_41.00_,22_56_6_129_85_
12:42:34,41.30,2,415,41.35_41.40_41.50_41.60_41.65_,3_1_2_13_9_,41.30_41.25_41.20_41.10_41.05_,1_22_56_12_123_
12:43:51,41.35,1,416,41.35_41.40_41.50_41.60_41.65_,2_1_2_10_12_,41.30_41.25_41.20_41.15_41.10_,21_61_8_3_150_
12:43:56,41.35,1,416,41.35_41.40_41.50_41.60_41.65_,2_1_2_10_12_,41.30_41.25_41.20_41.15_41.10_,21_63_6_3_150_
12:43:56,41.35,1,416,41.35_41.40_41.50_41.60_41.65_,2_1_2_10_12_,41.30_41.25_41.20_41.15_41.10_,21_63_6_3_150_
12:44:16,41.35,1,416,41.35_41.40_41.50_41.60_41.65_,4_1_2_10_12_,41.30_41.25_41.20_41.15_41.10_,21_63_6_3_150_
12:45:44,41.35,1,417,41.35_41.40_41.50_41.60_41.65_,3_1_2_10_12_,41.30_41.25_41.20_41.15_41.10_,21_63_8_9_144_
12:47:06,41.35,1,418,41.35_41.40_41.50_41.60_41.65_,4_1_2_10_12_,41.30_41.25_41.20_41.15_41.10_,25_63_8_9_144_
12:47:06,41.35,1,418,41.35_41.40_41.50_41.60_41.65_,4_1_2_10_12_,41.30_41.25_41.20_41.15_41.10_,25_63_8_9_144_
12:47:06,41.35,1,418,41.35_41.40_41.50_41.60_41.65_,4_1_2_10_12_,41.30_41.25_41.20_41.15_41.10_,25_63_8_9_144_
12:47:06,41.35,1,418,41.35_41.40_41.50_41.60_41.65_,4_1_2_10_12_,41.30_41.25_41.20_41.15_41.10_,25_63_8_9_144_
12:47:31,41.35,1,418,41.35_41.40_41.50_41.60_41.65_,4_1_2_10_12_,41.30_41.25_41.20_41.15_41.10_,28_63_8_9_144_
12:48:28,41.35,1,418,41.35_41.40_41.50_41.60_41.65_,4_1_2_10_12_,41.30_41.25_41.20_41.15_41.10_,25_62_8_9_144_
12:49:50,41.35,1,418,41.35_41.40_41.50_41.60_41.65_,5_1_2_10_12_,41.30_41.25_41.20_41.15_41.10_,25_62_8_9_144_
12:49:50,41.35,1,418,41.35_41.40_41.50_41.60_41.65_,5_1_2_10_12_,41.30_41.25_41.20_41.15_41.10_,25_62_8_9_144_
12:49:50,41.35,1,418,41.35_41.40_41.50_41.60_41.65_,5_1_2_10_12_,41.30_41.25_41.20_41.15_41.10_,25_62_8_9_144_
12:49:50,41.35,1,418,41.35_41.40_41.50_41.60_41.65_,5_1_2_10_12_,41.30_41.25_41.20_41.15_41.10_,25_62_8_9_144_
12:49:50,41.35,1,418,41.35_41.40_41.50_41.60_41.65_,5_1_2_10_12_,41.30_41.25_41.20_41.15_41.10_,25_62_8_9_144_
12:52:13,41.35,1,418,41.35_41.40_41.50_41.60_41.65_,6_1_2_10_12_,41.30_41.25_41.20_41.15_41.10_,26_62_8_3_150_
12:53:25,41.35,1,418,41.35_41.40_41.50_41.60_41.65_,7_1_2_10_12_,41.30_41.25_41.20_41.15_41.10_,26_62_8_3_150_
12:53:25,41.35,1,418,41.35_41.40_41.50_41.60_41.65_,7_1_2_10_12_,41.30_41.25_41.20_41.15_41.10_,26_62_8_3_150_
12:53:25,41.35,1,418,41.35_41.40_41.50_41.60_41.65_,7_1_2_10_12_,41.30_41.25_41.20_41.15_41.10_,26_62_8_3_150_
12:54:42,41.35,1,418,41.35_41.40_41.50_41.60_41.65_,8_1_2_10_12_,41.30_41.25_41.20_41.15_41.10_,26_62_8_3_150_
12:56:09,41.35,1,418,41.35_41.40_41.50_41.60_41.65_,8_1_2_10_12_,41.30_41.25_41.20_41.15_41.10_,26_63_8_3_150_
12:56:09,41.35,1,418,41.35_41.40_41.50_41.60_41.65_,8_1_2_10_12_,41.30_41.25_41.20_41.15_41.10_,26_63_8_3_150_
12:56:09,41.35,1,418,41.35_41.40_41.50_41.60_41.65_,8_1_2_10_12_,41.30_41.25_41.20_41.15_41.10_,26_63_8_3_150_
12:56:09,41.35,1,418,41.35_41.40_41.50_41.60_41.65_,8_1_2_10_12_,41.30_41.25_41.20_41.15_41.10_,26_63_8_3_150_
12:57:21,41.35,1,418,41.35_41.40_41.50_41.60_41.65_,13_1_2_10_12_,41.30_41.25_41.20_41.15_41.10_,26_63_9_3_150_
12:58:23,41.35,1,418,41.35_41.40_41.50_41.60_41.65_,15_1_2_10_12_,41.30_41.25_41.20_41.15_41.10_,25_63_9_3_150_
12:58:28,41.30,1,419,41.35_41.40_41.50_41.60_41.65_,15_1_2_10_12_,41.30_41.25_41.20_41.15_41.10_,24_63_9_3_150_
12:58:53,41.30,1,419,41.35_41.40_41.50_41.60_41.65_,15_1_2_10_12_,41.30_41.25_41.20_41.15_41.10_,25_62_9_3_150_
