09:00:11,27.20,19,147,27.25_27.30_27.35_27.40_27.45_,17_38_12_35_43_,27.20_27.15_27.10_27.05_27.00_,11_1_24_7_65_
09:00:47,27.20,10,163,27.25_27.30_27.35_27.40_27.45_,11_48_12_45_43_,27.20_27.15_27.10_27.05_27.00_,1_1_21_7_65_
09:00:52,27.20,3,166,27.20_27.25_27.30_27.35_27.40_,7_11_48_12_45_,27.15_27.10_27.05_27.00_26.95_,1_21_7_65_8_
09:01:17,27.20,7,177,27.20_27.25_27.30_27.35_27.40_,3_12_48_11_45_,27.15_27.10_27.05_27.00_26.95_,1_21_7_65_8_
09:01:27,27.20,5,183,27.25_27.30_27.35_27.40_27.45_,12_49_16_45_45_,27.10_27.05_27.00_26.95_26.90_,21_7_65_8_22_
09:01:38,27.20,5,183,27.25_27.30_27.35_27.40_27.45_,12_48_12_50_47_,27.15_27.10_27.05_27.00_26.95_,20_31_7_65_8_
09:01:48,27.20,5,183,27.25_27.30_27.35_27.40_27.45_,12_48_11_51_47_,27.15_27.10_27.05_27.00_26.95_,30_21_7_65_8_
09:01:58,27.20,5,183,27.20_27.25_27.30_27.35_27.40_,58_12_48_12_50_,27.15_27.10_27.05_27.00_26.95_,31_21_7_65_8_
09:02:08,27.20,1,186,27.20_27.25_27.30_27.35_27.40_,57_12_48_12_50_,27.15_27.10_27.05_27.00_26.95_,53_21_7_65_8_
09:02:19,27.20,1,187,27.20_27.25_27.30_27.35_27.40_,56_12_48_12_50_,27.15_27.10_27.05_27.00_26.95_,53_21_7_65_58_
09:02:29,27.20,10,197,27.20_27.25_27.30_27.35_27.40_,46_12_48_15_50_,27.15_27.10_27.05_27.00_26.95_,54_21_7_65_59_
09:02:39,27.20,1,198,27.20_27.25_27.30_27.35_27.40_,45_12_48_15_50_,27.15_27.10_27.05_27.00_26.95_,54_21_7_67_59_
09:02:49,27.20,2,200,27.20_27.25_27.30_27.35_27.40_,44_12_48_15_50_,27.15_27.10_27.05_27.00_26.95_,54_21_7_67_59_
09:03:00,27.20,2,215,27.20_27.25_27.30_27.35_27.40_,42_12_48_15_50_,27.15_27.10_27.05_27.00_26.95_,42_21_7_67_59_
09:03:20,27.20,3,228,27.20_27.25_27.30_27.35_27.40_,39_11_48_15_51_,27.15_27.10_27.05_27.00_26.95_,44_21_7_69_59_
09:03:30,27.20,10,238,27.20_27.25_27.30_27.35_27.40_,29_11_48_17_51_,27.15_27.10_27.05_27.00_26.95_,44_21_7_69_59_
09:03:35,27.15,1,239,27.20_27.25_27.30_27.35_27.40_,29_11_48_17_51_,27.15_27.10_27.05_27.00_26.95_,43_21_7_69_59_
09:03:51,27.20,1,249,27.20_27.25_27.30_27.35_27.40_,20_10_48_17_51_,27.15_27.10_27.05_27.00_26.95_,42_21_7_70_59_
09:04:01,27.20,10,259,27.20_27.25_27.30_27.35_27.40_,1_10_48_17_51_,27.15_27.10_27.05_27.00_26.95_,42_21_7_70_59_
09:04:06,27.20,1,260,27.25_27.30_27.35_27.40_27.45_,10_48_17_51_58_,27.20_27.15_27.10_27.05_27.00_,9_42_21_7_70_
09:04:22,27.20,1,260,27.25_27.30_27.35_27.40_27.45_,10_46_16_47_62_,27.20_27.15_27.10_27.05_27.00_,9_42_21_7_70_
09:05:08,27.15,1,272,27.20_27.25_27.30_27.35_27.40_,2_26_46_16_52_,27.15_27.10_27.05_27.00_26.95_,40_21_7_70_59_
09:05:13,27.15,10,282,27.20_27.25_27.30_27.35_27.40_,2_26_46_16_52_,27.15_27.10_27.05_27.00_26.95_,35_21_7_70_59_
09:05:28,27.15,10,282,27.20_27.25_27.30_27.35_27.40_,6_26_46_16_52_,27.15_27.10_27.05_27.00_26.95_,35_21_7_70_59_
09:05:49,27.15,1,283,27.20_27.25_27.30_27.35_27.40_,7_26_46_16_52_,27.15_27.10_27.05_27.00_26.95_,34_21_7_70_59_
09:05:54,27.15,1,283,27.20_27.25_27.30_27.35_27.40_,10_20_46_16_52_,27.15_27.10_27.05_27.00_26.95_,34_21_7_70_59_
09:06:09,27.15,5,293,27.20_27.25_27.30_27.35_27.40_,20_11_46_17_51_,27.15_27.10_27.05_27.00_26.95_,29_21_7_70_59_
09:06:15,27.15,5,293,27.20_27.25_27.30_27.35_27.40_,20_11_46_16_52_,27.15_27.10_27.05_27.00_26.95_,29_21_7_70_59_
09:06:25,27.15,1,294,27.20_27.25_27.30_27.35_27.40_,20_11_46_16_52_,27.15_27.10_27.05_27.00_26.95_,28_21_7_70_59_
09:06:50,27.15,1,294,27.20_27.25_27.30_27.35_27.40_,21_11_46_16_52_,27.15_27.10_27.05_27.00_26.95_,28_21_7_70_9_
09:07:01,27.15,20,314,27.20_27.25_27.30_27.35_27.40_,21_11_46_16_52_,27.15_27.10_27.05_27.00_26.95_,8_21_7_70_9_
09:07:11,27.15,1,315,27.20_27.25_27.30_27.35_27.40_,21_11_46_16_52_,27.15_27.10_27.05_27.00_26.95_,7_21_7_70_9_
09:07:31,27.10,1,326,27.15_27.20_27.25_27.30_27.35_,12_21_11_46_22_,27.10_27.05_27.00_26.95_26.90_,18_10_70_9_27_
09:07:47,27.10,2,328,27.15_27.20_27.25_27.30_27.35_,19_21_11_46_22_,27.10_27.05_27.00_26.95_26.90_,18_10_70_9_27_
09:08:18,27.10,1,330,27.15_27.20_27.25_27.30_27.35_,18_6_11_46_22_,27.10_27.05_27.00_26.95_26.90_,20_10_70_10_27_
09:08:28,27.10,20,351,27.15_27.20_27.25_27.30_27.35_,18_6_13_46_22_,27.10_27.05_27.00_26.95_26.90_,1_10_70_10_27_
09:08:38,27.10,1,352,27.10_27.15_27.20_27.25_27.30_,1_19_6_13_52_,27.05_27.00_26.95_26.90_26.85_,23_71_10_24_25_
09:08:48,27.10,1,352,27.10_27.15_27.20_27.25_27.30_,3_19_6_13_52_,27.05_27.00_26.95_26.90_26.85_,23_71_30_24_25_
09:08:59,27.10,1,353,27.10_27.15_27.20_27.25_27.30_,3_19_6_13_52_,27.05_27.00_26.95_26.90_26.85_,23_67_30_44_25_
09:09:24,27.10,1,354,27.10_27.15_27.20_27.25_27.30_,24_13_7_13_52_,27.05_27.00_26.95_26.90_26.85_,20_67_30_44_25_
09:09:40,27.05,20,374,27.05_27.10_27.15_27.20_27.25_,10_24_14_7_13_,27.00_26.95_26.90_26.85_26.80_,66_30_44_25_99_
09:10:10,27.05,1,397,27.10_27.15_27.20_27.25_27.30_,24_13_6_13_52_,27.05_27.00_26.95_26.90_26.85_,8_54_30_44_25_
09:10:20,27.00,39,436,27.05_27.10_27.15_27.20_27.25_,8_24_13_6_19_,27.00_26.95_26.90_26.85_26.80_,34_30_44_25_101_
09:10:46,27.05,1,452,27.05_27.10_27.15_27.20_27.25_,7_29_12_6_45_,27.00_26.95_26.90_26.85_26.80_,36_30_44_25_101_
09:10:56,27.05,1,453,27.05_27.10_27.15_27.20_27.25_,8_28_12_6_45_,27.00_26.95_26.90_26.85_26.80_,36_30_44_25_101_
09:11:07,27.05,9,463,27.05_27.10_27.15_27.20_27.25_,8_30_12_6_45_,27.00_26.95_26.90_26.85_26.80_,35_30_44_25_101_
09:11:17,27.05,9,474,27.10_27.15_27.20_27.25_27.30_,24_12_6_45_46_,27.05_27.00_26.95_26.90_26.85_,1_36_30_47_35_
09:11:48,27.00,2,492,27.10_27.15_27.20_27.25_27.30_,23_12_6_45_46_,27.00_26.95_26.90_26.85_26.80_,35_30_47_35_105_
09:11:58,27.00,8,500,27.10_27.15_27.20_27.25_27.30_,23_12_6_45_46_,27.00_26.95_26.90_26.85_26.80_,27_30_47_35_106_
09:12:18,27.00,8,500,27.10_27.15_27.20_27.25_27.30_,29_12_6_45_46_,27.05_27.00_26.95_26.90_26.85_,5_25_30_47_35_
09:12:28,27.00,8,500,27.10_27.15_27.20_27.25_27.30_,29_12_6_39_52_,27.05_27.00_26.95_26.90_26.85_,5_25_30_48_35_
09:12:39,27.00,2,507,27.05_27.10_27.15_27.20_27.25_,20_29_12_6_45_,27.00_26.95_26.90_26.85_26.80_,23_30_48_45_106_
09:13:20,27.00,1,537,27.00_27.05_27.10_27.15_27.20_,4_9_29_12_12_,26.95_26.90_26.85_26.80_26.75_,30_48_45_106_1_
09:13:30,27.00,4,541,27.05_27.10_27.15_27.20_27.25_,7_29_12_12_42_,26.95_26.90_26.85_26.80_26.75_,30_48_45_98_1_
09:13:45,27.00,10,577,27.05_27.10_27.15_27.20_27.25_,7_29_12_12_42_,27.00_26.95_26.90_26.85_26.80_,5_11_48_45_98_
09:14:21,27.00,10,588,27.05_27.10_27.15_27.20_27.25_,7_29_12_21_48_,27.00_26.95_26.90_26.85_26.80_,12_20_49_45_99_
09:14:26,27.00,3,591,27.05_27.10_27.15_27.20_27.25_,7_29_12_21_48_,27.00_26.95_26.90_26.85_26.80_,12_20_49_45_99_
09:14:37,27.00,3,591,27.05_27.10_27.15_27.20_27.25_,7_29_12_21_48_,27.00_26.95_26.90_26.85_26.80_,13_20_49_45_99_
09:14:57,27.00,1,602,27.00_27.05_27.10_27.15_27.20_,12_7_34_12_27_,26.95_26.90_26.85_26.80_26.75_,20_57_46_99_1_
09:15:07,27.00,1,613,27.00_27.05_27.10_27.15_27.20_,1_7_34_12_27_,26.95_26.90_26.85_26.80_26.75_,23_57_46_99_1_
09:15:18,27.00,1,614,27.00_27.05_27.10_27.15_27.20_,2_7_34_12_27_,26.95_26.90_26.85_26.80_26.75_,23_57_46_99_1_
09:15:23,27.00,1,614,27.00_27.05_27.10_27.15_27.20_,2_7_34_12_32_,26.95_26.90_26.85_26.80_26.75_,24_57_46_99_1_
09:15:38,27.00,2,616,27.05_27.10_27.15_27.20_27.25_,7_34_12_32_42_,27.00_26.95_26.90_26.85_26.80_,10_24_57_46_99_
09:15:48,27.00,2,616,27.05_27.10_27.15_27.20_27.25_,7_34_12_31_48_,27.00_26.95_26.90_26.85_26.80_,19_21_57_46_100_
09:15:59,27.00,3,619,27.05_27.10_27.15_27.20_27.25_,7_34_12_31_48_,27.00_26.95_26.90_26.85_26.80_,16_21_57_47_100_
09:16:19,27.05,6,626,27.10_27.15_27.20_27.25_27.30_,35_12_31_47_86_,27.05_27.00_26.95_26.90_26.85_,14_23_41_57_47_
09:16:29,27.05,3,629,27.10_27.15_27.20_27.25_27.30_,35_12_56_39_92_,27.05_27.00_26.95_26.90_26.85_,11_24_41_57_47_
09:16:40,27.10,5,634,27.10_27.15_27.20_27.25_27.30_,32_12_56_39_92_,27.05_27.00_26.95_26.90_26.85_,23_29_41_57_47_
09:17:05,27.10,5,634,27.10_27.15_27.20_27.25_27.30_,34_12_57_39_92_,27.05_27.00_26.95_26.90_26.85_,24_29_41_58_47_
09:17:31,27.05,4,638,27.10_27.15_27.20_27.25_27.30_,34_2_57_39_92_,27.05_27.00_26.95_26.90_26.85_,20_29_43_56_47_
09:17:46,27.05,4,638,27.10_27.15_27.20_27.25_27.30_,34_2_57_39_90_,27.05_27.00_26.95_26.90_26.85_,20_30_43_55_47_
09:18:07,27.05,4,638,27.10_27.15_27.20_27.25_27.30_,34_2_57_39_90_,27.05_27.00_26.95_26.90_26.85_,20_32_43_54_47_
09:18:27,27.05,2,640,27.10_27.15_27.20_27.25_27.30_,34_2_57_39_90_,27.05_27.00_26.95_26.90_26.85_,19_32_44_54_47_
09:18:38,27.05,24,664,27.05_27.10_27.15_27.20_27.25_,26_34_2_56_39_,27.00_26.95_26.90_26.85_26.80_,32_44_54_47_104_
09:18:43,27.05,24,664,27.05_27.10_27.15_27.20_27.25_,26_34_2_56_45_,27.00_26.95_26.90_26.85_26.80_,30_44_54_47_104_
09:18:53,27.05,24,664,27.05_27.10_27.15_27.20_27.25_,26_34_1_56_45_,27.00_26.95_26.90_26.85_26.80_,30_44_54_47_104_
09:19:08,27.05,5,670,27.05_27.10_27.15_27.20_27.25_,22_34_1_56_45_,27.00_26.95_26.90_26.85_26.80_,34_44_54_47_104_
09:19:18,27.05,5,670,27.05_27.10_27.15_27.20_27.25_,22_34_1_56_45_,27.00_26.95_26.90_26.85_26.80_,34_44_55_47_104_
09:19:34,27.00,15,685,27.05_27.10_27.15_27.20_27.25_,22_34_1_56_45_,27.00_26.95_26.90_26.85_26.80_,19_44_55_47_104_
09:19:49,27.00,15,685,27.05_27.10_27.15_27.20_27.25_,22_34_1_56_45_,27.00_26.95_26.90_26.85_26.80_,19_45_55_47_104_
09:19:59,27.00,3,688,27.05_27.10_27.15_27.20_27.25_,23_34_1_56_45_,27.00_26.95_26.90_26.85_26.80_,16_45_55_47_104_
09:20:04,27.00,3,691,27.05_27.10_27.15_27.20_27.25_,23_34_1_56_45_,27.00_26.95_26.90_26.85_26.80_,13_45_55_47_104_
09:20:30,27.00,18,710,27.00_27.05_27.10_27.15_27.20_,7_27_34_1_56_,26.95_26.90_26.85_26.80_26.75_,45_55_47_102_1_
09:20:40,26.95,7,739,27.05_27.10_27.15_27.20_27.25_,38_34_1_62_43_,26.95_26.90_26.85_26.80_26.75_,18_55_47_98_1_
09:21:11,26.95,1,747,27.00_27.05_27.10_27.15_27.20_,20_38_33_1_62_,26.95_26.90_26.85_26.80_26.75_,10_54_48_98_1_
09:21:47,27.00,1,748,27.00_27.05_27.10_27.15_27.20_,21_37_33_6_62_,26.95_26.90_26.85_26.80_26.75_,25_54_68_99_31_
09:21:57,26.95,1,753,27.00_27.05_27.10_27.15_27.20_,18_37_33_6_62_,26.95_26.90_26.85_26.80_26.75_,24_55_68_99_31_
09:22:08,26.95,1,753,27.00_27.05_27.10_27.15_27.20_,19_37_33_6_62_,26.95_26.90_26.85_26.80_26.75_,34_55_68_99_31_
09:22:59,27.00,10,782,27.05_27.10_27.15_27.20_27.25_,37_35_6_62_42_,26.95_26.90_26.85_26.80_26.75_,18_55_68_99_51_
09:23:20,26.90,5,807,26.95_27.00_27.05_27.10_27.15_,14_2_37_35_12_,26.90_26.85_26.80_26.75_26.70_,50_68_99_51_42_
09:23:40,26.95,1,811,26.95_27.00_27.05_27.10_27.15_,13_8_37_35_12_,26.90_26.85_26.80_26.75_26.70_,53_68_100_51_42_
09:24:06,27.00,7,889,27.00_27.05_27.10_27.15_27.20_,7_37_35_6_64_,26.95_26.90_26.85_26.80_26.75_,2_12_68_100_51_
09:24:16,26.90,8,912,26.90_26.95_27.00_27.05_27.10_,32_4_7_37_41_,26.85_26.80_26.75_26.70_26.65_,68_100_51_37_2_
09:24:26,26.90,10,923,26.90_26.95_27.00_27.05_27.10_,27_4_8_37_41_,26.85_26.80_26.75_26.70_26.65_,68_100_51_37_2_
09:24:47,26.85,15,938,26.90_26.95_27.00_27.05_27.10_,28_4_13_37_41_,26.85_26.80_26.75_26.70_26.65_,53_100_51_37_2_
09:24:57,26.85,7,948,26.90_26.95_27.00_27.05_27.10_,33_4_13_37_36_,26.85_26.80_26.75_26.70_26.65_,45_99_51_37_2_
09:25:07,26.85,25,974,26.90_26.95_27.00_27.05_27.10_,33_5_13_37_36_,26.85_26.80_26.75_26.70_26.65_,27_99_51_37_2_
09:25:28,26.80,56,1032,26.85_26.90_26.95_27.00_27.05_,62_28_5_33_43_,26.80_26.75_26.70_26.65_26.60_,85_51_38_3_12_
09:25:48,26.80,5,1049,26.85_26.90_26.95_27.00_27.05_,35_27_5_33_43_,26.80_26.75_26.70_26.65_26.60_,89_51_37_3_12_
09:25:59,26.80,25,1069,26.85_26.90_26.95_27.00_27.05_,36_27_25_33_43_,26.80_26.75_26.70_26.65_26.60_,73_51_37_5_12_
09:26:09,26.80,12,1155,26.80_26.85_26.90_26.95_27.00_,39_17_27_21_39_,26.75_26.70_26.65_26.60_26.55_,51_37_5_11_14_
09:26:19,26.75,1,1156,26.80_26.85_26.90_26.95_27.00_,21_16_27_21_39_,26.75_26.70_26.65_26.60_26.55_,30_38_5_12_14_
09:26:29,26.75,15,1173,26.80_26.85_26.90_26.95_27.00_,27_16_27_21_39_,26.75_26.70_26.65_26.60_26.55_,26_38_5_12_17_
09:26:50,26.75,2,1203,26.80_26.85_26.90_26.95_27.00_,24_3_27_21_39_,26.75_26.70_26.65_26.60_26.55_,23_38_5_13_17_
09:27:00,26.80,10,1213,26.80_26.85_26.90_26.95_27.00_,17_3_27_21_44_,26.75_26.70_26.65_26.60_26.55_,33_38_8_13_17_
09:27:21,26.80,5,1233,26.80_26.85_26.90_26.95_27.00_,9_3_28_21_44_,26.75_26.70_26.65_26.60_26.55_,47_48_10_13_17_
09:27:31,26.80,6,1239,26.80_26.85_26.90_26.95_27.00_,4_3_28_21_44_,26.75_26.70_26.65_26.60_26.55_,47_50_10_14_17_
09:27:36,26.80,6,1239,26.80_26.85_26.90_26.95_27.00_,4_3_28_21_44_,26.75_26.70_26.65_26.60_26.55_,47_50_20_14_17_
09:27:46,26.80,5,1244,26.85_26.90_26.95_27.00_27.05_,3_28_21_38_47_,26.80_26.75_26.70_26.65_26.60_,2_50_49_20_14_
09:27:56,26.90,4,1248,26.90_26.95_27.00_27.05_27.10_,27_22_38_43_30_,26.80_26.75_26.70_26.65_26.60_,12_50_49_18_24_
09:28:37,26.80,7,1272,26.85_26.90_26.95_27.00_27.05_,15_37_22_39_43_,26.75_26.70_26.65_26.60_26.55_,50_60_18_26_17_
09:28:48,26.80,7,1272,26.80_26.85_26.90_26.95_27.00_,7_17_36_22_45_,26.75_26.70_26.65_26.60_26.55_,50_60_18_27_17_
09:28:58,26.75,10,1282,26.80_26.85_26.90_26.95_27.00_,7_17_37_22_45_,26.75_26.70_26.65_26.60_26.55_,42_60_18_27_17_
09:29:28,26.75,8,1302,26.85_26.90_26.95_27.00_27.05_,2_37_22_39_47_,26.75_26.70_26.65_26.60_26.55_,40_61_18_28_17_
09:29:39,26.75,1,1303,26.80_26.85_26.90_26.95_27.00_,7_7_37_22_39_,26.75_26.70_26.65_26.60_26.55_,40_61_20_28_27_
09:29:44,26.75,1,1303,26.80_26.85_26.90_26.95_27.00_,7_7_37_22_45_,26.75_26.70_26.65_26.60_26.55_,40_60_20_27_27_
09:29:59,26.80,1,1304,26.80_26.85_26.90_26.95_27.00_,6_7_37_22_47_,26.75_26.70_26.65_26.60_26.55_,40_60_20_29_28_
09:30:09,26.75,15,1330,26.80_26.85_26.90_26.95_27.00_,6_7_37_22_47_,26.75_26.70_26.65_26.60_26.55_,15_60_20_29_28_
09:30:20,26.80,1,1334,26.80_26.85_26.90_26.95_27.00_,5_7_38_22_47_,26.75_26.70_26.65_26.60_26.55_,12_60_20_29_28_
09:30:30,26.80,1,1334,26.80_26.85_26.90_26.95_27.00_,5_7_38_22_47_,26.75_26.70_26.65_26.60_26.55_,24_61_20_29_28_
09:30:40,26.80,3,1337,26.80_26.85_26.90_26.95_27.00_,2_7_38_22_47_,26.75_26.70_26.65_26.60_26.55_,25_61_20_29_28_
09:30:50,26.80,4,1341,26.85_26.90_26.95_27.00_27.05_,7_38_22_47_41_,26.80_26.75_26.70_26.65_26.60_,9_25_61_20_29_
09:30:56,26.80,4,1341,26.85_26.90_26.95_27.00_27.05_,7_38_22_47_41_,26.80_26.75_26.70_26.65_26.60_,10_25_61_20_29_
09:31:06,26.80,4,1341,26.85_26.90_26.95_27.00_27.05_,7_39_22_41_47_,26.80_26.75_26.70_26.65_26.60_,30_26_61_20_27_
09:31:16,26.80,1,1342,26.85_26.90_26.95_27.00_27.05_,7_39_22_41_47_,26.80_26.75_26.70_26.65_26.60_,30_26_61_30_27_
09:31:26,26.80,1,1342,26.85_26.90_26.95_27.00_27.05_,7_39_22_41_47_,26.80_26.75_26.70_26.65_26.60_,31_31_61_30_27_
09:31:36,26.80,8,1350,26.85_26.90_26.95_27.00_27.05_,7_39_22_41_47_,26.80_26.75_26.70_26.65_26.60_,23_31_61_30_27_
09:32:02,26.80,1,1351,26.85_26.90_26.95_27.00_27.05_,7_39_22_41_47_,26.80_26.75_26.70_26.65_26.60_,23_31_61_30_27_
09:32:17,26.80,1,1351,26.85_26.90_26.95_27.00_27.05_,7_39_22_41_47_,26.80_26.75_26.70_26.65_26.60_,24_33_62_30_27_
09:32:38,26.80,5,1356,26.85_26.90_26.95_27.00_27.05_,12_38_22_41_47_,26.80_26.75_26.70_26.65_26.60_,22_33_62_30_27_
09:32:48,26.80,5,1356,26.85_26.90_26.95_27.00_27.05_,12_38_22_41_47_,26.80_26.75_26.70_26.65_26.60_,23_32_60_28_27_
09:33:08,26.85,5,1382,26.85_26.90_26.95_27.00_27.05_,13_38_22_41_47_,26.80_26.75_26.70_26.65_26.60_,3_32_61_28_27_
09:33:19,26.75,10,1393,26.85_26.90_26.95_27.00_27.05_,12_38_22_41_47_,26.75_26.70_26.65_26.60_26.55_,25_61_28_27_28_
09:33:29,26.75,10,1393,26.85_26.90_26.95_27.00_27.05_,12_38_22_41_47_,26.80_26.75_26.70_26.65_26.60_,1_25_62_28_27_
09:34:25,26.85,5,1401,26.85_26.90_26.95_27.00_27.05_,7_38_22_41_47_,26.80_26.75_26.70_26.65_26.60_,3_28_62_28_27_
09:34:36,26.85,1,1409,26.90_26.95_27.00_27.05_27.10_,38_22_41_37_32_,26.85_26.80_26.75_26.70_26.65_,4_8_27_72_28_
09:34:56,26.90,5,1420,26.90_26.95_27.00_27.05_27.10_,35_22_39_43_26_,26.85_26.80_26.75_26.70_26.65_,7_6_27_69_28_
09:35:06,26.90,1,1421,26.90_26.95_27.00_27.05_27.10_,34_22_39_37_32_,26.85_26.80_26.75_26.70_26.65_,7_8_27_69_28_
09:35:47,26.85,2,1423,26.90_26.95_27.00_27.05_27.10_,39_22_49_37_32_,26.85_26.80_26.75_26.70_26.65_,5_15_17_79_28_
09:36:28,26.80,2,1430,26.85_26.90_26.95_27.00_27.05_,12_39_22_49_43_,26.80_26.75_26.70_26.65_26.60_,18_17_79_28_30_
09:36:44,26.80,2,1430,26.85_26.90_26.95_27.00_27.05_,17_39_22_49_43_,26.80_26.75_26.70_26.65_26.60_,18_17_79_28_30_
09:36:59,26.80,2,1430,26.85_26.90_26.95_27.00_27.05_,17_39_22_49_43_,26.80_26.75_26.70_26.65_26.60_,18_17_79_28_32_
09:37:25,26.80,2,1430,26.85_26.90_26.95_27.00_27.05_,19_39_22_59_43_,26.80_26.75_26.70_26.65_26.60_,19_13_79_28_32_
09:37:40,26.80,4,1434,26.85_26.90_26.95_27.00_27.05_,19_39_22_59_43_,26.80_26.75_26.70_26.65_26.60_,15_13_79_28_32_
09:38:00,26.80,10,1454,26.85_26.90_26.95_27.00_27.05_,9_39_22_59_43_,26.80_26.75_26.70_26.65_26.60_,7_13_79_28_33_
09:38:06,26.80,10,1454,26.85_26.90_26.95_27.00_27.05_,9_39_22_59_43_,26.80_26.75_26.70_26.65_26.60_,17_13_79_28_33_
09:38:36,26.85,1,1455,26.85_26.90_26.95_27.00_27.05_,8_41_22_59_43_,26.80_26.75_26.70_26.65_26.60_,23_25_79_28_33_
09:38:47,26.85,1,1455,26.85_26.90_26.95_27.00_27.05_,4_41_22_59_43_,26.80_26.75_26.70_26.65_26.60_,25_25_79_28_33_
09:39:17,26.85,1,1455,26.85_26.90_26.95_27.00_27.05_,4_41_22_59_43_,26.80_26.75_26.70_26.65_26.60_,25_35_80_28_33_
09:39:32,26.85,1,1455,26.85_26.90_26.95_27.00_27.05_,6_41_22_59_43_,26.80_26.75_26.70_26.65_26.60_,25_35_80_28_33_
09:40:18,26.85,1,1456,26.85_26.90_26.95_27.00_27.05_,8_41_22_69_43_,26.80_26.75_26.70_26.65_26.60_,30_36_80_28_33_
09:40:29,26.85,1,1456,26.85_26.90_26.95_27.00_27.05_,8_41_22_69_43_,26.80_26.75_26.70_26.65_26.60_,39_36_80_28_33_
09:40:49,26.85,1,1457,26.85_26.90_26.95_27.00_27.05_,7_41_22_69_43_,26.80_26.75_26.70_26.65_26.60_,39_36_80_28_33_
09:41:15,26.85,2,1459,26.85_26.90_26.95_27.00_27.05_,5_41_22_69_43_,26.80_26.75_26.70_26.65_26.60_,39_36_80_28_33_
09:41:35,26.85,2,1459,26.85_26.90_26.95_27.00_27.05_,5_41_22_69_43_,26.80_26.75_26.70_26.65_26.60_,41_36_80_28_33_
09:41:56,26.85,5,1464,26.90_26.95_27.00_27.05_27.10_,41_22_69_37_32_,26.85_26.80_26.75_26.70_26.65_,6_42_38_80_28_
09:42:11,26.85,5,1464,26.90_26.95_27.00_27.05_27.10_,41_22_69_37_32_,26.85_26.80_26.75_26.70_26.65_,7_42_38_80_28_
09:42:57,26.85,5,1464,26.90_26.95_27.00_27.05_27.10_,41_22_69_37_32_,26.85_26.80_26.75_26.70_26.65_,7_43_38_80_28_
09:43:17,26.85,5,1464,26.90_26.95_27.00_27.05_27.10_,41_22_69_37_32_,26.85_26.80_26.75_26.70_26.65_,7_43_37_80_28_
09:43:38,26.85,5,1464,26.90_26.95_27.00_27.05_27.10_,41_22_69_37_32_,26.85_26.80_26.75_26.70_26.65_,7_49_37_80_28_
09:43:53,26.85,3,1467,26.90_26.95_27.00_27.05_27.10_,41_22_69_37_32_,26.85_26.80_26.75_26.70_26.65_,5_49_37_80_28_
09:44:09,26.85,2,1469,26.90_26.95_27.00_27.05_27.10_,41_22_69_37_32_,26.85_26.80_26.75_26.70_26.65_,7_49_37_80_28_
09:44:24,26.85,3,1472,26.90_26.95_27.00_27.05_27.10_,41_22_69_37_32_,26.85_26.80_26.75_26.70_26.65_,4_49_37_80_28_
09:44:40,26.85,4,1476,26.90_26.95_27.00_27.05_27.10_,41_22_69_43_26_,26.80_26.75_26.70_26.65_26.60_,49_37_80_31_33_
09:45:05,26.85,1,1477,26.90_26.95_27.00_27.05_27.10_,41_22_69_43_20_,26.80_26.75_26.70_26.65_26.60_,49_37_80_31_33_
09:45:15,26.85,1,1477,26.90_26.95_27.00_27.05_27.10_,43_22_69_43_20_,26.80_26.75_26.70_26.65_26.60_,49_37_80_31_33_
09:46:58,26.85,1,1478,26.85_26.90_26.95_27.00_27.05_,3_43_22_69_43_,26.80_26.75_26.70_26.65_26.60_,53_37_80_31_38_
09:47:03,26.85,1,1478,26.85_26.90_26.95_27.00_27.05_,3_43_22_69_46_,26.80_26.75_26.70_26.65_26.60_,53_37_80_31_38_
09:47:34,26.85,1,1478,26.85_26.90_26.95_27.00_27.05_,3_43_22_69_46_,26.80_26.75_26.70_26.65_26.60_,48_37_80_31_38_
09:48:00,26.85,1,1479,26.85_26.90_26.95_27.00_27.05_,2_43_22_69_46_,26.80_26.75_26.70_26.65_26.60_,49_37_80_31_38_
09:48:10,26.85,1,1479,26.85_26.90_26.95_27.00_27.05_,4_43_22_69_46_,26.80_26.75_26.70_26.65_26.60_,49_37_80_31_38_
09:49:06,26.85,2,1485,26.90_26.95_27.00_27.05_27.10_,43_22_71_40_25_,26.85_26.80_26.75_26.70_26.65_,2_54_42_80_31_
09:49:26,26.85,2,1485,26.90_26.95_27.00_27.05_27.10_,43_22_71_40_25_,26.85_26.80_26.75_26.70_26.65_,2_48_42_80_31_
09:49:37,26.85,1,1486,26.90_26.95_27.00_27.05_27.10_,53_22_71_40_25_,26.85_26.80_26.75_26.70_26.65_,1_48_42_80_31_
09:49:47,26.85,8,1494,26.85_26.90_26.95_27.00_27.05_,17_53_22_71_40_,26.80_26.75_26.70_26.65_26.60_,48_42_80_31_38_
09:49:57,26.85,10,1504,26.85_26.90_26.95_27.00_27.05_,7_43_22_71_46_,26.80_26.75_26.70_26.65_26.60_,48_42_80_31_38_
09:50:07,26.85,10,1504,26.85_26.90_26.95_27.00_27.05_,17_43_22_71_46_,26.80_26.75_26.70_26.65_26.60_,50_42_80_31_38_
09:50:18,26.85,10,1504,26.85_26.90_26.95_27.00_27.05_,19_43_22_71_46_,26.80_26.75_26.70_26.65_26.60_,52_42_80_31_38_
09:50:33,26.80,11,1515,26.85_26.90_26.95_27.00_27.05_,19_43_22_71_46_,26.80_26.75_26.70_26.65_26.60_,41_42_80_31_38_
09:50:59,26.85,1,1516,26.85_26.90_26.95_27.00_27.05_,26_39_7_71_46_,26.80_26.75_26.70_26.65_26.60_,41_42_82_33_38_
09:51:09,26.80,17,1543,26.85_26.90_26.95_27.00_27.05_,26_39_7_71_46_,26.80_26.75_26.70_26.65_26.60_,14_42_82_33_39_
09:51:29,26.80,5,1548,26.85_26.90_26.95_27.00_27.05_,28_39_8_71_46_,26.80_26.75_26.70_26.65_26.60_,9_42_82_33_39_
09:51:50,26.80,9,1557,26.80_26.85_26.90_26.95_27.00_,31_28_39_8_77_,26.75_26.70_26.65_26.60_26.55_,64_82_33_39_28_
09:52:00,26.75,11,1568,26.80_26.85_26.90_26.95_27.00_,31_18_37_8_77_,26.75_26.70_26.65_26.60_26.55_,55_82_33_39_28_
09:52:36,26.75,10,1598,26.80_26.85_26.90_26.95_27.00_,22_18_37_23_77_,26.75_26.70_26.65_26.60_26.55_,26_82_33_37_28_
09:52:41,26.75,10,1598,26.80_26.85_26.90_26.95_27.00_,22_18_37_23_77_,26.75_26.70_26.65_26.60_26.55_,27_82_33_37_28_
09:52:51,26.75,2,1600,26.80_26.85_26.90_26.95_27.00_,22_18_37_23_77_,26.75_26.70_26.65_26.60_26.55_,25_82_33_37_28_
09:53:07,26.75,2,1602,26.80_26.85_26.90_26.95_27.00_,22_18_37_23_77_,26.75_26.70_26.65_26.60_26.55_,25_82_33_37_28_
09:53:12,26.75,2,1602,26.80_26.85_26.90_26.95_27.00_,22_18_37_23_77_,26.75_26.70_26.65_26.60_26.55_,26_82_33_37_28_
09:54:08,26.75,2,1602,26.80_26.85_26.90_26.95_27.00_,29_19_37_23_77_,26.75_26.70_26.65_26.60_26.55_,38_84_33_37_28_
09:54:19,26.75,2,1602,26.80_26.85_26.90_26.95_27.00_,29_19_37_23_77_,26.75_26.70_26.65_26.60_26.55_,38_82_33_37_28_
09:54:29,26.75,5,1607,26.80_26.85_26.90_26.95_27.00_,31_19_35_23_77_,26.75_26.70_26.65_26.60_26.55_,33_82_33_39_28_
09:54:44,26.75,12,1621,26.80_26.85_26.90_26.95_27.00_,31_19_35_23_77_,26.75_26.70_26.65_26.60_26.55_,20_83_33_39_28_
09:55:00,26.75,12,1621,26.80_26.85_26.90_26.95_27.00_,32_19_35_23_77_,26.75_26.70_26.65_26.60_26.55_,20_83_33_39_28_
09:55:10,26.75,12,1621,26.80_26.85_26.90_26.95_27.00_,36_19_35_23_77_,26.75_26.70_26.65_26.60_26.55_,20_84_33_39_28_
09:55:20,26.75,1,1625,26.80_26.85_26.90_26.95_27.00_,30_34_35_23_77_,26.75_26.70_26.65_26.60_26.55_,16_84_33_39_28_
09:55:30,26.75,2,1628,26.80_26.85_26.90_26.95_27.00_,26_34_35_23_77_,26.75_26.70_26.65_26.60_26.55_,13_82_33_39_28_
09:56:06,26.75,12,1645,26.75_26.80_26.85_26.90_26.95_,4_23_34_35_32_,26.70_26.65_26.60_26.55_26.50_,82_33_37_28_61_
09:56:11,26.75,1,1646,26.75_26.80_26.85_26.90_26.95_,3_23_34_35_32_,26.70_26.65_26.60_26.55_26.50_,82_33_37_28_61_
09:56:27,26.75,3,1649,26.75_26.80_26.85_26.90_26.95_,3_23_34_35_32_,26.70_26.65_26.60_26.55_26.50_,85_33_37_28_63_
09:56:57,26.75,2,1652,26.80_26.85_26.90_26.95_27.00_,23_34_35_26_80_,26.70_26.65_26.60_26.55_26.50_,89_33_37_28_63_
09:57:23,26.75,3,1655,26.75_26.80_26.85_26.90_26.95_,7_23_34_35_32_,26.70_26.65_26.60_26.55_26.50_,89_33_37_28_63_
09:57:54,26.75,3,1655,26.75_26.80_26.85_26.90_26.95_,7_23_34_35_32_,26.70_26.65_26.60_26.55_26.50_,89_33_37_29_63_
09:58:19,26.75,9,1664,26.80_26.85_26.90_26.95_27.00_,23_34_35_26_80_,26.75_26.70_26.65_26.60_26.55_,2_88_33_37_29_
09:58:30,26.75,5,1669,26.75_26.80_26.85_26.90_26.95_,1_23_34_35_32_,26.70_26.65_26.60_26.55_26.50_,88_33_37_29_63_
09:58:40,26.75,5,1669,26.80_26.85_26.90_26.95_27.00_,23_34_35_26_80_,26.70_26.65_26.60_26.55_26.50_,88_33_37_29_63_
09:59:10,26.75,6,1676,26.80_26.85_26.90_26.95_27.00_,23_34_35_26_82_,26.75_26.70_26.65_26.60_26.55_,14_112_33_37_29_
09:59:41,26.75,1,1677,26.80_26.85_26.90_26.95_27.00_,23_34_35_26_82_,26.75_26.70_26.65_26.60_26.55_,18_110_53_57_29_
10:00:07,26.75,1,1677,26.80_26.85_26.90_26.95_27.00_,22_34_35_26_82_,26.75_26.70_26.65_26.60_26.55_,21_110_53_57_29_
10:00:22,26.75,1,1677,26.80_26.85_26.90_26.95_27.00_,10_34_35_26_82_,26.75_26.70_26.65_26.60_26.55_,21_110_53_57_29_
10:00:48,26.75,10,1687,26.80_26.85_26.90_26.95_27.00_,10_34_35_26_82_,26.75_26.70_26.65_26.60_26.55_,26_110_53_57_29_
10:00:58,26.75,10,1687,26.80_26.85_26.90_26.95_27.00_,10_34_40_26_82_,26.75_26.70_26.65_26.60_26.55_,31_110_53_58_29_
10:01:19,26.75,10,1687,26.80_26.85_26.90_26.95_27.00_,10_34_40_26_82_,26.75_26.70_26.65_26.60_26.55_,31_109_53_59_29_
10:02:15,26.75,10,1687,26.80_26.85_26.90_26.95_27.00_,11_34_40_26_82_,26.75_26.70_26.65_26.60_26.55_,32_109_53_59_29_
10:03:17,26.75,27,1714,26.80_26.85_26.90_26.95_27.00_,11_34_40_56_82_,26.75_26.70_26.65_26.60_26.55_,8_108_53_59_30_
10:03:47,26.75,7,1721,26.80_26.85_26.90_26.95_27.00_,11_34_40_56_82_,26.75_26.70_26.65_26.60_26.55_,3_108_53_59_29_
10:04:08,26.75,5,1726,26.80_26.85_26.90_26.95_27.00_,21_26_40_56_82_,26.75_26.70_26.65_26.60_26.55_,3_108_53_59_29_
10:04:49,26.75,1,1735,26.75_26.80_26.85_26.90_26.95_,12_21_26_40_62_,26.70_26.65_26.60_26.55_26.50_,108_53_59_29_67_
10:05:20,26.75,2,1747,26.80_26.85_26.90_26.95_27.00_,21_26_40_62_76_,26.75_26.70_26.65_26.60_26.55_,1_114_53_59_39_
10:05:40,26.70,12,1761,26.75_26.80_26.85_26.90_26.95_,1_21_26_40_62_,26.70_26.65_26.60_26.55_26.50_,103_53_61_39_67_
10:06:01,26.70,1,1764,26.75_26.80_26.85_26.90_26.95_,1_21_26_40_63_,26.70_26.65_26.60_26.55_26.50_,102_53_63_39_67_
10:06:06,26.70,1,1764,26.75_26.80_26.85_26.90_26.95_,1_21_26_40_63_,26.70_26.65_26.60_26.55_26.50_,103_53_63_39_67_
10:06:16,26.75,5,1770,26.80_26.85_26.90_26.95_27.00_,21_26_40_57_82_,26.75_26.70_26.65_26.60_26.55_,4_103_53_63_39_
10:06:37,26.75,5,1770,26.80_26.85_26.90_26.95_27.00_,21_26_40_57_92_,26.75_26.70_26.65_26.60_26.55_,4_96_53_63_39_
10:07:08,26.75,5,1775,26.80_26.85_26.90_26.95_27.00_,16_26_40_57_92_,26.75_26.70_26.65_26.60_26.55_,8_96_54_63_39_
10:07:13,26.80,5,1780,26.80_26.85_26.90_26.95_27.00_,11_26_40_57_92_,26.75_26.70_26.65_26.60_26.55_,8_96_54_63_39_
10:07:38,26.75,5,1785,26.80_26.85_26.90_26.95_27.00_,11_26_40_57_92_,26.75_26.70_26.65_26.60_26.55_,5_106_54_63_39_
10:07:44,26.75,5,1785,26.80_26.85_26.90_26.95_27.00_,12_26_35_57_92_,26.75_26.70_26.65_26.60_26.55_,5_106_54_63_39_
10:07:59,26.75,1,1786,26.80_26.85_26.90_26.95_27.00_,12_26_35_57_92_,26.75_26.70_26.65_26.60_26.55_,4_106_54_63_39_
10:08:19,26.75,2,1788,26.80_26.85_26.90_26.95_27.00_,12_26_35_57_92_,26.75_26.70_26.65_26.60_26.55_,2_106_54_63_39_
10:08:50,26.75,2,1790,26.80_26.85_26.90_26.95_27.00_,12_26_35_57_92_,26.75_26.70_26.65_26.60_26.55_,5_106_54_63_39_
10:09:11,26.80,3,1793,26.80_26.85_26.90_26.95_27.00_,9_26_35_57_92_,26.75_26.70_26.65_26.60_26.55_,6_106_54_63_39_
10:09:41,26.80,1,1794,26.80_26.85_26.90_26.95_27.00_,8_26_35_57_92_,26.75_26.70_26.65_26.60_26.55_,7_106_54_63_39_
10:10:27,26.80,1,1794,26.80_26.85_26.90_26.95_27.00_,8_26_35_57_92_,26.75_26.70_26.65_26.60_26.55_,49_108_54_63_39_
10:10:53,26.80,1,1794,26.80_26.85_26.90_26.95_27.00_,8_26_35_57_92_,26.75_26.70_26.65_26.60_26.55_,54_108_54_63_39_
10:11:03,26.80,1,1794,26.80_26.85_26.90_26.95_27.00_,18_26_35_57_92_,26.75_26.70_26.65_26.60_26.55_,57_108_54_63_39_
10:11:24,26.80,1,1794,26.80_26.85_26.90_26.95_27.00_,18_26_35_57_92_,26.75_26.70_26.65_26.60_26.55_,58_108_54_63_39_
10:11:39,26.80,1,1794,26.80_26.85_26.90_26.95_27.00_,29_26_35_57_92_,26.75_26.70_26.65_26.60_26.55_,58_108_54_63_39_
10:12:00,26.80,1,1794,26.80_26.85_26.90_26.95_27.00_,19_26_35_57_92_,26.75_26.70_26.65_26.60_26.55_,58_108_54_63_39_
10:12:30,26.80,2,1797,26.80_26.85_26.90_26.95_27.00_,17_26_35_57_92_,26.75_26.70_26.65_26.60_26.55_,57_108_54_63_39_
10:12:51,26.80,2,1797,26.80_26.85_26.90_26.95_27.00_,18_26_35_57_92_,26.75_26.70_26.65_26.60_26.55_,57_108_54_64_39_
10:13:42,26.80,1,1799,26.80_26.85_26.90_26.95_27.00_,26_26_35_57_92_,26.75_26.70_26.65_26.60_26.55_,59_108_54_64_39_
10:14:08,26.80,1,1800,26.80_26.85_26.90_26.95_27.00_,25_26_35_57_92_,26.75_26.70_26.65_26.60_26.55_,62_108_54_64_39_
10:14:49,26.80,5,1805,26.80_26.85_26.90_26.95_27.00_,21_26_35_57_92_,26.75_26.70_26.65_26.60_26.55_,64_108_54_64_39_
10:14:54,26.75,2,1807,26.80_26.85_26.90_26.95_27.00_,21_26_35_57_92_,26.75_26.70_26.65_26.60_26.55_,65_108_54_64_39_
10:15:50,26.75,2,1807,26.80_26.85_26.90_26.95_27.00_,20_26_35_57_92_,26.75_26.70_26.65_26.60_26.55_,65_108_54_64_39_
10:16:16,26.75,2,1807,26.80_26.85_26.90_26.95_27.00_,20_26_35_57_92_,26.75_26.70_26.65_26.60_26.55_,65_108_54_64_41_
10:16:31,26.75,1,1808,26.80_26.85_26.90_26.95_27.00_,20_26_35_57_92_,26.75_26.70_26.65_26.60_26.55_,65_108_54_64_41_
10:16:57,26.75,1,1808,26.80_26.85_26.90_26.95_27.00_,20_26_35_57_92_,26.75_26.70_26.65_26.60_26.55_,65_111_54_64_41_
10:17:59,26.75,1,1808,26.80_26.85_26.90_26.95_27.00_,20_26_35_57_92_,26.75_26.70_26.65_26.60_26.55_,68_111_54_64_41_
10:18:19,26.75,10,1818,26.80_26.85_26.90_26.95_27.00_,20_26_35_57_92_,26.75_26.70_26.65_26.60_26.55_,59_111_54_64_41_
10:18:45,26.75,10,1818,26.80_26.85_26.90_26.95_27.00_,20_26_35_57_93_,26.75_26.70_26.65_26.60_26.55_,69_111_54_64_41_
10:19:21,26.75,2,1820,26.80_26.85_26.90_26.95_27.00_,20_26_35_57_93_,26.75_26.70_26.65_26.60_26.55_,67_111_54_64_44_
10:19:41,26.80,1,1821,26.80_26.85_26.90_26.95_27.00_,19_26_35_57_93_,26.75_26.70_26.65_26.60_26.55_,67_111_54_64_44_
10:20:01,26.80,2,1823,26.80_26.85_26.90_26.95_27.00_,17_26_35_57_93_,26.75_26.70_26.65_26.60_26.55_,67_111_54_64_44_
10:20:17,26.80,1,1824,26.80_26.85_26.90_26.95_27.00_,16_26_35_57_93_,26.75_26.70_26.65_26.60_26.55_,67_111_54_64_44_
10:20:22,26.80,1,1824,26.80_26.85_26.90_26.95_27.00_,16_26_36_57_93_,26.75_26.70_26.65_26.60_26.55_,67_111_54_64_44_
10:20:37,26.80,1,1824,26.80_26.85_26.90_26.95_27.00_,16_26_36_57_93_,26.75_26.70_26.65_26.60_26.55_,67_111_54_64_44_
10:20:58,26.80,5,1834,26.80_26.85_26.90_26.95_27.00_,6_26_36_57_93_,26.75_26.70_26.65_26.60_26.55_,64_111_54_64_44_
10:21:23,26.80,5,1839,26.80_26.85_26.90_26.95_27.00_,6_26_36_57_93_,26.75_26.70_26.65_26.60_26.55_,74_111_54_64_44_
10:22:30,26.75,2,1842,26.80_26.85_26.90_26.95_27.00_,5_26_36_57_93_,26.75_26.70_26.65_26.60_26.55_,72_111_54_64_44_
10:23:16,26.80,5,1847,26.85_26.90_26.95_27.00_27.05_,26_36_54_87_42_,26.80_26.75_26.70_26.65_26.60_,1_72_111_54_67_
10:23:36,26.80,5,1847,26.85_26.90_26.95_27.00_27.05_,26_36_54_87_42_,26.80_26.75_26.70_26.65_26.60_,3_70_111_54_67_
10:23:57,26.80,5,1847,26.85_26.90_26.95_27.00_27.05_,26_36_54_87_42_,26.80_26.75_26.70_26.65_26.60_,6_70_111_54_67_
10:24:28,26.80,5,1847,26.85_26.90_26.95_27.00_27.05_,26_36_54_87_42_,26.80_26.75_26.70_26.65_26.60_,7_72_111_54_67_
10:24:43,26.80,5,1847,26.85_26.90_26.95_27.00_27.05_,26_36_54_87_42_,26.80_26.75_26.70_26.65_26.60_,8_74_111_54_67_
10:25:09,26.80,8,1855,26.80_26.85_26.90_26.95_27.00_,2_26_36_54_87_,26.75_26.70_26.65_26.60_26.55_,74_111_55_67_44_
10:25:19,26.80,1,1857,26.85_26.90_26.95_27.00_27.05_,26_36_54_94_36_,26.80_26.75_26.70_26.65_26.60_,14_74_111_55_67_
10:25:29,26.80,10,1867,26.85_26.90_26.95_27.00_27.05_,26_36_54_88_42_,26.80_26.75_26.70_26.65_26.60_,5_74_111_55_67_
10:25:40,26.80,10,1867,26.85_26.90_26.95_27.00_27.05_,26_36_54_88_42_,26.80_26.75_26.70_26.65_26.60_,14_74_111_55_67_
10:25:55,26.80,10,1867,26.85_26.90_26.95_27.00_27.05_,26_36_54_88_42_,26.80_26.75_26.70_26.65_26.60_,15_74_111_55_67_
10:26:10,26.80,10,1877,26.85_26.90_26.95_27.00_27.05_,26_36_54_88_42_,26.80_26.75_26.70_26.65_26.60_,6_79_111_55_67_
10:26:21,26.80,1,1878,26.85_26.90_26.95_27.00_27.05_,26_36_54_88_42_,26.80_26.75_26.70_26.65_26.60_,5_79_111_55_67_
10:26:26,26.80,1,1878,26.85_26.90_26.95_27.00_27.05_,28_36_54_88_42_,26.80_26.75_26.70_26.65_26.60_,5_79_111_55_67_
10:26:51,26.80,1,1878,26.85_26.90_26.95_27.00_27.05_,28_36_54_88_42_,26.80_26.75_26.70_26.65_26.60_,5_77_111_55_67_
10:26:57,26.80,1,1878,26.85_26.90_26.95_27.00_27.05_,28_36_54_88_42_,26.80_26.75_26.70_26.65_26.60_,15_77_114_55_67_
10:27:38,26.85,1,1879,26.85_26.90_26.95_27.00_27.05_,32_36_54_88_42_,26.80_26.75_26.70_26.65_26.60_,14_77_114_55_69_
10:27:48,26.80,1,1880,26.85_26.90_26.95_27.00_27.05_,32_36_54_88_42_,26.80_26.75_26.70_26.65_26.60_,13_77_114_55_69_
10:27:58,26.80,10,1890,26.85_26.90_26.95_27.00_27.05_,32_36_54_88_42_,26.80_26.75_26.70_26.65_26.60_,3_77_114_55_69_
10:28:39,26.80,5,1895,26.85_26.90_26.95_27.00_27.05_,32_36_54_88_42_,26.80_26.75_26.70_26.65_26.60_,1_78_114_55_69_
10:28:44,26.80,5,1895,26.85_26.90_26.95_27.00_27.05_,32_36_54_88_42_,26.80_26.75_26.70_26.65_26.60_,1_77_114_55_69_
10:28:54,26.80,5,1895,26.85_26.90_26.95_27.00_27.05_,32_36_54_88_42_,26.80_26.75_26.70_26.65_26.60_,2_77_114_55_69_
10:29:41,26.80,5,1895,26.85_26.90_26.95_27.00_27.05_,32_36_54_88_42_,26.80_26.75_26.70_26.65_26.60_,22_77_114_55_69_
10:30:11,26.80,5,1895,26.85_26.90_26.95_27.00_27.05_,32_36_54_88_42_,26.80_26.75_26.70_26.65_26.60_,27_77_114_55_69_
10:30:37,26.80,5,1895,26.85_26.90_26.95_27.00_27.05_,32_36_54_88_42_,26.80_26.75_26.70_26.65_26.60_,27_72_114_55_69_
10:30:42,26.80,1,1896,26.85_26.90_26.95_27.00_27.05_,32_36_54_88_42_,26.80_26.75_26.70_26.65_26.60_,27_72_114_55_69_
10:31:38,26.80,5,1901,26.85_26.90_26.95_27.00_27.05_,32_36_54_91_42_,26.80_26.75_26.70_26.65_26.60_,25_72_114_55_69_
10:31:49,26.80,2,1928,26.80_26.85_26.90_26.95_27.00_,23_32_36_54_97_,26.75_26.70_26.65_26.60_26.55_,72_114_55_69_44_
10:32:04,26.80,5,1933,26.80_26.85_26.90_26.95_27.00_,18_32_36_54_97_,26.75_26.70_26.65_26.60_26.55_,72_114_55_69_44_
10:32:30,26.80,5,1933,26.80_26.85_26.90_26.95_27.00_,28_32_36_54_97_,26.75_26.70_26.65_26.60_26.55_,70_111_55_69_44_
10:33:00,26.80,2,1935,26.80_26.85_26.90_26.95_27.00_,26_32_36_54_97_,26.75_26.70_26.65_26.60_26.55_,72_109_55_69_44_
10:33:05,26.80,2,1935,26.80_26.85_26.90_26.95_27.00_,26_32_36_54_97_,26.75_26.70_26.65_26.60_26.55_,73_109_55_69_44_
10:33:21,26.80,2,1937,26.80_26.85_26.90_26.95_27.00_,24_32_36_54_97_,26.75_26.70_26.65_26.60_26.55_,73_109_55_69_44_
10:33:46,26.80,5,1961,26.85_26.90_26.95_27.00_27.05_,32_36_59_97_36_,26.80_26.75_26.70_26.65_26.60_,2_73_109_55_69_
10:33:52,26.80,5,1961,26.85_26.90_26.95_27.00_27.05_,32_36_59_91_42_,26.80_26.75_26.70_26.65_26.60_,2_73_109_55_69_
10:34:07,26.80,2,1963,26.85_26.90_26.95_27.00_27.05_,32_36_59_91_42_,26.80_26.75_26.70_26.65_26.60_,8_73_109_55_69_
10:34:28,26.80,2,1963,26.85_26.90_26.95_27.00_27.05_,32_36_59_91_42_,26.80_26.75_26.70_26.65_26.60_,9_72_109_55_69_
10:34:33,26.80,2,1963,26.85_26.90_26.95_27.00_27.05_,32_36_59_91_42_,26.80_26.75_26.70_26.65_26.60_,9_70_109_55_69_
10:34:48,26.80,2,1963,26.85_26.90_26.95_27.00_27.05_,27_36_59_91_42_,26.80_26.75_26.70_26.65_26.60_,10_70_109_55_69_
10:34:58,26.80,2,1963,26.85_26.90_26.95_27.00_27.05_,27_36_59_91_42_,26.80_26.75_26.70_26.65_26.60_,12_70_109_55_69_
10:35:14,26.85,1,1964,26.85_26.90_26.95_27.00_27.05_,26_36_59_91_42_,26.80_26.75_26.70_26.65_26.60_,12_70_109_55_69_
10:35:39,26.80,11,1977,26.85_26.90_26.95_27.00_27.05_,24_36_59_91_42_,26.80_26.75_26.70_26.65_26.60_,1_60_109_55_69_
10:36:00,26.80,11,1977,26.85_26.90_26.95_27.00_27.05_,24_32_59_89_34_,26.80_26.75_26.70_26.65_26.60_,1_67_109_55_69_
10:36:10,26.80,11,1977,26.85_26.90_26.95_27.00_27.05_,24_32_59_89_34_,26.80_26.75_26.70_26.65_26.60_,2_67_109_55_69_
10:36:15,26.80,11,1977,26.85_26.90_26.95_27.00_27.05_,24_32_59_89_34_,26.80_26.75_26.70_26.65_26.60_,3_67_109_55_69_
10:36:51,26.80,11,1977,26.85_26.90_26.95_27.00_27.05_,24_32_59_89_34_,26.80_26.75_26.70_26.65_26.60_,3_67_110_55_69_
10:37:17,26.80,2,1980,26.80_26.85_26.90_26.95_27.00_,1_24_32_59_95_,26.75_26.70_26.65_26.60_26.55_,67_110_55_69_44_
10:37:42,26.80,2,1980,26.80_26.85_26.90_26.95_27.00_,1_24_32_59_95_,26.75_26.70_26.65_26.60_26.55_,70_110_55_69_44_
10:38:03,26.75,3,1983,26.80_26.85_26.90_26.95_27.00_,1_24_32_59_95_,26.75_26.70_26.65_26.60_26.55_,67_110_55_69_44_
10:38:29,26.75,2,1986,26.85_26.90_26.95_27.00_27.05_,24_32_59_89_34_,26.75_26.70_26.65_26.60_26.55_,67_110_55_69_44_
10:38:34,26.75,2,1986,26.85_26.90_26.95_27.00_27.05_,24_32_59_89_34_,26.75_26.70_26.65_26.60_26.55_,77_110_55_69_44_
10:38:49,26.75,1,1987,26.85_26.90_26.95_27.00_27.05_,24_32_59_89_34_,26.75_26.70_26.65_26.60_26.55_,76_110_55_69_44_
10:38:59,26.85,5,1992,26.85_26.90_26.95_27.00_27.05_,19_32_59_89_34_,26.75_26.70_26.65_26.60_26.55_,76_110_55_69_44_
10:39:04,26.85,5,1992,26.85_26.90_26.95_27.00_27.05_,19_32_59_95_28_,26.75_26.70_26.65_26.60_26.55_,76_110_55_69_44_
10:39:20,26.85,5,1992,26.85_26.90_26.95_27.00_27.05_,19_32_59_95_28_,26.75_26.70_26.65_26.60_26.55_,77_110_55_69_44_
10:39:50,26.85,5,1992,26.85_26.90_26.95_27.00_27.05_,19_32_60_95_28_,26.75_26.70_26.65_26.60_26.55_,77_110_55_69_44_
10:40:16,26.85,1,1993,26.85_26.90_26.95_27.00_27.05_,18_32_60_95_28_,26.75_26.70_26.65_26.60_26.55_,79_110_55_69_44_
10:41:28,26.85,20,2014,26.85_26.90_26.95_27.00_27.05_,12_32_60_89_34_,26.80_26.75_26.70_26.65_26.60_,2_79_110_55_69_
10:41:48,26.85,20,2014,26.85_26.90_26.95_27.00_27.05_,12_32_60_89_34_,26.80_26.75_26.70_26.65_26.60_,2_77_110_55_69_
10:42:19,26.85,20,2014,26.85_26.90_26.95_27.00_27.05_,12_32_60_89_34_,26.80_26.75_26.70_26.65_26.60_,21_77_114_55_69_
10:42:35,26.85,20,2014,26.85_26.90_26.95_27.00_27.05_,14_32_60_89_34_,26.80_26.75_26.70_26.65_26.60_,21_77_114_55_69_
10:43:41,26.85,20,2014,26.85_26.90_26.95_27.00_27.05_,14_35_60_89_34_,26.80_26.75_26.70_26.65_26.60_,29_78_119_55_69_
10:44:07,26.85,2,2017,26.85_26.90_26.95_27.00_27.05_,12_35_60_89_34_,26.80_26.75_26.70_26.65_26.60_,28_78_119_55_69_
10:45:19,26.85,2,2023,26.85_26.90_26.95_27.00_27.05_,6_35_60_89_34_,26.80_26.75_26.70_26.65_26.60_,28_78_122_55_69_
10:46:20,26.85,2,2023,26.85_26.90_26.95_27.00_27.05_,8_35_60_89_34_,26.80_26.75_26.70_26.65_26.60_,33_78_122_55_69_
10:46:56,26.85,1,2027,26.85_26.90_26.95_27.00_27.05_,4_35_60_89_34_,26.80_26.75_26.70_26.65_26.60_,33_78_122_55_69_
10:47:12,26.85,1,2027,26.85_26.90_26.95_27.00_27.05_,4_35_60_89_34_,26.80_26.75_26.70_26.65_26.60_,33_78_123_55_69_
10:48:08,26.80,1,2028,26.85_26.90_26.95_27.00_27.05_,4_35_60_89_34_,26.80_26.75_26.70_26.65_26.60_,32_78_123_55_69_
10:48:18,26.85,1,2029,26.85_26.90_26.95_27.00_27.05_,3_35_60_89_34_,26.80_26.75_26.70_26.65_26.60_,32_78_123_55_69_
10:48:23,26.85,1,2029,26.85_26.90_26.95_27.00_27.05_,3_35_60_89_34_,26.80_26.75_26.70_26.65_26.60_,32_81_123_55_69_
10:48:34,26.85,1,2030,26.85_26.90_26.95_27.00_27.05_,2_35_60_89_34_,26.80_26.75_26.70_26.65_26.60_,32_81_123_55_69_
10:49:04,26.85,2,2032,26.90_26.95_27.00_27.05_27.10_,35_60_89_28_42_,26.85_26.80_26.75_26.70_26.65_,7_23_81_123_55_
10:49:25,26.85,2,2032,26.90_26.95_27.00_27.05_27.10_,35_61_89_28_42_,26.85_26.80_26.75_26.70_26.65_,7_18_81_123_55_
10:49:40,26.85,1,2033,26.90_26.95_27.00_27.05_27.10_,35_61_89_28_42_,26.85_26.80_26.75_26.70_26.65_,7_18_81_123_55_
10:49:45,26.85,6,2039,26.90_26.95_27.00_27.05_27.10_,36_61_89_28_42_,26.85_26.80_26.75_26.70_26.65_,1_18_81_123_55_
10:49:50,26.85,6,2039,26.90_26.95_27.00_27.05_27.10_,36_61_89_28_42_,26.85_26.80_26.75_26.70_26.65_,9_18_81_123_55_
10:50:11,26.85,1,2040,26.90_26.95_27.00_27.05_27.10_,36_61_89_28_42_,26.85_26.80_26.75_26.70_26.65_,8_18_81_123_55_
10:50:42,26.85,1,2041,26.90_26.95_27.00_27.05_27.10_,38_61_89_28_42_,26.85_26.80_26.75_26.70_26.65_,7_18_81_123_56_
10:51:12,26.85,7,2048,26.85_26.90_26.95_27.00_27.05_,23_38_61_89_34_,26.80_26.75_26.70_26.65_26.60_,23_81_123_56_69_
10:51:38,26.85,7,2048,26.85_26.90_26.95_27.00_27.05_,23_38_61_89_34_,26.80_26.75_26.70_26.65_26.60_,25_81_123_56_69_
10:51:58,26.85,7,2048,26.85_26.90_26.95_27.00_27.05_,23_38_61_89_34_,26.80_26.75_26.70_26.65_26.60_,25_81_124_56_69_
10:52:04,26.85,1,2049,26.85_26.90_26.95_27.00_27.05_,22_38_61_89_34_,26.80_26.75_26.70_26.65_26.60_,25_81_124_56_69_
10:52:29,26.85,1,2049,26.85_26.90_26.95_27.00_27.05_,22_38_61_89_34_,26.80_26.75_26.70_26.65_26.60_,25_81_125_56_69_
10:52:39,26.85,23,2072,26.90_26.95_27.00_27.05_27.10_,38_61_89_34_36_,26.85_26.80_26.75_26.70_26.65_,7_25_81_125_56_
10:52:44,26.85,23,2072,26.90_26.95_27.00_27.05_27.10_,38_61_89_28_42_,26.85_26.80_26.75_26.70_26.65_,7_25_81_125_56_
10:53:10,26.85,23,2072,26.90_26.95_27.00_27.05_27.10_,38_61_89_28_42_,26.85_26.80_26.75_26.70_26.65_,9_23_81_125_56_
10:53:20,26.85,23,2072,26.90_26.95_27.00_27.05_27.10_,38_61_89_28_42_,26.85_26.80_26.75_26.70_26.65_,10_23_81_125_56_
10:53:31,26.85,23,2072,26.90_26.95_27.00_27.05_27.10_,38_61_89_28_42_,26.85_26.80_26.75_26.70_26.65_,13_23_81_125_56_
10:53:51,26.85,1,2073,26.90_26.95_27.00_27.05_27.10_,48_61_89_28_42_,26.85_26.80_26.75_26.70_26.65_,12_23_81_125_56_
10:54:07,26.85,1,2073,26.90_26.95_27.00_27.05_27.10_,48_61_89_28_42_,26.85_26.80_26.75_26.70_26.65_,12_23_82_124_56_
10:54:27,26.85,1,2073,26.90_26.95_27.00_27.05_27.10_,48_61_89_28_42_,26.85_26.80_26.75_26.70_26.65_,12_23_83_124_56_
10:54:37,26.85,1,2073,26.90_26.95_27.00_27.05_27.10_,48_61_89_28_42_,26.85_26.80_26.75_26.70_26.65_,25_23_83_124_56_
10:56:20,26.85,25,2098,26.85_26.90_26.95_27.00_27.05_,5_48_61_89_34_,26.80_26.75_26.70_26.65_26.60_,25_86_124_56_69_
10:57:06,26.85,25,2098,26.85_26.90_26.95_27.00_27.05_,35_48_61_89_34_,26.80_26.75_26.70_26.65_26.60_,25_86_124_56_69_
10:57:26,26.85,5,2103,26.85_26.90_26.95_27.00_27.05_,30_48_61_89_34_,26.80_26.75_26.70_26.65_26.60_,25_86_124_56_69_
10:57:42,26.85,8,2111,26.85_26.90_26.95_27.00_27.05_,32_48_61_89_34_,26.80_26.75_26.70_26.65_26.60_,25_91_124_61_74_
10:58:48,26.80,4,2115,26.85_26.90_26.95_27.00_27.05_,89_47_61_89_34_,26.80_26.75_26.70_26.65_26.60_,21_93_124_61_74_
10:59:09,26.80,1,2117,26.85_26.90_26.95_27.00_27.05_,90_46_61_89_34_,26.80_26.75_26.70_26.65_26.60_,20_93_124_61_74_
10:59:40,26.80,1,2118,26.85_26.90_26.95_27.00_27.05_,90_46_61_89_34_,26.80_26.75_26.70_26.65_26.60_,19_93_126_61_74_
11:00:10,26.75,50,2190,26.80_26.85_26.90_26.95_27.00_,8_90_46_61_125_,26.75_26.70_26.65_26.60_26.55_,51_126_61_74_52_
11:00:46,26.75,50,2190,26.80_26.85_26.90_26.95_27.00_,8_90_46_61_125_,26.75_26.70_26.65_26.60_26.55_,58_130_61_74_52_
11:00:56,26.75,50,2190,26.80_26.85_26.90_26.95_27.00_,8_90_46_61_125_,26.75_26.70_26.65_26.60_26.55_,58_131_61_74_52_
11:01:27,26.75,45,2235,26.80_26.85_26.90_26.95_27.00_,8_90_46_61_125_,26.75_26.70_26.65_26.60_26.55_,13_132_61_73_52_
11:01:48,26.75,45,2235,26.80_26.85_26.90_26.95_27.00_,8_90_46_61_125_,26.75_26.70_26.65_26.60_26.55_,13_133_61_73_52_
11:01:58,26.75,5,2240,26.80_26.85_26.90_26.95_27.00_,8_90_46_61_125_,26.75_26.70_26.65_26.60_26.55_,13_133_61_73_52_
11:02:08,26.75,5,2245,26.80_26.85_26.90_26.95_27.00_,8_90_46_61_125_,26.75_26.70_26.65_26.60_26.55_,13_133_61_73_52_
11:02:18,26.75,5,2250,26.80_26.85_26.90_26.95_27.00_,8_90_46_61_125_,26.75_26.70_26.65_26.60_26.55_,13_134_61_73_52_
11:02:29,26.75,5,2255,26.80_26.85_26.90_26.95_27.00_,8_90_46_61_125_,26.75_26.70_26.65_26.60_26.55_,13_134_61_73_52_
11:02:39,26.75,10,2265,26.80_26.85_26.90_26.95_27.00_,8_90_46_61_125_,26.75_26.70_26.65_26.60_26.55_,4_136_61_73_52_
11:02:49,26.75,10,2265,26.80_26.85_26.90_26.95_27.00_,8_90_46_61_125_,26.75_26.70_26.65_26.60_26.55_,19_136_61_73_52_
11:03:30,26.75,1,2308,26.80_26.85_26.90_26.95_27.00_,8_90_46_65_125_,26.75_26.70_26.65_26.60_26.55_,6_116_61_70_45_
11:03:35,26.75,1,2308,26.80_26.85_26.90_26.95_27.00_,8_90_46_65_125_,26.75_26.70_26.65_26.60_26.55_,7_116_61_70_45_
11:03:51,26.80,3,2316,26.85_26.90_26.95_27.00_27.05_,90_46_61_119_34_,26.75_26.70_26.65_26.60_26.55_,10_116_61_70_45_
11:04:27,26.80,3,2316,26.80_26.85_26.90_26.95_27.00_,3_90_46_61_125_,26.75_26.70_26.65_26.60_26.55_,10_117_61_70_45_
11:04:57,26.80,3,2316,26.80_26.85_26.90_26.95_27.00_,3_94_46_61_125_,26.75_26.70_26.65_26.60_26.55_,12_117_61_70_45_
11:05:39,26.80,1,2319,26.85_26.90_26.95_27.00_27.05_,94_46_61_125_28_,26.80_26.75_26.70_26.65_26.60_,5_13_117_61_70_
11:05:44,26.80,1,2319,26.85_26.90_26.95_27.00_27.05_,94_46_61_119_34_,26.80_26.75_26.70_26.65_26.60_,5_13_117_61_73_
11:05:59,26.80,5,2324,26.80_26.85_26.90_26.95_27.00_,4_94_46_61_119_,26.75_26.70_26.65_26.60_26.55_,13_117_61_73_45_
11:06:30,26.80,5,2324,26.80_26.85_26.90_26.95_27.00_,43_90_46_61_125_,26.75_26.70_26.65_26.60_26.55_,14_118_61_73_45_
11:06:35,26.80,5,2324,26.80_26.85_26.90_26.95_27.00_,43_90_46_61_125_,26.75_26.70_26.65_26.60_26.55_,14_120_61_73_45_
11:07:16,26.80,5,2324,26.80_26.85_26.90_26.95_27.00_,43_94_46_61_125_,26.75_26.70_26.65_26.60_26.55_,14_120_61_73_45_
11:07:47,26.80,5,2324,26.80_26.85_26.90_26.95_27.00_,47_94_46_61_125_,26.75_26.70_26.65_26.60_26.55_,33_119_61_73_45_
11:07:52,26.80,5,2324,26.80_26.85_26.90_26.95_27.00_,48_94_46_61_125_,26.75_26.70_26.65_26.60_26.55_,33_119_61_73_45_
11:08:12,26.80,5,2324,26.80_26.85_26.90_26.95_27.00_,48_94_46_61_125_,26.75_26.70_26.65_26.60_26.55_,33_120_61_73_45_
11:08:58,26.80,5,2324,26.80_26.85_26.90_26.95_27.00_,48_94_46_61_125_,26.75_26.70_26.65_26.60_26.55_,33_120_61_73_44_
11:09:45,26.80,2,2328,26.80_26.85_26.90_26.95_27.00_,54_94_46_61_125_,26.75_26.70_26.65_26.60_26.55_,34_120_61_73_44_
11:10:26,26.80,2,2328,26.80_26.85_26.90_26.95_27.00_,54_94_46_61_125_,26.75_26.70_26.65_26.60_26.55_,44_120_61_73_44_
11:11:12,26.80,1,2329,26.80_26.85_26.90_26.95_27.00_,53_94_46_61_125_,26.75_26.70_26.65_26.60_26.55_,44_120_61_73_44_
11:11:48,26.80,1,2329,26.80_26.85_26.90_26.95_27.00_,55_94_46_61_126_,26.75_26.70_26.65_26.60_26.55_,44_120_61_73_44_
11:12:08,26.80,1,2332,26.80_26.85_26.90_26.95_27.00_,52_94_46_61_126_,26.75_26.70_26.65_26.60_26.55_,43_120_61_73_44_
11:12:34,26.80,2,2334,26.80_26.85_26.90_26.95_27.00_,50_94_46_61_126_,26.75_26.70_26.65_26.60_26.55_,43_120_61_73_44_
11:12:54,26.80,1,2335,26.80_26.85_26.90_26.95_27.00_,49_94_46_60_126_,26.75_26.70_26.65_26.60_26.55_,44_120_61_73_44_
11:14:27,26.80,1,2335,26.80_26.85_26.90_26.95_27.00_,49_94_46_60_127_,26.75_26.70_26.65_26.60_26.55_,44_120_61_73_44_
11:15:39,26.75,2,2337,26.80_26.85_26.90_26.95_27.00_,54_94_46_60_127_,26.75_26.70_26.65_26.60_26.55_,42_120_61_73_44_
11:15:44,26.75,2,2337,26.80_26.85_26.90_26.95_27.00_,54_94_46_60_126_,26.75_26.70_26.65_26.60_26.55_,42_122_61_73_44_
11:15:59,26.75,2,2337,26.80_26.85_26.90_26.95_27.00_,54_94_46_60_126_,26.75_26.70_26.65_26.60_26.55_,46_122_61_73_44_
11:16:04,26.75,2,2337,26.80_26.85_26.90_26.95_27.00_,54_94_47_60_126_,26.75_26.70_26.65_26.60_26.55_,46_122_61_73_44_
11:16:56,26.75,2,2337,26.80_26.85_26.90_26.95_27.00_,54_94_47_60_126_,26.75_26.70_26.65_26.60_26.55_,47_122_61_73_44_
11:17:11,26.75,2,2337,26.80_26.85_26.90_26.95_27.00_,54_94_47_60_126_,26.75_26.70_26.65_26.60_26.55_,59_122_61_73_44_
11:18:18,26.80,2,2340,26.80_26.85_26.90_26.95_27.00_,51_94_47_60_126_,26.75_26.70_26.65_26.60_26.55_,59_122_61_73_44_
11:18:54,26.80,10,2350,26.80_26.85_26.90_26.95_27.00_,41_94_47_60_126_,26.75_26.70_26.65_26.60_26.55_,59_122_61_73_44_
11:19:19,26.80,10,2350,26.80_26.85_26.90_26.95_27.00_,41_94_47_60_126_,26.75_26.70_26.65_26.60_26.55_,58_123_61_73_44_
11:19:29,26.80,10,2350,26.80_26.85_26.90_26.95_27.00_,41_94_47_60_126_,26.75_26.70_26.65_26.60_26.55_,58_124_61_73_44_
11:20:20,26.75,15,2366,26.80_26.85_26.90_26.95_27.00_,40_94_47_60_126_,26.75_26.70_26.65_26.60_26.55_,43_124_61_73_44_
11:20:36,26.80,1,2367,26.80_26.85_26.90_26.95_27.00_,39_94_47_60_126_,26.75_26.70_26.65_26.60_26.55_,49_124_61_73_44_
11:21:32,26.80,1,2367,26.80_26.85_26.90_26.95_27.00_,39_94_47_60_126_,26.75_26.70_26.65_26.60_26.55_,49_123_61_73_44_
11:23:09,26.75,49,2416,26.75_26.80_26.85_26.90_26.95_,51_39_94_47_70_,26.70_26.65_26.60_26.55_26.50_,123_61_70_44_92_
11:23:50,26.75,10,2429,26.75_26.80_26.85_26.90_26.95_,38_39_95_47_70_,26.70_26.65_26.60_26.55_26.50_,128_61_70_44_92_
11:24:26,26.75,6,2438,26.75_26.80_26.85_26.90_26.95_,29_39_95_47_70_,26.70_26.65_26.60_26.55_26.50_,129_61_70_44_92_
11:24:47,26.75,1,2439,26.75_26.80_26.85_26.90_26.95_,38_39_95_47_70_,26.70_26.65_26.60_26.55_26.50_,129_61_70_44_92_
11:24:57,26.75,1,2440,26.75_26.80_26.85_26.90_26.95_,37_39_95_47_70_,26.70_26.65_26.60_26.55_26.50_,129_61_70_44_92_
11:25:07,26.75,2,2442,26.75_26.80_26.85_26.90_26.95_,35_39_95_47_70_,26.70_26.65_26.60_26.55_26.50_,129_61_70_44_92_
11:25:23,26.75,5,2447,26.75_26.80_26.85_26.90_26.95_,30_39_95_47_70_,26.70_26.65_26.60_26.55_26.50_,129_61_70_44_92_
11:25:48,26.75,5,2447,26.75_26.80_26.85_26.90_26.95_,30_39_95_47_70_,26.70_26.65_26.60_26.55_26.50_,131_61_71_44_92_
11:25:53,26.75,5,2447,26.75_26.80_26.85_26.90_26.95_,30_39_95_47_70_,26.70_26.65_26.60_26.55_26.50_,132_61_71_44_92_
11:26:40,26.75,2,2449,26.75_26.80_26.85_26.90_26.95_,28_39_95_47_70_,26.70_26.65_26.60_26.55_26.50_,132_61_71_44_92_
11:27:31,26.75,1,2450,26.75_26.80_26.85_26.90_26.95_,28_40_95_47_70_,26.70_26.65_26.60_26.55_26.50_,133_61_71_44_92_
11:27:51,26.70,1,2451,26.75_26.80_26.85_26.90_26.95_,28_40_95_47_70_,26.70_26.65_26.60_26.55_26.50_,132_61_71_44_92_
11:28:17,26.70,1,2451,26.75_26.80_26.85_26.90_26.95_,49_40_95_26_70_,26.70_26.65_26.60_26.55_26.50_,133_61_71_44_92_
11:28:38,26.70,1,2451,26.75_26.80_26.85_26.90_26.95_,70_40_95_26_70_,26.70_26.65_26.60_26.55_26.50_,134_61_71_44_92_
11:29:13,26.70,20,2471,26.75_26.80_26.85_26.90_26.95_,70_40_95_26_70_,26.70_26.65_26.60_26.55_26.50_,114_61_71_44_92_
11:29:29,26.70,20,2471,26.75_26.80_26.85_26.90_26.95_,70_40_95_26_70_,26.70_26.65_26.60_26.55_26.50_,174_61_71_44_92_
11:29:39,26.70,5,2476,26.75_26.80_26.85_26.90_26.95_,70_40_95_26_70_,26.70_26.65_26.60_26.55_26.50_,170_61_71_44_152_
11:29:49,26.70,10,2486,26.75_26.80_26.85_26.90_26.95_,70_45_95_26_70_,26.70_26.65_26.60_26.55_26.50_,160_61_71_44_152_
11:29:54,26.70,13,2499,26.75_26.80_26.85_26.90_26.95_,70_45_95_26_70_,26.70_26.65_26.60_26.55_26.50_,144_62_71_44_152_
11:30:04,26.70,13,2499,26.75_26.80_26.85_26.90_26.95_,70_45_95_26_70_,26.70_26.65_26.60_26.55_26.50_,145_62_71_44_152_
11:30:20,26.70,1,2500,26.75_26.80_26.85_26.90_26.95_,70_45_95_26_70_,26.70_26.65_26.60_26.55_26.50_,144_62_71_44_152_
11:30:25,26.70,1,2500,26.75_26.80_26.85_26.90_26.95_,70_45_95_26_70_,26.70_26.65_26.60_26.55_26.50_,142_63_71_44_152_
11:30:50,26.70,3,2503,26.75_26.80_26.85_26.90_26.95_,70_40_95_26_70_,26.70_26.65_26.60_26.55_26.50_,139_63_71_44_152_
11:30:56,26.75,4,2507,26.75_26.80_26.85_26.90_26.95_,66_40_95_26_70_,26.70_26.65_26.60_26.55_26.50_,139_63_71_44_152_
11:31:16,26.75,4,2513,26.75_26.80_26.85_26.90_26.95_,60_40_100_26_70_,26.70_26.65_26.60_26.55_26.50_,140_63_71_44_172_
11:31:47,26.75,4,2513,26.75_26.80_26.85_26.90_26.95_,60_40_100_26_70_,26.70_26.65_26.60_26.55_26.50_,144_63_71_44_172_
11:31:57,26.75,2,2515,26.75_26.80_26.85_26.90_26.95_,58_40_100_26_70_,26.70_26.65_26.60_26.55_26.50_,144_63_71_44_172_
11:32:18,26.75,10,2525,26.75_26.80_26.85_26.90_26.95_,48_40_100_26_70_,26.70_26.65_26.60_26.55_26.50_,144_63_71_44_172_
11:32:28,26.75,2,2527,26.75_26.80_26.85_26.90_26.95_,46_40_100_26_70_,26.70_26.65_26.60_26.55_26.50_,144_63_71_44_172_
11:32:58,26.75,3,2550,26.75_26.80_26.85_26.90_26.95_,23_40_100_26_70_,26.70_26.65_26.60_26.55_26.50_,144_63_71_44_172_
11:33:09,26.75,11,2561,26.75_26.80_26.85_26.90_26.95_,12_40_100_26_70_,26.70_26.65_26.60_26.55_26.50_,144_63_71_44_172_
11:33:19,26.75,1,2573,26.80_26.85_26.90_26.95_27.00_,40_100_26_70_120_,26.75_26.70_26.65_26.60_26.55_,9_144_63_71_44_
11:33:24,26.75,1,2573,26.80_26.85_26.90_26.95_27.00_,40_100_26_64_126_,26.75_26.70_26.65_26.60_26.55_,11_144_63_71_44_
11:33:40,26.75,1,2573,26.80_26.85_26.90_26.95_27.00_,33_100_26_64_126_,26.75_26.70_26.65_26.60_26.55_,23_143_63_71_44_
11:34:10,26.75,1,2573,26.80_26.85_26.90_26.95_27.00_,33_100_31_64_126_,26.75_26.70_26.65_26.60_26.55_,41_138_63_71_44_
11:34:16,26.75,1,2573,26.80_26.85_26.90_26.95_27.00_,33_100_31_64_126_,26.75_26.70_26.65_26.60_26.55_,51_138_63_71_44_
11:35:17,26.80,10,2583,26.80_26.85_26.90_26.95_27.00_,23_100_31_64_126_,26.75_26.70_26.65_26.60_26.55_,57_143_63_71_44_
11:35:48,26.80,2,2585,26.80_26.85_26.90_26.95_27.00_,21_100_31_64_126_,26.75_26.70_26.65_26.60_26.55_,57_143_63_71_44_
11:36:29,26.80,1,2591,26.80_26.85_26.90_26.95_27.00_,15_99_31_64_126_,26.75_26.70_26.65_26.60_26.55_,62_153_63_71_44_
11:36:39,26.80,5,2596,26.80_26.85_26.90_26.95_27.00_,10_99_31_64_126_,26.75_26.70_26.65_26.60_26.55_,52_158_63_71_44_
11:37:00,26.80,5,2601,26.80_26.85_26.90_26.95_27.00_,5_99_31_64_126_,26.75_26.70_26.65_26.60_26.55_,47_158_63_71_44_
11:37:10,26.80,3,2604,26.80_26.85_26.90_26.95_27.00_,2_99_31_64_126_,26.75_26.70_26.65_26.60_26.55_,42_163_63_71_44_
11:38:17,26.80,3,2604,26.80_26.85_26.90_26.95_27.00_,2_99_31_64_126_,26.75_26.70_26.65_26.60_26.55_,42_164_63_71_44_
11:39:13,26.80,2,2608,26.85_26.90_26.95_27.00_27.05_,99_31_60_120_12_,26.75_26.70_26.65_26.60_26.55_,42_164_63_74_44_
11:39:23,26.80,2,2608,26.85_26.90_26.95_27.00_27.05_,99_31_60_121_12_,26.75_26.70_26.65_26.60_26.55_,42_164_63_74_44_
11:39:49,26.80,2,2608,26.80_26.85_26.90_26.95_27.00_,3_99_31_60_127_,26.75_26.70_26.65_26.60_26.55_,42_164_63_74_44_
11:40:35,26.80,3,2611,26.85_26.90_26.95_27.00_27.05_,99_31_60_121_12_,26.75_26.70_26.65_26.60_26.55_,42_169_63_74_44_
11:41:01,26.80,3,2611,26.85_26.90_26.95_27.00_27.05_,111_31_60_121_12_,26.75_26.70_26.65_26.60_26.55_,47_169_63_74_44_
11:41:16,26.80,3,2611,26.85_26.90_26.95_27.00_27.05_,111_31_60_121_12_,26.80_26.75_26.70_26.65_26.60_,2_47_169_63_74_
11:41:26,26.80,3,2611,26.85_26.90_26.95_27.00_27.05_,111_31_60_121_12_,26.80_26.75_26.70_26.65_26.60_,2_47_171_63_74_
11:41:41,26.80,3,2611,26.85_26.90_26.95_27.00_27.05_,111_31_60_121_12_,26.80_26.75_26.70_26.65_26.60_,2_27_171_63_74_
11:41:57,26.80,2,2613,26.85_26.90_26.95_27.00_27.05_,111_31_60_121_12_,26.75_26.70_26.65_26.60_26.55_,50_171_63_74_44_
11:43:19,26.80,2,2613,26.80_26.85_26.90_26.95_27.00_,49_54_31_60_127_,26.75_26.70_26.65_26.60_26.55_,60_171_64_74_44_
11:44:46,26.80,2,2615,26.80_26.85_26.90_26.95_27.00_,47_54_31_60_127_,26.75_26.70_26.65_26.60_26.55_,60_171_64_74_44_
11:45:01,26.75,20,2635,26.80_26.85_26.90_26.95_27.00_,47_54_31_60_127_,26.75_26.70_26.65_26.60_26.55_,40_171_64_74_44_
11:45:27,26.75,1,2636,26.80_26.85_26.90_26.95_27.00_,47_54_31_60_127_,26.75_26.70_26.65_26.60_26.55_,39_171_64_74_44_
11:45:32,26.75,1,2636,26.80_26.85_26.90_26.95_27.00_,50_54_31_60_127_,26.75_26.70_26.65_26.60_26.55_,39_171_64_74_44_
11:46:34,26.75,1,2636,26.80_26.85_26.90_26.95_27.00_,54_54_31_60_127_,26.75_26.70_26.65_26.60_26.55_,39_172_64_75_44_
11:47:20,26.75,8,2644,26.80_26.85_26.90_26.95_27.00_,54_54_31_60_127_,26.75_26.70_26.65_26.60_26.55_,31_172_64_75_44_
11:47:46,26.75,8,2644,26.80_26.85_26.90_26.95_27.00_,54_54_30_60_127_,26.75_26.70_26.65_26.60_26.55_,31_172_64_75_44_
11:48:01,26.75,8,2644,26.80_26.85_26.90_26.95_27.00_,54_55_30_60_127_,26.75_26.70_26.65_26.60_26.55_,31_172_64_75_44_
11:48:21,26.75,8,2644,26.80_26.85_26.90_26.95_27.00_,54_55_30_60_127_,26.75_26.70_26.65_26.60_26.55_,33_174_64_73_44_
11:48:37,26.75,2,2646,26.80_26.85_26.90_26.95_27.00_,61_55_30_60_127_,26.75_26.70_26.65_26.60_26.55_,31_174_64_73_44_
11:49:13,26.75,2,2648,26.80_26.85_26.90_26.95_27.00_,61_55_30_60_127_,26.75_26.70_26.65_26.60_26.55_,29_174_64_73_44_
11:49:38,26.75,9,2677,26.80_26.85_26.90_26.95_27.00_,61_55_30_60_127_,26.75_26.70_26.65_26.60_26.55_,1_174_64_73_44_
11:49:59,26.75,10,2688,26.80_26.85_26.90_26.95_27.00_,61_55_30_60_127_,26.70_26.65_26.60_26.55_26.50_,174_64_73_44_144_
11:50:29,26.75,2,2693,26.80_26.85_26.90_26.95_27.00_,61_55_30_63_127_,26.75_26.70_26.65_26.60_26.55_,1_176_65_70_44_
11:50:50,26.75,2,2693,26.80_26.85_26.90_26.95_27.00_,61_55_30_63_127_,26.75_26.70_26.65_26.60_26.55_,1_175_65_70_44_
11:51:00,26.75,1,2694,26.75_26.80_26.85_26.90_26.95_,1_61_55_30_69_,26.70_26.65_26.60_26.55_26.50_,175_65_70_44_148_
11:51:10,26.75,1,2694,26.75_26.80_26.85_26.90_26.95_,21_61_55_30_69_,26.70_26.65_26.60_26.55_26.50_,175_65_70_44_148_
11:51:36,26.75,1,2695,26.80_26.85_26.90_26.95_27.00_,61_55_30_69_121_,26.75_26.70_26.65_26.60_26.55_,5_182_64_70_44_
11:51:41,26.75,1,2695,26.80_26.85_26.90_26.95_27.00_,61_55_30_63_127_,26.75_26.70_26.65_26.60_26.55_,5_182_64_70_44_
11:52:07,26.75,1,2695,26.80_26.85_26.90_26.95_27.00_,61_55_30_63_127_,26.75_26.70_26.65_26.60_26.55_,5_180_64_70_44_
11:52:48,26.75,1,2695,26.80_26.85_26.90_26.95_27.00_,61_55_30_63_127_,26.75_26.70_26.65_26.60_26.55_,33_180_64_70_44_
11:53:29,26.75,5,2700,26.80_26.85_26.90_26.95_27.00_,61_55_30_63_127_,26.75_26.70_26.65_26.60_26.55_,28_180_64_70_44_
11:54:10,26.75,4,2708,26.80_26.85_26.90_26.95_27.00_,61_55_30_63_127_,26.75_26.70_26.65_26.60_26.55_,31_179_64_70_44_
11:54:15,26.75,4,2708,26.80_26.85_26.90_26.95_27.00_,61_55_30_63_127_,26.75_26.70_26.65_26.60_26.55_,35_179_64_70_44_
11:54:41,26.75,4,2708,26.80_26.85_26.90_26.95_27.00_,61_55_30_63_127_,26.75_26.70_26.65_26.60_26.55_,50_179_64_70_44_
11:56:18,26.75,3,2711,26.80_26.85_26.90_26.95_27.00_,61_55_30_63_127_,26.75_26.70_26.65_26.60_26.55_,47_180_64_70_44_
11:58:47,26.75,30,2741,26.80_26.85_26.90_26.95_27.00_,68_55_30_63_127_,26.75_26.70_26.65_26.60_26.55_,22_180_64_70_44_
11:58:52,26.75,9,2750,26.80_26.85_26.90_26.95_27.00_,68_55_30_63_127_,26.75_26.70_26.65_26.60_26.55_,13_180_64_70_44_
11:59:02,26.75,9,2750,26.80_26.85_26.90_26.95_27.00_,68_55_30_63_127_,26.75_26.70_26.65_26.60_26.55_,17_180_64_70_44_
11:59:43,26.75,1,2751,26.80_26.85_26.90_26.95_27.00_,68_55_30_63_127_,26.75_26.70_26.65_26.60_26.55_,16_180_64_71_44_
12:00:04,26.75,10,2761,26.80_26.85_26.90_26.95_27.00_,68_55_30_63_127_,26.75_26.70_26.65_26.60_26.55_,6_180_64_71_44_
12:00:19,26.75,6,2767,26.80_26.85_26.90_26.95_27.00_,68_55_30_63_127_,26.70_26.65_26.60_26.55_26.50_,180_64_71_44_148_
12:00:55,26.70,11,2778,26.80_26.85_26.90_26.95_27.00_,69_55_30_63_127_,26.70_26.65_26.60_26.55_26.50_,173_64_71_44_148_
12:01:11,26.70,51,2829,26.75_26.80_26.85_26.90_26.95_,2_69_55_30_69_,26.70_26.65_26.60_26.55_26.50_,122_64_71_44_148_
12:01:26,26.70,6,2835,26.80_26.85_26.90_26.95_27.00_,69_55_30_69_121_,26.70_26.65_26.60_26.55_26.50_,116_64_71_44_148_
12:01:31,26.70,6,2835,26.80_26.85_26.90_26.95_27.00_,69_55_30_63_127_,26.70_26.65_26.60_26.55_26.50_,116_64_71_44_148_
12:01:46,26.70,6,2835,26.80_26.85_26.90_26.95_27.00_,69_55_30_63_127_,26.70_26.65_26.60_26.55_26.50_,116_65_71_64_148_
12:02:27,26.70,6,2835,26.80_26.85_26.90_26.95_27.00_,69_55_30_63_127_,26.75_26.70_26.65_26.60_26.55_,1_116_65_71_64_
12:02:58,26.70,4,2841,26.80_26.85_26.90_26.95_27.00_,69_55_30_63_127_,26.70_26.65_26.60_26.55_26.50_,112_65_71_64_148_
12:03:03,26.70,4,2841,26.80_26.85_26.90_26.95_27.00_,69_60_30_63_127_,26.70_26.65_26.60_26.55_26.50_,114_65_71_64_148_
12:03:13,26.70,4,2841,26.80_26.85_26.90_26.95_27.00_,69_60_30_63_127_,26.70_26.65_26.60_26.55_26.50_,115_65_71_64_148_
12:04:25,26.70,4,2841,26.80_26.85_26.90_26.95_27.00_,69_60_30_63_127_,26.70_26.65_26.60_26.55_26.50_,115_65_71_64_149_
12:05:12,26.70,10,2851,26.75_26.80_26.85_26.90_26.95_,4_69_60_30_69_,26.70_26.65_26.60_26.55_26.50_,109_65_71_64_149_
12:05:27,26.70,109,2960,26.70_26.75_26.80_26.85_26.90_,22_4_22_60_36_,26.65_26.60_26.55_26.50_26.45_,65_71_64_149_1_
12:05:37,26.65,47,3008,26.70_26.75_26.80_26.85_26.90_,22_4_22_60_36_,26.65_26.60_26.55_26.50_26.45_,17_71_64_159_1_
12:05:47,26.65,6,3014,26.70_26.75_26.80_26.85_26.90_,22_4_22_60_36_,26.65_26.60_26.55_26.50_26.45_,36_71_64_159_1_
12:05:58,26.65,6,3014,26.70_26.75_26.80_26.85_26.90_,23_4_22_60_36_,26.65_26.60_26.55_26.50_26.45_,46_71_64_159_1_
12:06:08,26.65,4,3018,26.70_26.75_26.80_26.85_26.90_,24_4_21_60_36_,26.65_26.60_26.55_26.50_26.45_,42_72_64_159_1_
12:06:18,26.65,10,3030,26.70_26.75_26.80_26.85_26.90_,24_4_21_60_36_,26.65_26.60_26.55_26.50_26.45_,40_72_64_159_1_
12:06:59,26.65,15,3046,26.70_26.75_26.80_26.85_26.90_,24_4_21_60_36_,26.65_26.60_26.55_26.50_26.45_,28_82_61_159_3_
12:07:04,26.65,5,3051,26.70_26.75_26.80_26.85_26.90_,24_4_21_60_36_,26.65_26.60_26.55_26.50_26.45_,23_82_61_159_3_
12:07:14,26.65,5,3056,26.70_26.75_26.80_26.85_26.90_,24_4_21_60_36_,26.65_26.60_26.55_26.50_26.45_,18_82_61_159_3_
12:07:30,26.65,5,3056,26.70_26.75_26.80_26.85_26.90_,24_4_21_60_36_,26.65_26.60_26.55_26.50_26.45_,36_86_61_159_1_
12:07:50,26.65,5,3056,26.70_26.75_26.80_26.85_26.90_,24_4_21_60_36_,26.65_26.60_26.55_26.50_26.45_,42_151_61_159_1_
12:08:31,26.65,1,3057,26.70_26.75_26.80_26.85_26.90_,24_5_21_64_36_,26.65_26.60_26.55_26.50_26.45_,52_151_61_159_1_
12:08:36,26.65,1,3057,26.70_26.75_26.80_26.85_26.90_,24_5_21_64_36_,26.65_26.60_26.55_26.50_26.45_,53_151_61_159_1_
12:08:47,26.65,1,3057,26.70_26.75_26.80_26.85_26.90_,24_5_21_64_36_,26.65_26.60_26.55_26.50_26.45_,65_151_61_159_1_
12:08:57,26.70,3,3062,26.70_26.75_26.80_26.85_26.90_,19_5_21_59_36_,26.65_26.60_26.55_26.50_26.45_,73_151_61_158_1_
12:09:12,26.65,5,3067,26.70_26.75_26.80_26.85_26.90_,19_5_21_59_36_,26.65_26.60_26.55_26.50_26.45_,64_151_61_158_1_
12:09:27,26.65,1,3068,26.70_26.75_26.80_26.85_26.90_,26_5_21_55_36_,26.65_26.60_26.55_26.50_26.45_,63_151_61_158_1_
12:09:38,26.70,6,3076,26.70_26.75_26.80_26.85_26.90_,18_5_21_55_36_,26.65_26.60_26.55_26.50_26.45_,64_151_61_158_1_
12:09:48,26.70,1,3078,26.70_26.75_26.80_26.85_26.90_,16_5_21_55_36_,26.65_26.60_26.55_26.50_26.45_,65_151_61_160_1_
12:09:58,26.70,3,3082,26.70_26.75_26.80_26.85_26.90_,12_5_21_55_36_,26.65_26.60_26.55_26.50_26.45_,78_153_61_160_1_
12:10:08,26.70,12,3094,26.75_26.80_26.85_26.90_26.95_,5_21_55_30_69_,26.70_26.65_26.60_26.55_26.50_,7_67_153_61_160_
12:10:13,26.70,12,3094,26.75_26.80_26.85_26.90_26.95_,5_21_55_30_69_,26.70_26.65_26.60_26.55_26.50_,8_63_153_61_160_
12:10:39,26.70,12,3094,26.75_26.80_26.85_26.90_26.95_,5_21_55_31_69_,26.70_26.65_26.60_26.55_26.50_,18_56_155_64_160_
12:10:44,26.70,12,3094,26.75_26.80_26.85_26.90_26.95_,5_21_55_31_69_,26.70_26.65_26.60_26.55_26.50_,23_56_155_64_160_
12:11:00,26.70,12,3094,26.75_26.80_26.85_26.90_26.95_,5_21_55_31_69_,26.70_26.65_26.60_26.55_26.50_,28_56_155_64_160_
12:12:32,26.75,3,3099,26.80_26.85_26.90_26.95_27.00_,21_55_31_63_133_,26.70_26.65_26.60_26.55_26.50_,49_64_155_64_160_
12:13:18,26.75,3,3099,26.80_26.85_26.90_26.95_27.00_,24_55_31_63_133_,26.75_26.70_26.65_26.60_26.55_,6_50_69_154_64_
12:13:23,26.75,3,3099,26.80_26.85_26.90_26.95_27.00_,24_55_31_63_133_,26.75_26.70_26.65_26.60_26.55_,6_50_69_154_61_
12:13:54,26.75,3,3099,26.80_26.85_26.90_26.95_27.00_,24_55_31_63_133_,26.75_26.70_26.65_26.60_26.55_,17_44_70_154_61_
12:14:30,26.75,3,3099,26.80_26.85_26.90_26.95_27.00_,17_55_31_63_133_,26.75_26.70_26.65_26.60_26.55_,29_44_70_154_61_
12:15:06,26.75,3,3099,26.80_26.85_26.90_26.95_27.00_,17_55_31_63_133_,26.75_26.70_26.65_26.60_26.55_,30_43_70_154_41_
12:16:28,26.75,3,3099,26.80_26.85_26.90_26.95_27.00_,17_56_30_63_137_,26.75_26.70_26.65_26.60_26.55_,30_43_60_144_41_
12:16:58,26.75,3,3099,26.80_26.85_26.90_26.95_27.00_,18_56_39_63_137_,26.75_26.70_26.65_26.60_26.55_,31_43_60_144_41_
12:17:03,26.75,3,3099,26.80_26.85_26.90_26.95_27.00_,18_56_39_63_137_,26.75_26.70_26.65_26.60_26.55_,28_41_50_142_41_
12:17:14,26.80,1,3100,26.80_26.85_26.90_26.95_27.00_,17_56_39_63_137_,26.75_26.70_26.65_26.60_26.55_,27_41_50_142_41_
12:17:24,26.80,1,3100,26.80_26.85_26.90_26.95_27.00_,20_56_39_63_137_,26.75_26.70_26.65_26.60_26.55_,27_41_50_142_41_
12:17:39,26.80,1,3100,26.80_26.85_26.90_26.95_27.00_,70_56_39_63_137_,26.75_26.70_26.65_26.60_26.55_,27_41_50_142_41_
12:18:00,26.80,1,3100,26.80_26.85_26.90_26.95_27.00_,70_56_39_63_137_,26.75_26.70_26.65_26.60_26.55_,27_42_50_142_41_
12:18:15,26.80,1,3100,26.80_26.85_26.90_26.95_27.00_,90_56_39_63_137_,26.75_26.70_26.65_26.60_26.55_,27_42_50_142_41_
12:18:30,26.75,1,3101,26.80_26.85_26.90_26.95_27.00_,101_56_39_63_137_,26.75_26.70_26.65_26.60_26.55_,26_42_50_142_41_
12:19:01,26.75,22,3127,26.80_26.85_26.90_26.95_27.00_,101_56_39_63_137_,26.75_26.70_26.65_26.60_26.55_,2_44_51_142_41_
12:19:16,26.75,2,3129,26.75_26.80_26.85_26.90_26.95_,19_101_56_39_69_,26.70_26.65_26.60_26.55_26.50_,44_51_142_41_160_
12:19:52,26.70,2,3131,26.75_26.80_26.85_26.90_26.95_,19_101_56_39_69_,26.70_26.65_26.60_26.55_26.50_,44_51_144_41_159_
12:20:48,26.70,2,3131,26.75_26.80_26.85_26.90_26.95_,20_101_56_39_69_,26.70_26.65_26.60_26.55_26.50_,45_71_144_41_155_
12:21:04,26.70,2,3131,26.75_26.80_26.85_26.90_26.95_,20_101_56_39_69_,26.70_26.65_26.60_26.55_26.50_,45_64_144_41_155_
12:21:24,26.70,2,3131,26.75_26.80_26.85_26.90_26.95_,20_101_56_39_69_,26.70_26.65_26.60_26.55_26.50_,46_65_144_41_155_
12:21:50,26.70,2,3131,26.75_26.80_26.85_26.90_26.95_,20_101_56_39_69_,26.70_26.65_26.60_26.55_26.50_,48_65_144_41_155_
12:21:55,26.70,1,3132,26.75_26.80_26.85_26.90_26.95_,20_101_56_39_69_,26.70_26.65_26.60_26.55_26.50_,47_65_144_41_155_
12:22:31,26.70,40,3172,26.75_26.80_26.85_26.90_26.95_,20_101_56_39_69_,26.70_26.65_26.60_26.55_26.50_,10_85_144_41_155_
12:22:36,26.70,40,3172,26.75_26.80_26.85_26.90_26.95_,20_101_56_39_69_,26.70_26.65_26.60_26.55_26.50_,10_105_144_41_155_
12:22:51,26.70,40,3172,26.75_26.80_26.85_26.90_26.95_,20_101_56_39_69_,26.70_26.65_26.60_26.55_26.50_,10_85_144_41_155_
12:23:07,26.70,3,3175,26.75_26.80_26.85_26.90_26.95_,20_101_56_39_69_,26.70_26.65_26.60_26.55_26.50_,6_65_144_41_155_
12:23:42,26.70,10,3185,26.75_26.80_26.85_26.90_26.95_,20_101_56_39_69_,26.70_26.65_26.60_26.55_26.50_,4_64_144_41_155_
12:24:18,26.70,2,3187,26.75_26.80_26.85_26.90_26.95_,20_101_56_39_69_,26.70_26.65_26.60_26.55_26.50_,3_65_144_41_155_
12:24:39,26.70,1,3190,26.70_26.75_26.80_26.85_26.90_,6_20_101_56_39_,26.65_26.60_26.55_26.50_26.45_,65_144_41_155_1_
12:24:49,26.70,1,3190,26.70_26.75_26.80_26.85_26.90_,18_21_101_52_45_,26.65_26.60_26.55_26.50_26.45_,68_144_41_155_1_
12:24:59,26.65,7,3197,26.70_26.75_26.80_26.85_26.90_,28_21_101_52_47_,26.65_26.60_26.55_26.50_26.45_,61_144_41_155_1_
12:25:35,26.65,2,3199,26.70_26.75_26.80_26.85_26.90_,28_21_101_52_47_,26.65_26.60_26.55_26.50_26.45_,59_144_41_155_1_
12:26:01,26.65,2,3199,26.70_26.75_26.80_26.85_26.90_,68_21_101_52_47_,26.65_26.60_26.55_26.50_26.45_,61_144_41_155_1_
12:26:11,26.65,2,3199,26.70_26.75_26.80_26.85_26.90_,69_21_101_52_42_,26.65_26.60_26.55_26.50_26.45_,61_144_41_155_1_
