09:00:55,30.95,6,68,30.95_31.00_31.15_31.20_31.30_,2_7_2_9_15_,30.90_30.85_30.80_30.75_30.70_,12_7_6_6_9_
09:01:21,30.95,2,71,30.95_31.00_31.05_31.10_31.15_,7_10_1_9_41_,30.90_30.85_30.80_30.75_30.70_,11_10_6_6_51_
09:01:57,30.95,4,75,30.95_31.00_31.05_31.15_31.20_,5_10_12_41_9_,30.90_30.85_30.80_30.75_30.70_,15_7_6_6_42_
09:02:07,30.95,4,75,30.95_31.00_31.05_31.15_31.20_,6_10_15_41_9_,30.90_30.85_30.80_30.75_30.70_,15_7_6_6_42_
09:02:12,30.95,6,81,31.00_31.05_31.15_31.20_31.30_,10_15_41_9_15_,30.95_30.90_30.85_30.80_30.75_,4_15_7_6_6_
09:02:18,30.95,6,81,31.00_31.05_31.10_31.15_31.20_,13_6_9_4_64_,30.95_30.90_30.85_30.80_30.75_,5_15_7_23_58_
09:02:23,30.95,6,81,31.00_31.05_31.10_31.15_31.20_,13_5_10_1_63_,30.95_30.90_30.85_30.80_30.75_,5_15_7_23_58_
09:03:14,30.95,2,86,31.00_31.05_31.10_31.15_31.20_,17_4_10_23_44_,30.90_30.85_30.80_30.75_30.70_,15_7_6_39_54_
09:03:29,30.95,2,86,31.00_31.05_31.10_31.15_31.20_,17_4_2_33_44_,30.90_30.85_30.80_30.75_30.70_,15_7_6_39_54_
09:03:45,30.90,10,97,31.00_31.05_31.10_31.15_31.20_,17_5_2_33_44_,30.90_30.85_30.80_30.75_30.70_,5_7_6_39_54_
09:03:50,30.90,10,97,30.95_31.00_31.05_31.10_31.15_,2_17_6_10_22_,30.90_30.85_30.80_30.75_30.70_,7_7_6_39_54_
09:03:55,30.90,10,97,30.95_31.00_31.05_31.10_31.15_,3_18_6_10_56_,30.90_30.85_30.80_30.75_30.70_,7_7_6_23_70_
09:04:00,30.90,2,99,30.95_31.00_31.05_31.10_31.15_,3_18_6_10_56_,30.90_30.85_30.80_30.75_30.70_,5_7_6_23_70_
09:04:05,30.90,5,104,30.90_30.95_31.00_31.05_31.10_,12_7_14_6_11_,30.85_30.80_30.75_30.70_30.65_,7_6_23_70_6_
09:04:51,30.85,3,112,30.90_31.00_31.05_31.10_31.15_,35_14_16_55_2_,30.80_30.75_30.70_30.65_30.60_,6_6_28_67_13_
09:05:02,30.80,5,117,30.85_30.90_31.00_31.05_31.10_,5_34_23_61_1_,30.80_30.75_30.70_30.65_30.60_,1_8_11_23_74_
09:05:12,30.85,1,118,30.85_30.90_30.95_31.00_31.05_,5_38_1_23_44_,30.80_30.75_30.70_30.65_30.60_,2_8_11_39_58_
09:05:17,30.85,1,118,30.85_30.90_30.95_31.00_31.05_,5_38_1_23_61_,30.80_30.75_30.70_30.65_30.60_,1_8_11_23_65_
09:07:04,30.65,10,175,30.75_30.80_30.85_30.90_30.95_,21_11_23_24_55_,30.65_30.60_30.55_30.50_30.35_,3_13_40_73_2_
09:07:10,30.65,10,175,30.75_30.80_30.85_30.90_30.95_,21_11_32_35_35_,30.65_30.60_30.55_30.50_30.45_,4_13_7_61_9_
09:07:15,30.65,10,175,30.70_30.75_30.80_30.85_30.90_,20_21_11_32_35_,30.65_30.60_30.55_30.50_30.45_,4_13_7_61_45_
09:07:20,30.65,4,179,30.65_30.70_30.75_30.80_30.85_,8_21_21_11_32_,30.60_30.55_30.50_30.45_30.35_,13_7_61_45_2_
09:07:25,30.65,1,180,30.65_30.70_30.75_30.80_30.85_,9_21_20_20_74_,30.60_30.55_30.50_30.45_30.40_,14_7_28_33_26_
09:07:40,30.60,10,190,30.65_30.70_30.75_30.80_30.85_,21_21_20_20_74_,30.60_30.55_30.50_30.45_30.40_,4_7_28_33_45_
09:08:26,30.55,1,206,30.60_30.65_30.70_30.75_30.80_,16_21_38_1_63_,30.55_30.50_30.45_30.40_30.35_,6_29_3_33_33_
09:08:31,30.55,1,206,30.60_30.65_30.70_30.75_30.80_,18_21_38_1_63_,30.55_30.50_30.45_30.40_30.35_,6_29_3_33_52_
09:09:53,30.50,7,250,30.50_30.55_30.60_30.65_30.70_,3_29_10_9_32_,30.45_30.40_30.35_30.30_30.25_,3_6_41_80_1_
09:09:58,30.50,7,250,30.50_30.55_30.60_30.65_30.70_,8_30_10_18_74_,30.45_30.40_30.35_30.30_30.25_,3_6_8_67_46_
09:10:04,30.50,7,250,30.50_30.55_30.60_30.65_30.70_,22_17_10_18_74_,30.45_30.40_30.35_30.30_30.25_,3_6_8_67_46_
09:10:24,30.40,2,255,30.45_30.50_30.55_30.60_30.65_,3_27_13_19_63_,30.40_30.35_30.30_30.25_30.20_,14_9_34_34_49_
09:10:29,30.40,5,260,30.45_30.50_30.55_30.60_30.65_,3_26_13_18_63_,30.40_30.35_30.30_30.25_30.20_,9_9_34_34_49_
09:10:34,30.40,5,260,30.45_30.50_30.55_30.60_30.65_,19_12_13_17_63_,30.40_30.35_30.30_30.25_30.20_,9_9_34_34_49_
09:10:40,30.40,1,261,30.45_30.50_30.55_30.60_30.65_,21_13_13_17_63_,30.40_30.35_30.30_30.25_30.20_,8_9_34_34_49_
09:10:50,30.40,1,261,30.45_30.50_30.55_30.60_30.65_,38_13_2_11_63_,30.40_30.35_30.30_30.25_30.20_,8_9_34_34_49_
09:10:55,30.40,1,261,30.45_30.50_30.55_30.60_30.65_,41_13_1_11_63_,30.40_30.35_30.30_30.25_30.20_,8_9_34_34_49_
09:11:00,30.40,2,263,30.45_30.50_30.55_30.60_30.65_,41_13_1_11_63_,30.40_30.35_30.30_30.25_30.20_,6_9_34_34_49_
09:11:10,30.40,1,264,30.45_30.50_30.60_30.65_30.70_,42_13_11_63_20_,30.40_30.35_30.30_30.25_30.20_,5_9_34_34_49_
09:11:15,30.40,3,267,30.45_30.50_30.60_30.65_30.70_,42_13_11_46_37_,30.40_30.35_30.30_30.25_30.20_,2_9_34_34_49_
09:11:21,30.40,3,267,30.45_30.50_30.60_30.65_30.70_,42_13_11_46_37_,30.40_30.35_30.30_30.25_30.20_,2_8_34_34_49_
09:11:26,30.40,1,268,30.45_30.50_30.60_30.65_30.70_,42_13_11_46_37_,30.40_30.35_30.30_30.25_30.20_,1_8_34_34_49_
09:11:31,30.35,2,270,30.45_30.50_30.60_30.65_30.70_,42_13_11_46_37_,30.35_30.30_30.25_30.20_30.15_,7_34_34_49_3_
09:11:36,30.35,7,277,30.45_30.50_30.55_30.60_30.65_,42_13_9_22_43_,30.30_30.25_30.20_30.15_30.10_,34_1_37_46_11_
09:13:24,30.35,1,298,30.40_30.45_30.50_30.55_30.60_,38_22_3_10_55_,30.35_30.30_30.25_30.20_30.15_,6_34_4_45_45_
09:13:59,30.30,3,306,30.40_30.45_30.50_30.55_30.60_,50_12_13_20_35_,30.30_30.25_30.20_30.15_30.10_,33_4_12_35_76_
09:15:47,30.20,2,387,30.30_30.35_30.40_30.45_30.50_,67_14_5_22_37_,30.15_30.10_30.05_30.00_29.95_,5_12_47_45_1_
09:16:38,30.10,2,401,30.20_30.25_30.30_30.35_30.40_,36_17_23_3_59_,30.15_30.10_30.05_30.00_29.95_,9_11_10_51_37_
09:16:43,30.15,3,404,30.20_30.25_30.30_30.35_30.40_,37_17_23_3_59_,30.15_30.10_30.05_30.00_29.95_,6_11_10_51_37_
09:16:48,30.15,2,406,30.20_30.25_30.30_30.35_30.40_,37_17_23_2_59_,30.15_30.10_30.05_30.00_29.95_,4_6_10_51_37_
09:17:04,30.05,10,417,30.10_30.15_30.20_30.25_30.30_,2_8_45_8_40_,30.05_30.00_29.95_29.90_29.85_,12_9_1_45_37_
09:17:24,30.00,3,432,30.05_30.10_30.15_30.20_30.25_,5_11_10_34_61_,30.00_29.90_29.85_29.80_29.75_,6_4_42_47_20_
09:17:29,30.00,1,433,30.05_30.10_30.15_30.20_30.25_,6_11_9_34_61_,30.00_29.95_29.90_29.85_29.80_,8_2_4_42_47_
09:17:34,30.00,2,435,30.05_30.10_30.15_30.20_30.25_,6_11_9_34_61_,30.00_29.95_29.90_29.85_29.80_,6_2_4_42_66_
09:17:39,30.00,2,435,30.05_30.10_30.15_30.20_30.25_,6_11_9_34_61_,30.00_29.95_29.90_29.85_29.80_,12_2_4_42_66_
09:17:50,30.05,20,457,30.05_30.10_30.15_30.20_30.25_,4_16_8_20_55_,30.00_29.95_29.90_29.85_29.80_,10_2_5_42_66_
09:18:36,30.05,2,467,30.05_30.10_30.15_30.20_30.25_,12_19_20_19_1_,30.00_29.90_29.85_29.80_29.75_,10_51_17_51_2_
09:18:41,30.05,12,479,30.10_30.15_30.20_30.25_30.30_,30_11_19_55_20_,30.05_30.00_29.90_29.85_29.80_,4_10_9_42_49_
09:18:46,30.05,12,479,30.10_30.15_30.20_30.25_30.30_,27_20_19_5_74_,30.05_30.00_29.90_29.85_29.80_,17_10_51_17_51_
09:18:51,30.05,10,489,30.10_30.15_30.20_30.25_30.30_,30_20_19_1_74_,30.05_30.00_29.90_29.85_29.80_,7_10_51_17_51_
09:18:56,30.05,1,490,30.10_30.15_30.20_30.25_30.30_,32_20_19_1_74_,30.05_30.00_29.90_29.85_29.80_,6_10_51_17_51_
09:19:32,30.10,30,521,30.10_30.15_30.20_30.25_30.30_,4_20_19_1_74_,30.05_30.00_29.95_29.90_29.85_,12_17_2_51_38_
09:20:08,30.10,4,525,30.15_30.20_30.25_30.30_30.35_,12_29_1_39_37_,30.10_30.05_30.00_29.95_29.90_,14_15_14_45_45_
09:20:23,30.15,10,535,30.15_30.20_30.25_30.30_30.35_,3_29_1_21_54_,30.10_30.05_30.00_29.95_29.90_,12_15_14_45_45_
09:20:54,30.15,3,554,30.20_30.25_30.30_30.35_30.40_,22_10_21_23_36_,30.10_30.05_30.00_29.95_29.90_,8_17_23_41_45_
09:20:59,30.15,3,554,30.20_30.25_30.30_30.35_30.40_,22_10_21_23_36_,30.10_30.05_30.00_29.95_29.90_,10_17_23_41_45_
09:22:06,30.25,5,588,30.25_30.30_30.35_30.40_30.45_,2_30_2_25_35_,30.15_30.10_30.05_30.00_29.95_,24_10_25_52_45_
09:22:16,30.25,5,588,30.25_30.30_30.35_30.40_30.45_,2_30_2_25_35_,30.20_30.15_30.10_30.05_30.00_,1_24_10_25_52_
09:22:21,30.25,5,588,30.25_30.30_30.35_30.40_30.45_,2_30_2_5_55_,30.20_30.15_30.10_30.05_30.00_,1_24_10_61_53_
09:22:26,30.25,5,588,30.25_30.30_30.35_30.40_30.45_,3_30_2_5_55_,30.20_30.15_30.10_30.05_30.00_,1_24_10_61_53_
09:22:52,30.20,2,592,30.25_30.30_30.35_30.40_30.45_,1_30_2_5_55_,30.20_30.15_30.10_30.05_30.00_,8_25_14_52_53_
09:23:07,30.20,8,600,30.20_30.25_30.30_30.35_30.40_,2_3_30_2_59_,30.15_30.10_30.05_30.00_29.95_,25_6_25_54_45_
09:23:33,30.20,1,601,30.20_30.25_30.30_30.35_30.40_,6_2_30_6_59_,30.15_30.10_30.05_30.00_29.95_,25_16_25_54_45_
09:24:09,30.20,1,602,30.20_30.25_30.30_30.35_30.40_,7_13_30_6_59_,30.15_30.10_30.05_30.00_29.95_,26_15_25_54_45_
09:24:35,30.20,1,608,30.20_30.25_30.30_30.35_30.40_,2_13_30_6_59_,30.15_30.10_30.05_30.00_29.95_,26_14_25_54_45_
09:24:40,30.15,1,609,30.20_30.25_30.30_30.35_30.40_,2_13_30_6_59_,30.15_30.10_30.05_30.00_29.95_,25_14_25_54_45_
09:25:57,30.20,1,625,30.20_30.25_30.30_30.35_30.40_,4_14_32_4_30_,30.15_30.10_30.05_30.00_29.95_,25_14_26_53_45_
09:26:27,30.20,4,631,30.25_30.30_30.35_30.40_30.45_,15_32_4_10_55_,30.20_30.15_30.10_30.05_30.00_,1_25_14_59_57_
09:26:37,30.20,4,631,30.25_30.30_30.35_30.40_30.45_,15_32_4_10_55_,30.20_30.15_30.10_30.05_30.00_,2_24_23_50_57_
09:26:43,30.20,2,633,30.20_30.25_30.30_30.35_30.40_,3_15_32_4_10_,30.15_30.10_30.05_30.00_29.95_,24_23_50_57_8_
09:26:48,30.20,2,635,30.20_30.25_30.30_30.35_30.40_,3_15_32_4_60_,30.15_30.10_30.05_30.00_29.95_,24_14_25_55_44_
09:26:58,30.20,1,640,30.25_30.30_30.35_30.40_30.45_,16_32_4_27_38_,30.20_30.15_30.10_30.05_30.00_,8_24_14_59_57_
09:27:24,30.20,8,649,30.25_30.30_30.35_30.40_30.45_,15_32_4_23_38_,30.15_30.10_30.05_30.00_29.95_,24_14_59_60_8_
09:28:10,30.20,2,651,30.20_30.25_30.30_30.35_30.40_,14_22_23_4_63_,30.15_30.10_30.05_30.00_29.95_,23_12_25_60_44_
09:28:20,30.20,2,651,30.20_30.25_30.30_30.35_30.40_,14_22_23_4_63_,30.15_30.10_30.05_30.00_29.95_,33_12_25_60_44_
09:28:25,30.20,2,651,30.20_30.25_30.30_30.35_30.40_,16_13_32_21_46_,30.15_30.10_30.05_30.00_29.95_,33_12_25_60_44_
09:28:30,30.20,2,651,30.20_30.25_30.30_30.35_30.40_,18_13_32_21_46_,30.15_30.10_30.05_30.00_29.95_,33_12_25_60_44_
09:28:51,30.20,2,651,30.20_30.25_30.30_30.35_30.40_,20_13_32_23_46_,30.15_30.10_30.05_30.00_29.95_,33_12_29_63_44_
09:30:38,30.20,1,662,30.20_30.25_30.30_30.35_30.40_,39_3_30_6_63_,30.15_30.10_30.05_30.00_29.95_,28_12_28_63_44_
09:32:36,30.20,2,682,30.20_30.25_30.30_30.35_30.40_,40_24_21_4_63_,30.15_30.10_30.05_30.00_29.95_,13_12_20_72_44_
09:33:53,30.15,2,695,30.20_30.25_30.30_30.35_30.40_,35_24_21_4_63_,30.15_30.10_30.05_30.00_29.95_,9_17_20_73_44_
09:34:55,30.15,2,697,30.20_30.25_30.30_30.35_30.40_,37_24_25_4_63_,30.15_30.10_30.05_30.00_29.95_,8_18_20_73_44_
09:36:01,30.10,2,711,30.15_30.20_30.25_30.30_30.35_,35_26_3_25_58_,30.10_30.05_30.00_29.95_29.90_,17_20_67_46_45_
09:36:06,30.10,10,721,30.15_30.20_30.25_30.30_30.35_,35_26_3_25_58_,30.10_30.05_30.00_29.95_29.90_,12_20_68_46_45_
09:36:47,30.10,2,727,30.15_30.20_30.25_30.30_30.35_,58_6_6_25_58_,30.10_30.05_30.00_29.95_29.90_,6_25_59_56_45_
09:36:52,30.10,2,727,30.15_30.20_30.25_30.30_30.35_,58_3_6_25_58_,30.10_30.05_30.00_29.95_29.90_,7_25_59_56_45_
09:36:58,30.10,5,732,30.15_30.20_30.25_30.30_30.35_,58_3_6_25_58_,30.10_30.05_30.00_29.95_29.90_,2_25_60_56_45_
09:37:03,30.15,1,733,30.15_30.20_30.25_30.30_30.35_,57_3_6_25_58_,30.10_30.05_30.00_29.95_29.90_,2_25_60_56_45_
09:37:13,30.10,2,735,30.15_30.20_30.25_30.30_30.35_,57_3_6_25_58_,30.05_30.00_29.95_29.90_29.85_,25_60_56_45_3_
09:38:09,30.00,3,763,30.05_30.10_30.15_30.20_30.25_,49_9_5_3_60_,30.00_29.95_29.90_29.85_29.80_,31_9_18_40_66_
09:38:40,30.00,2,769,30.05_30.10_30.15_30.20_30.25_,52_9_2_3_60_,30.00_29.95_29.90_29.85_29.80_,29_7_9_50_66_
09:39:01,30.00,2,781,30.05_30.20_30.25_30.30_30.35_,61_3_63_24_4_,30.00_29.95_29.90_29.85_29.80_,20_7_10_50_66_
09:39:57,30.00,2,783,30.05_30.10_30.20_30.25_30.30_,62_11_3_63_24_,30.00_29.95_29.90_29.85_29.80_,21_9_10_50_66_
09:40:07,30.00,3,786,30.05_30.10_30.20_30.25_30.30_,62_11_3_63_24_,30.00_29.95_29.90_29.85_29.80_,18_9_10_50_66_
09:40:33,30.00,10,802,30.05_30.10_30.20_30.25_30.30_,62_12_3_62_24_,30.00_29.95_29.90_29.85_29.80_,2_9_10_50_66_
09:40:38,30.00,1,803,30.05_30.10_30.20_30.25_30.30_,62_12_3_62_24_,30.00_29.95_29.90_29.85_29.80_,1_9_10_50_66_
09:40:43,30.00,1,803,30.05_30.10_30.20_30.25_30.30_,62_12_2_62_24_,30.00_29.95_29.90_29.85_29.80_,1_9_12_50_66_
09:40:48,30.00,1,804,30.00_30.05_30.10_30.20_30.25_,1_62_12_2_62_,29.95_29.90_29.85_29.80_29.75_,9_10_50_67_1_
09:40:53,29.95,1,805,30.00_30.05_30.10_30.15_30.20_,17_46_12_17_39_,29.95_29.90_29.85_29.80_29.75_,8_10_2_78_37_
09:40:58,29.95,2,807,30.00_30.05_30.10_30.20_30.25_,26_37_12_56_6_,29.95_29.90_29.85_29.80_29.75_,6_10_2_78_37_
09:42:41,29.85,10,839,29.85_29.95_30.00_30.05_30.10_,10_54_15_27_37_,29.80_29.75_29.70_29.65_29.60_,38_11_50_19_64_
09:44:34,29.70,1,899,29.70_29.75_29.80_29.85_29.90_,59_30_30_27_37_,29.65_29.60_29.55_29.50_29.45_,17_46_17_150_36_
09:45:30,29.70,4,1005,29.70_29.75_29.80_29.85_29.90_,13_25_14_27_37_,29.65_29.60_29.55_29.50_29.45_,39_58_45_161_39_
09:45:35,29.70,14,1019,29.75_29.80_29.85_29.90_29.95_,25_14_29_37_2_,29.70_29.65_29.60_29.55_29.50_,11_40_58_45_161_
09:46:11,29.75,2,1047,29.75_29.80_29.85_29.90_29.95_,1_23_2_17_39_,29.70_29.65_29.60_29.55_29.50_,16_36_69_75_152_
09:48:19,29.80,1,1065,29.85_29.95_30.00_30.05_30.20_,11_19_42_8_2_,29.75_29.70_29.65_29.60_29.55_,18_31_50_116_77_
09:48:24,29.80,1,1065,29.85_29.95_30.00_30.05_30.20_,11_2_25_46_2_,29.75_29.70_29.65_29.60_29.55_,18_31_66_117_58_
09:48:35,29.80,1,1065,29.85_29.90_29.95_30.00_30.05_,2_9_2_22_49_,29.80_29.75_29.70_29.65_29.60_,5_11_42_72_101_
09:48:55,29.80,1,1068,29.90_29.95_30.00_30.05_30.10_,9_2_5_32_34_,29.80_29.75_29.70_29.65_29.60_,10_10_58_74_85_
09:49:05,29.90,1,1069,29.90_29.95_30.00_30.05_30.10_,10_2_5_32_34_,29.80_29.75_29.70_29.65_29.60_,8_10_42_90_85_
09:49:16,29.90,1,1069,29.90_29.95_30.00_30.05_30.10_,10_2_9_32_34_,29.80_29.75_29.70_29.65_29.60_,8_10_42_90_85_
09:49:21,29.90,1,1069,29.90_29.95_30.00_30.05_30.10_,10_2_9_32_34_,29.80_29.75_29.70_29.65_29.60_,9_14_42_90_85_
09:49:26,29.90,1,1070,29.90_29.95_30.00_30.05_30.10_,10_2_9_32_34_,29.80_29.75_29.70_29.65_29.60_,9_14_42_90_86_
09:49:36,29.90,1,1070,29.90_29.95_30.00_30.05_30.10_,10_2_9_32_34_,29.85_29.80_29.75_29.70_29.65_,11_8_14_42_90_
09:49:41,29.90,1,1071,29.90_29.95_30.00_30.05_30.10_,9_2_9_29_37_,29.85_29.80_29.75_29.70_29.65_,12_7_14_78_71_
09:49:46,29.90,1,1071,29.90_29.95_30.00_30.05_30.10_,9_2_9_29_37_,29.85_29.80_29.75_29.70_29.65_,12_17_14_78_71_
09:49:52,29.90,1,1071,29.90_29.95_30.00_30.05_30.10_,2_11_9_29_37_,29.85_29.80_29.75_29.70_29.65_,13_17_23_70_71_
09:49:57,29.90,2,1073,29.90_29.95_30.00_30.05_30.10_,1_11_9_29_37_,29.85_29.80_29.75_29.70_29.65_,13_17_23_70_71_
09:51:44,29.85,1,1078,29.90_29.95_30.00_30.05_30.10_,2_11_9_31_37_,29.85_29.80_29.75_29.70_29.65_,5_29_23_71_74_
09:52:05,29.85,5,1083,29.90_29.95_30.00_30.05_30.10_,2_11_9_34_34_,29.85_29.80_29.75_29.70_29.65_,1_29_23_51_77_
09:52:10,29.85,5,1083,29.90_29.95_30.00_30.05_30.10_,2_11_9_31_37_,29.85_29.80_29.75_29.70_29.65_,2_29_23_71_74_
09:52:25,29.85,5,1083,29.90_29.95_30.00_30.05_30.10_,2_11_9_31_37_,29.85_29.80_29.75_29.70_29.65_,3_29_23_71_74_
09:52:31,29.85,5,1083,29.90_29.95_30.00_30.05_30.10_,2_13_9_31_37_,29.85_29.80_29.75_29.70_29.65_,3_24_23_71_74_
09:52:36,29.85,1,1084,29.90_29.95_30.00_30.05_30.10_,2_13_9_31_37_,29.85_29.80_29.75_29.70_29.65_,4_24_24_71_74_
09:52:41,29.85,1,1085,29.90_29.95_30.00_30.05_30.10_,2_13_9_31_37_,29.85_29.80_29.75_29.70_29.65_,3_24_24_71_74_
09:53:37,29.90,1,1086,29.90_29.95_30.00_30.05_30.10_,19_11_9_31_37_,29.85_29.80_29.75_29.70_29.65_,3_34_24_71_74_
09:53:42,29.90,1,1086,29.90_29.95_30.00_30.05_30.10_,24_11_9_31_37_,29.85_29.80_29.75_29.70_29.65_,4_35_24_71_75_
09:53:53,29.90,1,1086,29.90_29.95_30.00_30.05_30.10_,24_11_9_31_37_,29.85_29.80_29.75_29.70_29.65_,4_35_24_74_75_
09:54:39,29.90,1,1086,29.90_29.95_30.00_30.05_30.10_,24_11_8_31_37_,29.85_29.80_29.75_29.70_29.65_,4_35_24_74_75_
09:54:54,29.90,1,1086,29.90_29.95_30.00_30.05_30.10_,26_22_8_31_37_,29.85_29.80_29.75_29.70_29.65_,4_35_24_74_75_
09:55:51,29.90,5,1091,29.90_29.95_30.00_30.05_30.10_,25_23_7_31_37_,29.85_29.80_29.75_29.70_29.65_,4_36_24_74_75_
09:56:01,29.90,1,1094,29.90_29.95_30.00_30.05_30.10_,22_23_7_31_37_,29.85_29.80_29.75_29.70_29.65_,4_36_24_74_75_
09:56:21,29.90,1,1094,29.90_29.95_30.00_30.05_30.10_,22_23_7_31_37_,29.85_29.80_29.75_29.70_29.65_,4_36_24_79_75_
09:57:08,29.85,1,1095,29.90_29.95_30.00_30.05_30.10_,22_23_7_27_37_,29.85_29.80_29.75_29.70_29.65_,83_36_24_79_75_
09:57:49,29.90,16,1119,29.95_30.00_30.05_30.10_30.15_,14_16_10_17_37_,29.90_29.85_29.80_29.75_29.70_,1_86_47_55_79_
09:57:59,29.95,1,1120,29.95_30.00_30.05_30.10_30.15_,13_16_10_17_37_,29.90_29.85_29.80_29.75_29.70_,4_86_47_55_79_
09:58:04,29.95,1,1120,29.95_30.00_30.05_30.10_30.15_,13_16_10_17_37_,29.90_29.85_29.80_29.75_29.70_,7_83_47_55_79_
09:58:09,29.95,1,1120,29.95_30.00_30.05_30.10_30.15_,13_16_10_17_37_,29.90_29.85_29.80_29.75_29.70_,8_82_47_55_79_
09:58:29,29.95,1,1121,29.95_30.00_30.05_30.10_30.15_,12_16_10_17_37_,29.90_29.85_29.80_29.75_29.70_,8_82_47_55_79_
09:58:35,29.95,1,1121,29.95_30.00_30.05_30.10_30.15_,12_16_10_17_37_,29.90_29.85_29.80_29.75_29.70_,8_82_47_55_80_
09:59:10,29.90,8,1129,29.90_29.95_30.00_30.05_30.10_,1_12_16_27_37_,29.85_29.80_29.75_29.70_29.65_,83_47_15_85_75_
10:00:02,29.90,1,1130,29.95_30.00_30.05_30.10_30.15_,15_44_10_17_37_,29.90_29.85_29.80_29.75_29.70_,4_83_46_54_80_
10:00:07,29.95,10,1140,29.95_30.00_30.05_30.10_30.15_,5_44_10_17_37_,29.90_29.85_29.80_29.75_29.70_,4_83_46_54_80_
10:00:53,29.95,1,1142,29.95_30.00_30.05_30.10_30.15_,4_44_9_18_37_,29.90_29.85_29.80_29.75_29.70_,14_83_36_55_79_
10:01:39,29.90,1,1144,29.95_30.00_30.05_30.10_30.15_,4_44_9_18_37_,29.90_29.85_29.80_29.75_29.70_,13_83_36_55_79_
10:02:15,29.90,1,1144,29.95_30.00_30.05_30.10_30.15_,7_44_9_18_37_,29.90_29.85_29.80_29.75_29.70_,14_83_37_55_80_
10:03:58,29.95,1,1150,29.95_30.00_30.05_30.10_30.15_,7_54_9_17_37_,29.90_29.85_29.80_29.75_29.70_,3_83_37_55_80_
10:04:03,29.95,1,1150,29.95_30.00_30.05_30.10_30.15_,7_54_9_17_37_,29.90_29.85_29.80_29.75_29.70_,3_84_37_55_80_
10:04:08,29.95,1,1150,29.95_30.00_30.05_30.10_30.15_,7_54_9_17_37_,29.90_29.85_29.80_29.75_29.70_,6_84_37_55_80_
10:04:13,29.95,9,1159,30.00_30.05_30.10_30.15_30.20_,54_9_17_37_4_,29.95_29.90_29.85_29.80_29.75_,1_6_84_37_55_
10:04:18,29.95,9,1159,30.00_30.05_30.15_30.20_30.25_,54_9_17_41_5_,29.95_29.90_29.85_29.80_29.75_,1_6_84_66_50_
10:04:23,29.95,9,1159,30.00_30.05_30.15_30.20_30.25_,54_9_17_41_5_,29.95_29.90_29.85_29.80_29.75_,1_7_84_66_50_
10:04:59,30.00,3,1173,30.00_30.05_30.10_30.15_30.20_,43_9_1_20_38_,29.90_29.85_29.80_29.75_29.70_,8_84_27_72_73_
10:05:25,30.00,3,1173,30.00_30.05_30.10_30.15_30.20_,44_9_1_21_38_,29.90_29.85_29.80_29.75_29.70_,8_84_27_72_73_
10:05:45,30.00,1,1174,30.00_30.05_30.10_30.15_30.20_,43_9_1_21_38_,29.90_29.85_29.80_29.75_29.70_,20_84_27_72_73_
10:06:01,30.00,1,1175,30.00_30.05_30.10_30.15_30.20_,57_9_1_21_38_,29.90_29.85_29.80_29.75_29.70_,20_84_27_72_73_
10:06:42,29.90,1,1176,30.00_30.05_30.10_30.15_30.20_,57_10_8_18_41_,29.95_29.90_29.85_29.80_29.75_,12_19_84_65_50_
10:07:12,29.95,1,1177,30.00_30.05_30.10_30.15_30.20_,57_10_8_18_41_,29.95_29.90_29.85_29.80_29.75_,11_29_84_65_49_
10:07:23,29.95,1,1177,30.00_30.05_30.10_30.15_30.20_,57_10_8_18_41_,29.95_29.90_29.85_29.80_29.75_,21_29_84_65_49_
10:07:28,29.95,1,1177,30.00_30.05_30.10_30.15_30.20_,57_10_8_18_41_,29.95_29.90_29.85_29.80_29.75_,22_29_84_65_49_
10:07:33,29.95,1,1177,30.00_30.05_30.10_30.15_30.20_,57_10_8_18_41_,29.95_29.90_29.85_29.80_29.75_,22_28_84_65_49_
10:07:43,29.95,1,1177,30.00_30.05_30.10_30.15_30.20_,56_10_8_18_41_,29.95_29.90_29.85_29.80_29.75_,22_28_84_65_49_
10:07:48,29.95,1,1177,30.00_30.05_30.10_30.15_30.20_,56_10_9_18_41_,29.95_29.90_29.85_29.80_29.75_,22_28_84_65_49_
10:07:58,29.95,8,1185,30.00_30.05_30.10_30.15_30.20_,56_10_9_18_41_,29.95_29.90_29.85_29.80_29.75_,14_28_84_65_49_
10:08:45,29.95,2,1188,30.00_30.05_30.10_30.15_30.20_,59_8_9_18_41_,29.95_29.90_29.85_29.80_29.75_,11_28_85_65_48_
10:09:51,29.95,3,1192,30.00_30.05_30.10_30.15_30.20_,80_9_9_18_41_,29.95_29.90_29.85_29.80_29.75_,7_28_85_66_48_
10:10:07,29.95,1,1193,30.00_30.05_30.10_30.15_30.20_,80_9_9_18_41_,29.95_29.90_29.85_29.80_29.75_,6_28_85_66_48_
10:10:27,29.95,1,1194,30.00_30.05_30.10_30.15_30.20_,82_10_10_18_41_,29.95_29.90_29.85_29.80_29.75_,5_28_88_65_48_
10:10:58,29.95,5,1199,29.95_30.00_30.05_30.10_30.15_,27_64_8_27_37_,29.90_29.85_29.80_29.75_29.70_,28_88_27_53_103_
10:11:03,29.95,5,1199,29.95_30.00_30.05_30.10_30.15_,41_64_8_27_37_,29.90_29.85_29.80_29.75_29.70_,28_88_27_53_103_
10:11:08,29.95,5,1199,29.95_30.00_30.05_30.10_30.15_,41_68_8_27_37_,29.90_29.85_29.80_29.75_29.70_,28_88_27_53_103_
10:11:13,29.95,5,1199,29.95_30.00_30.05_30.10_30.15_,41_68_8_27_37_,29.90_29.85_29.80_29.75_29.70_,28_88_27_53_102_
10:11:29,29.95,5,1199,29.95_30.00_30.05_30.10_30.15_,41_68_8_23_37_,29.90_29.85_29.80_29.75_29.70_,28_88_27_53_102_
10:12:05,29.95,1,1200,29.95_30.00_30.05_30.10_30.15_,38_71_8_23_37_,29.90_29.85_29.80_29.75_29.70_,78_88_28_53_102_
10:12:25,29.95,1,1200,29.95_30.00_30.05_30.10_30.15_,40_71_8_23_37_,29.90_29.85_29.80_29.75_29.70_,78_88_28_53_102_
10:13:52,29.95,10,1225,29.95_30.00_30.05_30.10_30.15_,28_86_11_23_37_,29.90_29.85_29.80_29.75_29.70_,67_88_28_53_104_
10:14:08,29.95,10,1225,29.95_30.00_30.05_30.10_30.15_,28_86_11_23_37_,29.90_29.85_29.80_29.75_29.70_,84_88_28_53_104_
10:14:13,29.95,10,1225,29.95_30.00_30.05_30.10_30.15_,27_86_11_23_37_,29.90_29.85_29.80_29.75_29.70_,84_88_28_53_107_
10:14:23,29.95,10,1225,29.95_30.00_30.05_30.10_30.15_,27_86_11_23_37_,29.90_29.85_29.80_29.75_29.70_,86_88_28_53_107_
10:15:56,29.90,1,1232,29.95_30.00_30.05_30.10_30.15_,57_85_11_22_37_,29.90_29.85_29.80_29.75_29.70_,89_88_28_55_107_
10:16:57,29.90,1,1235,29.95_30.00_30.05_30.10_30.15_,57_85_11_22_37_,29.90_29.85_29.80_29.75_29.70_,88_88_28_55_107_
10:17:23,29.90,1,1235,29.95_30.00_30.05_30.10_30.15_,57_85_11_22_37_,29.90_29.85_29.80_29.75_29.70_,88_88_26_55_107_
10:20:01,29.90,1,1245,29.95_30.00_30.05_30.10_30.15_,88_70_11_22_37_,29.90_29.85_29.80_29.75_29.70_,111_88_17_72_97_
10:21:28,29.90,1,1271,29.95_30.00_30.05_30.10_30.15_,71_68_11_22_37_,29.90_29.85_29.80_29.75_29.70_,87_87_17_72_107_
10:21:39,29.90,1,1271,29.95_30.00_30.05_30.10_30.15_,71_68_11_22_37_,29.90_29.85_29.80_29.75_29.70_,107_87_18_72_107_
10:22:30,29.90,1,1272,29.95_30.00_30.05_30.10_30.15_,71_69_11_22_37_,29.90_29.85_29.80_29.75_29.70_,106_87_18_72_107_
10:23:42,29.95,1,1273,29.95_30.00_30.05_30.10_30.15_,74_69_11_22_37_,29.90_29.85_29.80_29.75_29.70_,110_88_18_72_107_
10:25:55,29.90,2,1281,29.95_30.00_30.05_30.10_30.15_,55_87_11_22_20_,29.90_29.85_29.80_29.75_29.70_,91_87_35_39_108_
10:26:05,29.95,20,1301,29.95_30.00_30.05_30.10_30.15_,35_87_11_22_20_,29.90_29.85_29.80_29.75_29.70_,91_87_35_39_108_
10:26:10,29.90,2,1303,29.95_30.00_30.05_30.10_30.15_,46_76_11_22_20_,29.90_29.85_29.80_29.75_29.70_,89_87_35_39_108_
10:27:01,29.90,1,1305,29.95_30.00_30.05_30.10_30.15_,44_77_11_22_20_,29.90_29.85_29.80_29.75_29.70_,88_87_35_39_108_
10:28:18,29.95,1,1306,29.95_30.00_30.05_30.10_30.15_,44_77_11_22_20_,29.90_29.85_29.80_29.75_29.70_,88_87_35_39_108_
10:28:28,29.95,1,1307,29.95_30.00_30.05_30.10_30.15_,45_77_11_22_20_,29.90_29.85_29.80_29.75_29.70_,88_87_35_39_108_
10:28:34,29.95,1,1307,29.95_30.00_30.05_30.10_30.15_,46_77_11_22_20_,29.90_29.85_29.80_29.75_29.70_,88_87_35_39_108_
10:28:39,29.95,1,1307,29.95_30.00_30.05_30.10_30.15_,46_77_11_22_20_,29.90_29.85_29.80_29.75_29.70_,89_87_35_39_91_
10:28:44,29.95,1,1307,29.95_30.00_30.05_30.10_30.15_,46_76_11_22_20_,29.90_29.85_29.80_29.75_29.70_,89_87_35_39_91_
10:30:01,29.95,2,1318,29.95_30.00_30.05_30.10_30.15_,37_76_11_22_20_,29.90_29.85_29.80_29.75_29.70_,85_87_35_39_91_
10:30:11,29.90,15,1333,29.95_30.00_30.05_30.10_30.15_,37_76_11_22_20_,29.90_29.85_29.80_29.75_29.70_,70_87_35_39_91_
10:30:52,29.95,1,1335,29.95_30.00_30.05_30.10_30.15_,40_86_11_23_20_,29.90_29.85_29.80_29.75_29.70_,69_88_35_39_91_
10:30:57,29.95,1,1335,29.95_30.00_30.05_30.10_30.15_,42_86_11_23_20_,29.90_29.85_29.80_29.75_29.70_,69_88_35_39_91_
10:31:28,29.90,1,1336,29.95_30.00_30.05_30.10_30.15_,42_86_11_23_20_,29.90_29.85_29.80_29.75_29.70_,68_87_36_39_91_
10:34:43,29.90,2,1357,29.95_30.00_30.05_30.10_30.15_,67_86_11_22_20_,29.90_29.85_29.80_29.75_29.70_,54_87_36_39_91_
10:35:08,29.90,3,1363,29.95_30.00_30.05_30.10_30.15_,66_86_11_22_20_,29.90_29.85_29.80_29.75_29.70_,50_87_36_39_91_
10:36:15,29.90,2,1367,29.95_30.00_30.05_30.10_30.15_,69_88_11_22_20_,29.90_29.85_29.80_29.75_29.70_,47_87_36_40_91_
10:36:56,29.90,4,1371,29.95_30.00_30.05_30.10_30.15_,81_77_11_22_20_,29.90_29.85_29.80_29.75_29.70_,46_87_36_40_96_
10:37:47,29.90,1,1383,29.95_30.00_30.05_30.10_30.15_,81_76_11_22_20_,29.90_29.85_29.80_29.75_29.70_,33_87_36_40_96_
10:38:08,29.90,5,1388,29.95_30.00_30.05_30.10_30.15_,81_76_11_22_20_,29.90_29.85_29.80_29.75_29.70_,28_87_36_40_96_
10:38:13,29.90,2,1390,29.95_30.00_30.05_30.10_30.15_,81_76_11_22_20_,29.90_29.85_29.80_29.75_29.70_,26_87_36_40_96_
10:38:33,29.90,2,1416,29.90_29.95_30.00_30.05_30.10_,12_53_77_28_42_,29.85_29.80_29.75_29.70_29.65_,92_36_18_114_77_
10:38:54,29.90,2,1416,29.90_29.95_30.00_30.05_30.10_,37_32_72_28_38_,29.85_29.80_29.75_29.70_29.65_,92_36_18_114_77_
10:40:06,29.85,11,1431,29.90_29.95_30.00_30.05_30.10_,50_39_55_28_38_,29.85_29.80_29.75_29.70_29.65_,76_19_35_115_60_
10:40:36,29.85,1,1432,29.90_29.95_30.00_30.05_30.10_,61_45_51_28_38_,29.85_29.80_29.75_29.70_29.65_,75_19_40_115_60_
10:40:57,29.85,1,1435,29.90_29.95_30.00_30.05_30.10_,63_43_51_28_38_,29.85_29.80_29.75_29.70_29.65_,72_19_40_115_60_
10:41:59,29.85,2,1452,29.90_29.95_30.00_30.05_30.10_,60_44_51_28_38_,29.85_29.80_29.75_29.70_29.65_,63_19_41_115_60_
10:42:45,29.85,2,1452,29.90_29.95_30.00_30.05_30.10_,63_43_51_28_38_,29.85_29.80_29.75_29.70_29.65_,63_19_41_115_60_
10:42:55,29.85,2,1452,29.90_29.95_30.00_30.05_30.10_,63_43_51_28_38_,29.85_29.80_29.75_29.70_29.65_,63_24_41_115_60_
10:43:00,29.85,1,1453,29.90_29.95_30.00_30.05_30.10_,63_43_51_28_38_,29.85_29.80_29.75_29.70_29.65_,62_24_41_115_60_
10:44:33,29.85,3,1467,29.90_29.95_30.00_30.05_30.10_,62_42_51_28_38_,29.85_29.80_29.75_29.70_29.65_,49_24_41_125_60_
10:45:55,29.85,3,1472,29.90_29.95_30.00_30.05_30.10_,63_42_52_28_38_,29.85_29.80_29.75_29.70_29.65_,46_24_41_125_60_
10:48:18,29.80,4,1541,29.85_29.90_29.95_30.00_30.05_,71_47_15_68_48_,29.80_29.75_29.70_29.65_29.60_,1_20_107_78_89_
10:48:54,29.80,1,1542,29.80_29.85_29.90_29.95_30.00_,30_76_13_32_88_,29.75_29.70_29.65_29.60_29.55_,22_92_60_87_75_
10:49:30,29.75,2,1559,29.80_29.85_29.90_29.95_30.00_,49_62_13_32_85_,29.75_29.70_29.65_29.60_29.55_,5_91_60_87_75_
10:49:40,29.75,5,1564,29.75_29.80_29.85_29.90_29.95_,5_49_62_13_32_,29.70_29.65_29.60_29.55_29.50_,91_60_88_75_68_
10:49:45,29.75,5,1564,29.75_29.80_29.85_29.90_29.95_,11_44_60_30_52_,29.70_29.65_29.60_29.55_29.50_,91_60_54_72_104_
10:51:02,29.70,1,1565,29.75_29.80_29.85_29.90_29.95_,53_41_27_28_51_,29.70_29.65_29.60_29.55_29.50_,93_45_71_73_104_
10:51:38,29.70,10,1577,29.75_29.80_29.85_29.90_29.95_,55_40_27_28_51_,29.70_29.65_29.60_29.55_29.50_,89_45_71_73_105_
10:52:24,29.70,12,1590,29.75_29.80_29.85_29.90_29.95_,55_40_27_27_51_,29.70_29.65_29.60_29.55_29.50_,78_45_71_73_105_
10:52:45,29.70,1,1591,29.75_29.80_29.85_29.90_29.95_,54_40_27_27_51_,29.70_29.65_29.60_29.55_29.50_,77_45_71_73_105_
10:53:57,29.70,2,1618,29.75_29.80_29.85_29.90_29.95_,56_39_26_27_51_,29.70_29.65_29.60_29.55_29.50_,52_47_72_81_105_
10:54:17,29.70,1,1619,29.75_29.80_29.85_29.90_29.95_,56_38_26_27_51_,29.70_29.65_29.60_29.55_29.50_,51_47_72_81_105_
10:55:29,29.70,1,1629,29.75_29.80_29.85_29.90_29.95_,60_38_1_26_51_,29.70_29.65_29.60_29.55_29.50_,42_47_72_98_88_
10:55:55,29.70,11,1640,29.75_29.80_29.85_29.90_29.95_,60_27_1_26_51_,29.70_29.65_29.60_29.55_29.50_,31_47_72_81_105_
10:56:20,29.70,1,1641,29.75_29.80_29.85_29.90_29.95_,61_26_1_25_51_,29.70_29.65_29.60_29.55_29.50_,30_47_72_81_105_
10:57:42,29.70,2,1651,29.75_29.80_29.85_29.90_29.95_,56_26_1_25_51_,29.70_29.65_29.60_29.55_29.50_,29_46_72_81_105_
11:01:38,29.65,1,1684,29.70_29.75_29.80_29.85_29.90_,51_36_3_18_44_,29.65_29.60_29.55_29.50_29.45_,64_55_64_130_20_
11:01:59,29.65,2,1686,29.70_29.75_29.80_29.85_29.90_,55_36_3_18_44_,29.65_29.60_29.55_29.50_29.45_,63_55_64_130_20_
11:02:04,29.65,2,1686,29.70_29.75_29.80_29.85_29.90_,55_36_3_18_44_,29.65_29.60_29.55_29.50_29.45_,64_57_64_130_20_
11:03:00,29.65,1,1688,29.70_29.75_29.80_29.85_29.90_,54_35_3_18_44_,29.65_29.60_29.55_29.50_29.45_,64_58_65_130_20_
11:04:12,29.65,3,1691,29.70_29.75_29.80_29.85_29.90_,54_35_3_18_40_,29.65_29.60_29.55_29.50_29.45_,62_58_65_131_20_
11:05:03,29.65,10,1705,29.70_29.75_29.80_29.85_29.90_,54_25_3_17_40_,29.65_29.60_29.55_29.50_29.45_,49_57_65_130_20_
11:05:54,29.65,1,1709,29.70_29.75_29.80_29.85_29.90_,57_23_3_21_40_,29.65_29.60_29.55_29.50_29.45_,48_56_66_130_20_
11:08:54,29.65,30,1770,29.65_29.70_29.75_29.80_29.85_,36_47_4_20_40_,29.60_29.55_29.50_29.45_29.40_,56_53_97_53_20_
11:09:09,29.65,30,1770,29.65_29.70_29.75_29.80_29.85_,46_37_1_20_40_,29.60_29.55_29.50_29.45_29.40_,59_53_97_53_20_
11:09:20,29.65,30,1770,29.65_29.70_29.75_29.80_29.85_,46_37_2_20_40_,29.60_29.55_29.50_29.45_29.40_,59_52_97_53_20_
11:09:55,29.65,30,1770,29.65_29.70_29.75_29.80_29.85_,58_35_2_20_40_,29.60_29.55_29.50_29.45_29.40_,60_51_98_53_20_
11:10:52,29.65,10,1781,29.65_29.70_29.75_29.80_29.85_,60_25_2_21_40_,29.60_29.55_29.50_29.45_29.40_,59_51_114_37_20_
11:10:57,29.65,10,1781,29.65_29.70_29.75_29.80_29.85_,60_25_2_21_40_,29.60_29.55_29.50_29.45_29.40_,64_51_98_53_20_
11:13:10,29.70,10,1869,29.70_29.75_29.80_29.85_29.90_,6_2_21_20_40_,29.65_29.60_29.55_29.50_29.45_,25_82_51_130_20_
11:13:16,29.70,6,1875,29.75_29.80_29.85_29.90_29.95_,2_21_20_40_7_,29.70_29.65_29.60_29.55_29.50_,8_25_82_51_130_
11:14:53,29.75,2,1878,29.80_29.85_29.90_29.95_30.00_,9_21_4_24_83_,29.75_29.70_29.65_29.60_29.55_,4_28_37_120_68_
11:15:34,29.75,1,1879,29.75_29.80_29.85_29.90_29.95_,3_8_22_23_44_,29.70_29.65_29.60_29.55_29.50_,28_37_69_101_97_
11:15:39,29.75,1,1879,29.75_29.80_29.85_29.90_29.95_,3_8_22_23_44_,29.70_29.65_29.60_29.55_29.50_,28_38_69_101_97_
11:16:05,29.75,1,1879,29.75_29.80_29.85_29.90_29.95_,6_8_21_23_44_,29.70_29.65_29.60_29.55_29.50_,28_38_69_101_107_
11:16:30,29.75,1,1879,29.75_29.80_29.85_29.90_29.95_,6_8_21_23_44_,29.70_29.65_29.60_29.55_29.50_,27_38_69_101_97_
11:18:59,29.85,1,1895,29.85_29.90_29.95_30.00_30.05_,6_22_9_86_18_,29.75_29.70_29.65_29.60_29.55_,7_40_35_109_64_
11:19:24,29.85,6,1901,29.90_29.95_30.00_30.05_30.10_,22_9_49_18_43_,29.85_29.75_29.70_29.65_29.60_,7_4_91_19_92_
11:20:26,29.85,6,1901,29.90_29.95_30.00_30.05_30.10_,37_14_47_19_43_,29.85_29.80_29.75_29.70_29.65_,22_1_4_87_36_
11:20:31,29.85,6,1901,29.90_29.95_30.00_30.05_30.10_,37_14_47_18_43_,29.85_29.80_29.75_29.70_29.65_,22_1_4_87_36_
11:20:41,29.85,6,1901,29.90_29.95_30.00_30.05_30.10_,37_14_47_18_43_,29.85_29.80_29.75_29.70_29.65_,22_2_4_82_36_
11:21:28,29.85,2,1903,29.90_29.95_30.00_30.05_30.10_,40_24_47_18_43_,29.85_29.80_29.75_29.70_29.65_,20_2_4_82_36_
11:24:17,29.85,1,1908,29.90_29.95_30.00_30.05_30.10_,45_24_47_18_43_,29.85_29.80_29.75_29.70_29.65_,21_7_4_82_37_
11:26:15,29.85,1,1912,29.90_29.95_30.00_30.05_30.10_,24_42_48_19_43_,29.85_29.80_29.75_29.70_29.65_,18_7_27_65_37_
11:26:35,29.85,1,1912,29.90_29.95_30.00_30.05_30.10_,26_42_48_19_43_,29.85_29.80_29.75_29.70_29.65_,18_7_27_65_37_
11:28:02,29.85,2,1918,29.90_29.95_30.00_30.05_30.10_,29_42_47_18_43_,29.85_29.80_29.75_29.70_29.65_,7_13_27_65_37_
11:30:21,29.85,2,1923,29.90_29.95_30.00_30.05_30.10_,51_36_47_18_43_,29.85_29.80_29.75_29.70_29.65_,2_14_27_65_37_
11:33:15,29.80,1,1935,29.85_29.90_29.95_30.00_30.05_,32_45_12_65_37_,29.80_29.75_29.70_29.65_29.60_,8_11_47_70_92_
11:33:21,29.80,1,1935,29.85_29.90_29.95_30.00_30.05_,33_45_12_65_37_,29.80_29.75_29.70_29.65_29.60_,8_11_47_70_92_
11:33:41,29.80,2,1939,29.85_29.90_29.95_30.00_30.05_,31_45_12_65_37_,29.80_29.75_29.70_29.65_29.60_,2_11_47_70_92_
11:34:53,29.80,3,1948,29.85_29.90_29.95_30.00_30.05_,35_55_12_65_37_,29.75_29.70_29.65_29.60_29.55_,9_46_69_92_48_
11:34:58,29.80,3,1948,29.85_29.90_29.95_30.00_30.05_,35_55_12_85_17_,29.75_29.70_29.65_29.60_29.55_,12_46_35_109_65_
11:35:19,29.75,1,1949,29.85_29.90_29.95_30.00_30.05_,35_56_12_85_17_,29.75_29.70_29.65_29.60_29.55_,11_46_35_109_65_
11:35:24,29.75,1,1950,29.85_29.90_29.95_30.00_30.05_,35_56_29_68_17_,29.75_29.70_29.65_29.60_29.55_,10_46_35_109_65_
11:35:54,29.75,1,1951,29.80_29.85_29.90_29.95_30.00_,4_50_40_31_82_,29.75_29.70_29.65_29.60_29.55_,9_29_36_126_65_
11:36:25,29.75,1,1951,29.80_29.85_29.90_29.95_30.00_,24_40_31_31_82_,29.75_29.70_29.65_29.60_29.55_,9_29_38_126_63_
11:37:26,29.75,2,1956,29.80_29.85_29.90_29.95_30.00_,35_41_20_31_82_,29.75_29.70_29.65_29.60_29.55_,4_14_38_141_63_
11:40:36,29.70,1,1971,29.75_29.80_29.85_29.90_29.95_,81_42_20_39_25_,29.65_29.60_29.55_29.50_29.45_,33_108_79_110_21_
11:40:57,29.65,1,1972,29.70_29.75_29.80_29.85_29.90_,20_74_32_20_53_,29.65_29.60_29.55_29.50_29.45_,33_108_62_127_21_
11:41:28,29.65,1,1972,29.70_29.75_29.80_29.85_29.90_,38_92_4_20_53_,29.65_29.60_29.55_29.50_29.45_,33_91_80_127_20_
11:41:48,29.65,1,1974,29.70_29.75_29.80_29.85_29.90_,49_81_4_20_53_,29.65_29.60_29.55_29.50_29.45_,31_90_80_127_20_
11:42:34,29.65,1,1983,29.70_29.75_29.80_29.85_29.90_,45_65_20_20_53_,29.65_29.60_29.55_29.50_29.45_,28_107_64_127_20_
11:43:00,29.65,4,2017,29.70_29.75_29.80_29.85_29.90_,16_63_19_20_53_,29.65_29.60_29.55_29.50_29.45_,27_107_64_127_20_
11:43:25,29.70,3,2020,29.70_29.75_29.80_29.85_29.90_,13_65_19_19_53_,29.65_29.60_29.55_29.50_29.45_,27_107_64_127_20_
11:43:51,29.70,3,2020,29.70_29.75_29.80_29.85_29.90_,3_75_19_19_53_,29.65_29.60_29.55_29.50_29.45_,27_107_65_127_20_
11:43:56,29.70,3,2020,29.70_29.75_29.80_29.85_29.90_,4_74_19_19_53_,29.65_29.60_29.55_29.50_29.45_,27_107_65_127_20_
11:45:29,29.70,1,2026,29.75_29.80_29.85_29.90_29.95_,77_19_2_33_45_,29.70_29.65_29.60_29.55_29.50_,2_24_124_83_108_
11:45:39,29.75,6,2032,29.75_29.80_29.85_29.90_29.95_,71_19_2_33_45_,29.70_29.65_29.60_29.55_29.50_,2_24_124_83_108_
11:46:15,29.75,2,2034,29.75_29.80_29.85_29.90_29.95_,69_19_2_33_45_,29.70_29.65_29.60_29.55_29.50_,2_25_124_83_108_
11:47:01,29.70,2,2036,29.75_29.80_29.85_29.90_29.95_,69_20_2_33_45_,29.70_29.65_29.60_29.55_29.50_,2_24_124_83_109_
11:47:16,29.70,2,2036,29.75_29.80_29.85_29.90_29.95_,69_20_2_33_45_,29.70_29.65_29.60_29.55_29.50_,2_25_124_83_109_
11:49:34,29.70,2,2038,29.75_29.80_29.85_29.90_29.95_,72_19_2_33_45_,29.70_29.65_29.60_29.55_29.50_,16_24_124_82_109_
11:49:55,29.75,10,2048,29.75_29.80_29.85_29.90_29.95_,62_19_2_33_45_,29.70_29.65_29.60_29.55_29.50_,16_24_124_82_109_
11:50:00,29.75,1,2049,29.75_29.80_29.85_29.90_29.95_,61_19_2_33_45_,29.70_29.65_29.60_29.55_29.50_,16_24_124_82_109_
11:50:56,29.70,1,2053,29.75_29.80_29.85_29.90_29.95_,60_19_2_32_45_,29.70_29.65_29.60_29.55_29.50_,13_24_124_82_109_
11:51:58,29.75,10,2063,29.75_29.80_29.85_29.90_29.95_,52_19_2_32_45_,29.70_29.65_29.60_29.55_29.50_,14_24_126_82_109_
11:52:03,29.75,5,2068,29.75_29.80_29.85_29.90_29.95_,47_19_2_31_45_,29.70_29.65_29.60_29.55_29.50_,14_24_126_82_109_
11:52:24,29.75,5,2068,29.75_29.80_29.85_29.90_29.95_,47_19_2_31_45_,29.70_29.65_29.60_29.55_29.50_,15_24_126_82_109_
11:53:36,29.75,3,2093,29.75_29.80_29.85_29.90_29.95_,25_19_2_31_45_,29.70_29.65_29.60_29.55_29.50_,13_24_126_82_109_
11:53:41,29.75,3,2093,29.75_29.80_29.85_29.90_29.95_,25_19_2_31_45_,29.70_29.65_29.60_29.55_29.50_,13_25_126_82_109_
11:54:22,29.75,3,2093,29.75_29.80_29.85_29.90_29.95_,25_2_19_31_45_,29.70_29.65_29.60_29.55_29.50_,16_42_109_82_109_
11:54:47,29.75,3,2093,29.75_29.80_29.85_29.90_29.95_,25_2_19_30_45_,29.70_29.65_29.60_29.55_29.50_,16_42_109_82_109_
11:54:53,29.75,3,2093,29.75_29.80_29.85_29.90_29.95_,25_2_21_30_45_,29.70_29.65_29.60_29.55_29.50_,16_42_109_82_109_
11:54:58,29.75,1,2094,29.75_29.80_29.85_29.90_29.95_,26_2_21_30_45_,29.70_29.65_29.60_29.55_29.50_,16_42_109_82_109_
11:57:21,29.75,1,2100,29.75_29.80_29.85_29.90_29.95_,20_6_22_30_42_,29.70_29.65_29.60_29.55_29.50_,19_41_109_82_108_
11:57:57,29.75,1,2100,29.75_29.80_29.85_29.90_29.95_,23_5_22_30_42_,29.70_29.65_29.60_29.55_29.50_,22_44_109_82_108_
11:59:34,29.75,20,2122,29.80_29.85_29.90_29.95_30.00_,7_22_30_42_26_,29.70_29.65_29.60_29.55_29.50_,22_44_109_79_108_
12:00:05,29.80,1,2123,29.80_29.85_29.90_29.95_30.00_,6_21_14_21_64_,29.75_29.70_29.65_29.60_29.55_,5_22_59_128_62_
12:02:03,29.75,2,2131,29.85_29.90_29.95_30.00_30.05_,28_14_21_46_18_,29.75_29.70_29.65_29.60_29.55_,7_21_59_131_62_
12:02:39,29.75,2,2131,29.85_29.90_29.95_30.00_30.05_,11_31_21_46_18_,29.75_29.70_29.65_29.60_29.55_,7_38_42_131_62_
12:04:47,29.75,2,2133,29.85_29.90_29.95_30.00_30.05_,14_29_22_47_18_,29.75_29.70_29.65_29.60_29.55_,6_40_42_131_62_
12:05:23,29.75,2,2133,29.85_29.90_29.95_30.00_30.05_,14_29_22_47_18_,29.75_29.70_29.65_29.60_29.55_,9_40_60_112_62_
12:05:33,29.75,2,2133,29.85_29.90_29.95_30.00_30.05_,15_29_21_47_18_,29.75_29.70_29.65_29.60_29.55_,9_40_60_112_62_
12:05:38,29.75,2,2133,29.80_29.85_29.90_29.95_30.00_,2_15_29_21_47_,29.75_29.70_29.65_29.60_29.55_,9_40_60_112_62_
12:05:44,29.75,2,2133,29.80_29.85_29.90_29.95_30.00_,2_15_29_21_64_,29.75_29.70_29.65_29.60_29.55_,9_40_42_131_62_
12:07:00,29.75,2,2133,29.80_29.85_29.90_29.95_30.00_,12_8_30_21_64_,29.75_29.70_29.65_29.60_29.55_,17_46_42_130_62_
12:08:27,29.80,1,2137,29.80_29.85_29.90_29.95_30.00_,8_9_30_21_64_,29.75_29.70_29.65_29.60_29.55_,20_46_42_130_62_
12:10:46,29.80,2,2151,29.85_29.90_29.95_30.00_30.05_,29_30_5_43_37_,29.80_29.75_29.70_29.65_29.60_,4_13_66_62_111_
12:11:06,29.80,2,2151,29.85_29.90_29.95_30.00_30.05_,28_31_5_43_37_,29.80_29.75_29.70_29.65_29.60_,5_13_66_62_111_
12:12:03,29.80,2,2151,29.85_29.90_29.95_30.00_30.05_,28_32_5_43_37_,29.80_29.75_29.70_29.65_29.60_,5_13_66_62_111_
12:13:40,29.85,5,2156,29.85_29.90_29.95_30.00_30.05_,25_31_6_43_37_,29.80_29.75_29.70_29.65_29.60_,18_13_67_61_111_
12:14:01,29.85,5,2156,29.85_29.90_29.95_30.00_30.05_,26_30_6_43_37_,29.80_29.75_29.70_29.65_29.60_,18_13_67_61_111_
12:14:11,29.85,5,2156,29.85_29.90_29.95_30.00_30.05_,26_30_6_43_37_,29.80_29.75_29.70_29.65_29.60_,20_13_67_61_111_
12:21:37,29.80,1,2184,29.80_29.85_29.90_29.95_30.00_,8_24_29_21_64_,29.75_29.70_29.65_29.60_29.55_,17_50_42_181_62_
12:24:06,29.80,1,2197,29.85_29.90_29.95_30.00_30.05_,23_29_5_43_37_,29.75_29.70_29.65_29.60_29.55_,19_66_62_162_45_
12:25:08,29.75,2,2199,29.80_29.85_29.90_29.95_30.00_,2_44_16_22_64_,29.75_29.70_29.65_29.60_29.55_,19_37_59_181_62_
12:25:23,29.75,2,2199,29.80_29.85_29.90_29.95_30.00_,3_44_16_22_63_,29.75_29.70_29.65_29.60_29.55_,20_37_59_181_62_
12:26:14,29.75,2,2199,29.80_29.85_29.90_29.95_30.00_,5_44_16_22_73_,29.75_29.70_29.65_29.60_29.55_,20_37_59_183_62_
12:26:40,29.75,2,2199,29.80_29.85_29.90_29.95_30.00_,17_44_16_22_73_,29.75_29.70_29.65_29.60_29.55_,18_38_59_185_62_
12:26:55,29.75,2,2199,29.80_29.85_29.90_29.95_30.00_,17_44_16_22_73_,29.75_29.70_29.65_29.60_29.55_,20_38_59_185_62_
12:29:09,29.75,2,2214,29.80_29.85_29.90_29.95_30.00_,20_45_14_20_76_,29.75_29.70_29.65_29.60_29.55_,5_39_59_186_62_
12:31:32,29.75,2,2216,29.80_29.85_29.90_29.95_30.00_,21_45_14_20_76_,29.75_29.70_29.65_29.60_29.55_,9_38_59_186_62_
12:34:11,29.75,1,2226,29.80_29.85_29.90_29.95_30.00_,20_45_14_20_76_,29.75_29.70_29.65_29.60_29.55_,12_38_59_186_61_
12:34:21,29.75,2,2228,29.80_29.85_29.90_29.95_30.00_,21_45_14_20_76_,29.75_29.70_29.65_29.60_29.55_,10_48_59_186_61_
12:34:52,29.75,2,2228,29.80_29.85_29.90_29.95_30.00_,33_51_14_20_76_,29.75_29.70_29.65_29.60_29.55_,14_48_59_186_61_
12:36:04,29.75,2,2230,29.80_29.85_29.90_29.95_30.00_,33_50_19_25_76_,29.75_29.70_29.65_29.60_29.55_,16_128_59_186_61_
12:36:45,29.75,2,2230,29.80_29.85_29.90_29.95_30.00_,33_50_19_25_76_,29.75_29.70_29.65_29.60_29.55_,16_130_59_186_61_
12:37:11,29.80,5,2235,29.80_29.85_29.90_29.95_30.00_,30_50_19_25_76_,29.75_29.70_29.65_29.60_29.55_,16_131_59_186_61_
12:39:29,29.80,1,2238,29.80_29.85_29.90_29.95_30.00_,31_50_19_25_76_,29.75_29.70_29.65_29.60_29.55_,20_131_59_186_61_
12:40:10,29.75,2,2240,29.80_29.85_29.90_29.95_30.00_,29_50_19_25_76_,29.75_29.70_29.65_29.60_29.55_,19_131_59_186_61_
12:42:44,29.75,2,2240,29.80_29.85_29.90_29.95_30.00_,32_50_19_25_75_,29.75_29.70_29.65_29.60_29.55_,25_132_59_186_61_
12:43:00,29.75,2,2242,29.80_29.85_29.90_29.95_30.00_,30_50_19_25_75_,29.75_29.70_29.65_29.60_29.55_,23_132_59_186_61_
12:43:10,29.80,1,2244,29.80_29.85_29.90_29.95_30.00_,29_50_19_25_75_,29.75_29.70_29.65_29.60_29.55_,22_132_59_186_61_
12:43:15,29.80,1,2244,29.80_29.85_29.90_29.95_30.00_,29_50_19_42_58_,29.75_29.70_29.65_29.60_29.55_,22_132_59_186_61_
12:43:30,29.80,1,2244,29.80_29.85_29.90_29.95_30.00_,34_50_19_42_58_,29.75_29.70_29.65_29.60_29.55_,22_132_59_186_61_
12:44:42,29.75,1,2245,29.80_29.85_29.90_29.95_30.00_,35_50_19_25_75_,29.75_29.70_29.65_29.60_29.55_,22_131_59_186_61_
12:44:58,29.75,1,2245,29.80_29.85_29.90_29.95_30.00_,39_50_19_25_75_,29.75_29.70_29.65_29.60_29.55_,22_131_59_186_61_
12:45:28,29.90,52,2336,29.95_30.00_30.05_30.10_30.20_,26_71_20_6_3_,29.90_29.80_29.75_29.70_29.65_,148_161_39_147_60_
12:45:34,30.00,15,2351,30.00_30.10_30.15_30.20_30.30_,49_39_20_3_4_,29.90_29.80_29.75_29.70_29.65_,150_194_56_131_43_
12:47:06,30.00,1,2521,30.00_30.05_30.10_30.15_30.20_,47_1_23_20_17_,29.95_29.90_29.85_29.80_29.75_,1_10_17_194_56_
12:47:11,30.00,1,2521,30.00_30.05_30.10_30.15_30.20_,47_1_7_33_20_,29.95_29.90_29.85_29.80_29.75_,1_20_33_213_38_
12:47:37,29.95,1,2523,30.00_30.05_30.10_30.15_30.20_,47_1_23_20_17_,29.90_29.85_29.80_29.75_29.70_,21_17_195_55_148_
12:50:51,29.85,10,2743,29.85_29.90_30.00_30.05_30.10_,127_130_63_21_9_,29.80_29.75_29.70_29.65_29.60_,21_28_162_69_166_
12:51:48,29.85,10,2743,29.85_29.90_30.00_30.05_30.10_,129_30_48_21_9_,29.80_29.75_29.70_29.65_29.60_,22_28_162_68_165_
12:53:35,29.85,1,2771,29.85_29.90_30.00_30.05_30.10_,121_30_51_21_9_,29.80_29.75_29.70_29.65_29.60_,9_28_162_68_165_
12:56:30,29.80,1,2774,29.85_29.90_30.00_30.05_30.10_,116_30_51_21_6_,29.80_29.75_29.70_29.65_29.60_,15_40_161_68_165_
12:57:16,29.80,1,2774,29.85_29.90_30.00_30.05_30.10_,116_30_51_21_6_,29.80_29.75_29.70_29.65_29.60_,15_40_162_68_165_
13:00:36,29.80,1,2774,29.85_29.90_30.00_30.05_30.10_,117_30_51_21_6_,29.80_29.75_29.70_29.65_29.60_,17_40_163_68_166_
13:01:43,29.80,1,2774,29.85_29.90_30.00_30.05_30.10_,116_30_51_21_6_,29.80_29.75_29.70_29.65_29.60_,24_39_163_68_166_
13:02:03,29.80,1,2774,29.85_29.90_30.00_30.05_30.10_,116_30_51_21_6_,29.80_29.75_29.70_29.65_29.60_,24_40_163_68_166_
13:02:39,29.80,1,2774,29.85_29.90_30.00_30.05_30.10_,118_30_51_21_6_,29.80_29.75_29.70_29.65_29.60_,25_40_163_68_167_
13:03:05,29.80,1,2775,29.85_29.90_30.00_30.05_30.10_,118_30_51_21_6_,29.80_29.75_29.70_29.65_29.60_,24_40_163_68_167_
13:06:14,29.80,12,2790,29.85_29.90_30.00_30.05_30.10_,118_18_35_21_6_,29.80_29.75_29.70_29.65_29.60_,39_41_163_51_167_
13:07:06,29.80,1,2792,29.85_29.90_30.00_30.05_30.10_,120_17_35_21_6_,29.80_29.75_29.70_29.65_29.60_,41_43_163_51_167_
13:07:41,29.80,1,2792,29.85_29.90_30.00_30.05_30.10_,120_17_35_21_6_,29.80_29.75_29.70_29.65_29.60_,42_44_163_51_167_
13:08:02,29.80,1,2792,29.85_29.90_30.00_30.05_30.10_,122_17_35_21_6_,29.80_29.75_29.70_29.65_29.60_,42_44_163_51_167_
13:08:33,29.85,10,2802,29.85_29.90_30.00_30.05_30.10_,111_17_35_21_6_,29.80_29.75_29.70_29.65_29.60_,43_42_163_53_167_
13:08:38,29.85,10,2802,29.85_29.90_30.00_30.05_30.10_,111_17_35_21_6_,29.80_29.75_29.70_29.65_29.60_,38_42_163_53_167_
13:11:32,29.80,1,2809,29.85_29.90_30.00_30.05_30.10_,106_17_35_21_6_,29.80_29.75_29.70_29.65_29.60_,38_41_163_54_167_
13:11:58,29.80,1,2810,29.85_29.90_30.00_30.05_30.10_,105_17_35_21_6_,29.80_29.75_29.70_29.65_29.60_,37_41_163_54_167_
13:12:39,29.80,2,2812,29.85_29.90_30.00_30.05_30.10_,105_17_51_21_6_,29.80_29.75_29.70_29.65_29.60_,39_41_163_71_167_
13:12:59,29.80,2,2812,29.85_29.90_30.00_30.05_30.10_,107_17_51_21_6_,29.80_29.75_29.70_29.65_29.60_,39_41_163_71_167_
13:13:25,29.85,5,2817,29.85_29.90_30.00_30.05_30.10_,102_17_51_21_6_,29.80_29.75_29.70_29.65_29.60_,40_41_163_71_167_
13:13:35,29.80,1,2818,29.85_29.90_30.00_30.05_30.10_,100_17_51_21_6_,29.80_29.75_29.70_29.65_29.60_,39_41_163_71_167_
13:14:22,29.85,2,2820,29.85_29.90_30.00_30.05_30.10_,98_17_51_21_6_,29.80_29.75_29.70_29.65_29.60_,39_41_166_71_167_
13:14:42,29.85,1,2821,29.85_29.90_30.00_30.05_30.10_,98_17_51_21_6_,29.80_29.75_29.70_29.65_29.60_,41_41_171_71_167_
13:15:28,29.80,1,2822,29.85_29.90_30.00_30.05_30.10_,97_17_51_21_6_,29.80_29.75_29.70_29.65_29.60_,41_41_171_71_167_
13:15:54,29.80,1,2822,29.85_29.90_30.00_30.05_30.10_,97_17_51_21_6_,29.80_29.75_29.70_29.65_29.60_,42_41_171_71_170_
13:15:59,29.80,1,2823,29.85_29.90_30.00_30.05_30.10_,98_17_51_21_6_,29.80_29.75_29.70_29.65_29.60_,41_41_171_71_170_
13:17:01,29.80,1,2824,29.85_29.90_30.00_30.05_30.10_,98_17_51_21_6_,29.80_29.75_29.70_29.65_29.60_,40_41_171_71_170_
13:17:31,29.85,1,2825,29.85_29.90_30.00_30.05_30.10_,96_17_51_21_6_,29.80_29.75_29.70_29.65_29.60_,40_41_171_71_170_
13:18:02,29.80,1,2831,29.85_29.90_30.00_30.05_30.10_,92_17_51_21_6_,29.80_29.75_29.70_29.65_29.60_,39_36_171_71_170_
13:18:17,29.80,1,2832,29.85_29.90_30.00_30.05_30.10_,92_17_51_21_6_,29.80_29.75_29.70_29.65_29.60_,38_36_171_71_170_
13:22:34,29.85,10,2861,29.85_29.90_30.00_30.05_30.10_,62_1_59_20_5_,29.80_29.75_29.70_29.65_29.60_,38_82_153_131_170_
13:22:49,29.85,10,2861,29.85_29.90_29.95_30.00_30.05_,62_1_16_43_20_,29.80_29.75_29.70_29.65_29.60_,39_82_153_131_170_
13:23:40,29.85,1,2865,29.85_29.90_29.95_30.00_30.05_,59_1_16_43_20_,29.80_29.75_29.70_29.65_29.60_,48_82_153_131_170_
13:24:06,29.85,2,2867,29.85_29.90_29.95_30.00_30.05_,61_6_16_43_20_,29.80_29.75_29.70_29.65_29.60_,48_82_153_121_170_
13:25:04,29.80,1,2872,29.85_29.90_29.95_30.00_30.05_,59_1_16_43_20_,29.80_29.75_29.70_29.65_29.60_,46_82_153_121_170_
13:26:26,29.80,1,2872,29.80_29.85_29.95_30.00_30.05_,43_8_16_28_20_,29.75_29.70_29.65_29.60_29.55_,80_143_206_311_127_
13:27:12,29.80,1,2872,29.80_29.85_29.95_30.00_30.05_,39_8_16_28_20_,29.75_29.70_29.65_29.60_29.55_,80_138_206_311_127_
13:27:22,29.80,1,2872,29.80_29.85_29.95_30.00_30.05_,39_8_16_28_20_,29.75_29.70_29.65_29.60_29.55_,80_138_206_311_127_
13:27:33,29.80,1,2872,29.80_29.85_29.95_30.00_30.05_,38_8_16_28_20_,29.75_29.70_29.65_29.60_29.55_,80_138_206_311_127_
13:27:48,29.80,1,2872,29.80_29.85_29.95_30.00_30.05_,31_7_16_28_20_,29.75_29.70_29.65_29.60_29.55_,80_138_206_310_127_
13:28:44,29.80,1,2872,29.80_29.85_29.95_30.00_30.05_,40_7_16_28_20_,29.75_29.70_29.65_29.60_29.55_,91_158_206_310_127_
13:29:15,29.80,1,2872,29.80_29.85_29.95_30.00_30.05_,36_7_16_28_20_,29.75_29.70_29.65_29.60_29.55_,91_158_206_310_127_
13:30:00,29.80,179,3051,29.80_29.85_29.90_29.95_30.00_,30_7_5_21_33_,29.75_29.70_29.65_29.60_29.55_,40_163_211_315_132_
