09:00:07,10.10,46,46,10.10_10.15_10.20_10.25_10.30_,36_44_33_59_64_,10.05_10.00_9.99_9.97_9.95_,81_311_2_2_89_
09:01:09,10.05,1,127,10.10_10.15_10.20_10.25_10.30_,57_62_33_48_64_,10.05_10.00_9.99_9.97_9.95_,2_313_29_2_89_
09:03:12,10.05,2,129,10.10_10.15_10.20_10.25_10.30_,52_64_31_48_64_,10.05_10.00_9.99_9.97_9.95_,58_348_2_2_90_
09:03:58,10.05,2,129,10.10_10.15_10.20_10.25_10.30_,58_64_31_48_64_,10.05_10.00_9.99_9.97_9.95_,58_365_2_2_90_
09:04:03,10.05,2,129,10.10_10.15_10.20_10.25_10.30_,58_64_31_48_64_,10.05_10.00_9.99_9.97_9.95_,58_355_2_2_90_
09:04:08,10.10,3,132,10.10_10.15_10.20_10.25_10.30_,55_64_31_48_64_,10.05_10.00_9.99_9.97_9.95_,58_355_2_2_90_
09:05:40,10.05,57,190,10.10_10.15_10.20_10.25_10.30_,243_83_31_48_64_,10.05_10.00_9.99_9.97_9.95_,5_390_57_12_100_
09:05:55,10.10,1,191,10.10_10.15_10.20_10.25_10.30_,226_67_31_48_64_,10.05_10.00_9.99_9.97_9.95_,1_390_57_12_100_
09:10:32,10.05,1,254,10.05_10.10_10.15_10.20_10.25_,46_216_52_47_64_,10.00_9.99_9.98_9.97_9.96_,486_16_6_44_117_
09:10:37,10.05,10,264,10.05_10.10_10.15_10.20_10.25_,36_216_52_47_64_,10.00_9.99_9.98_9.97_9.96_,476_16_7_36_125_
09:11:13,10.00,2,266,10.05_10.10_10.15_10.20_10.25_,30_223_48_47_64_,10.00_9.99_9.98_9.97_9.96_,485_16_21_44_117_
09:13:42,10.05,1,279,10.05_10.10_10.15_10.20_10.25_,46_222_52_57_64_,10.00_9.99_9.98_9.97_9.96_,656_16_21_37_125_
09:17:32,10.05,4,349,10.05_10.10_10.15_10.20_10.25_,59_330_69_42_48_,10.00_9.99_9.98_9.97_9.96_,750_32_21_42_126_
09:17:47,10.00,2,359,10.05_10.10_10.15_10.20_10.25_,58_327_74_42_48_,10.00_9.99_9.98_9.97_9.96_,737_32_21_50_118_
09:17:52,10.05,4,363,10.05_10.10_10.15_10.20_10.25_,54_327_74_42_48_,10.00_9.99_9.98_9.97_9.96_,738_32_21_50_118_
09:18:08,10.00,1,364,10.05_10.10_10.15_10.20_10.25_,78_327_74_42_48_,10.00_9.99_9.98_9.97_9.96_,737_32_21_50_118_
09:21:18,10.00,1,368,10.05_10.10_10.15_10.20_10.25_,101_345_73_42_48_,10.00_9.99_9.98_9.97_9.96_,753_33_38_44_181_
09:22:04,10.00,1,381,10.05_10.10_10.15_10.20_10.25_,103_353_69_42_48_,10.00_9.99_9.98_9.97_9.96_,742_33_38_52_173_
09:22:19,10.00,1,381,10.05_10.10_10.15_10.20_10.25_,89_353_69_42_48_,10.00_9.99_9.98_9.97_9.96_,750_33_38_52_173_
09:22:40,10.00,1,382,10.05_10.10_10.15_10.20_10.25_,90_353_69_42_48_,10.00_9.99_9.98_9.97_9.96_,750_33_38_52_173_
09:23:00,10.00,1,382,10.05_10.10_10.15_10.20_10.25_,90_352_70_42_48_,10.00_9.99_9.98_9.97_9.96_,751_33_38_52_173_
09:23:05,10.00,1,383,10.05_10.10_10.15_10.20_10.25_,90_352_70_42_48_,10.00_9.99_9.98_9.97_9.96_,750_33_38_52_173_
09:23:15,10.00,1,384,10.05_10.10_10.15_10.20_10.25_,89_352_70_42_48_,10.00_9.99_9.98_9.97_9.96_,749_33_38_52_173_
09:24:53,10.00,1,407,10.05_10.10_10.15_10.20_10.25_,107_353_62_42_48_,10.00_9.99_9.98_9.97_9.96_,748_34_38_52_173_
09:25:18,10.05,5,412,10.05_10.10_10.15_10.20_10.25_,102_353_62_42_48_,10.00_9.99_9.98_9.97_9.96_,750_34_38_52_173_
09:26:04,10.00,2,426,10.05_10.10_10.15_10.20_10.25_,107_383_58_42_48_,10.00_9.99_9.98_9.97_9.96_,737_32_38_52_173_
09:26:09,10.00,2,426,10.05_10.10_10.15_10.20_10.25_,107_383_58_42_48_,10.00_9.99_9.98_9.97_9.96_,738_32_38_52_173_
09:30:21,10.00,1,541,10.05_10.10_10.15_10.20_10.25_,128_422_73_42_48_,10.00_9.99_9.98_9.97_9.96_,634_32_22_55_176_
09:30:46,10.00,1,541,10.05_10.10_10.15_10.20_10.25_,138_423_77_72_48_,10.00_9.99_9.98_9.97_9.96_,635_32_22_48_184_
09:30:51,10.00,1,542,10.05_10.10_10.15_10.20_10.25_,137_423_77_72_48_,10.00_9.99_9.98_9.97_9.96_,631_32_22_48_184_
09:30:56,10.00,1,542,10.05_10.10_10.15_10.20_10.25_,137_423_77_72_48_,10.00_9.99_9.98_9.97_9.96_,631_32_22_56_176_
09:31:02,10.00,1,542,10.05_10.10_10.15_10.20_10.25_,137_423_77_72_48_,10.00_9.99_9.98_9.97_9.96_,643_32_22_56_176_
09:31:27,10.00,5,597,10.05_10.10_10.15_10.20_10.25_,137_445_73_72_48_,10.00_9.99_9.98_9.97_9.96_,593_32_22_56_176_
09:32:29,10.00,3,612,10.05_10.10_10.15_10.20_10.25_,136_445_79_72_48_,10.00_9.99_9.98_9.97_9.96_,578_32_32_56_176_
09:32:34,10.00,3,612,10.05_10.10_10.15_10.20_10.25_,142_445_79_72_48_,10.00_9.99_9.98_9.97_9.96_,578_32_32_48_184_
09:34:52,10.05,4,636,10.05_10.10_10.15_10.20_10.25_,117_454_77_74_48_,10.00_9.99_9.98_9.97_9.96_,589_32_32_47_184_
09:34:57,10.05,4,636,10.05_10.10_10.15_10.20_10.25_,118_454_77_74_48_,10.00_9.99_9.98_9.97_9.96_,589_32_32_47_184_
09:35:13,10.00,6,642,10.05_10.10_10.15_10.20_10.25_,118_454_77_74_48_,10.00_9.99_9.98_9.97_9.96_,583_32_32_47_184_
09:35:38,10.00,1,656,10.05_10.10_10.15_10.20_10.25_,101_468_73_74_48_,10.00_9.99_9.98_9.97_9.96_,602_32_32_47_184_
09:37:11,10.05,10,693,10.05_10.10_10.15_10.20_10.25_,97_479_73_74_48_,10.00_9.99_9.98_9.97_9.96_,942_32_32_47_184_
09:41:06,10.00,10,908,10.05_10.10_10.15_10.20_10.25_,30_567_77_74_48_,10.00_9.99_9.98_9.97_9.96_,972_32_32_55_176_
09:41:37,10.00,1,909,10.05_10.10_10.15_10.20_10.25_,35_552_77_74_48_,10.00_9.99_9.98_9.97_9.96_,977_32_32_55_176_
09:43:35,10.00,1,939,10.05_10.10_10.15_10.20_10.25_,28_580_73_74_48_,10.00_9.99_9.98_9.97_9.96_,983_32_37_61_175_
09:46:08,10.05,1,973,10.10_10.15_10.20_10.25_10.30_,584_100_74_49_67_,10.05_10.00_9.99_9.98_9.97_,35_1042_81_37_49_
09:48:32,10.05,5,1025,10.05_10.10_10.15_10.20_10.25_,51_641_57_94_49_,10.00_9.99_9.98_9.97_9.96_,969_33_37_60_171_
09:48:52,10.05,20,1045,10.05_10.10_10.15_10.20_10.25_,53_637_62_94_49_,10.00_9.99_9.98_9.97_9.96_,970_33_37_52_179_
09:52:27,10.05,1,1149,10.05_10.10_10.15_10.20_10.25_,20_607_73_94_49_,10.00_9.99_9.98_9.97_9.96_,955_33_37_52_179_
09:52:53,10.05,1,1149,10.05_10.10_10.15_10.20_10.25_,20_609_73_94_49_,10.00_9.99_9.98_9.97_9.96_,955_33_37_52_179_
09:52:58,10.05,1,1150,10.05_10.10_10.15_10.20_10.25_,20_609_73_94_49_,10.00_9.99_9.98_9.97_9.96_,954_33_37_52_179_
09:54:40,10.05,10,1163,10.05_10.10_10.15_10.20_10.25_,22_611_73_94_49_,10.00_9.99_9.98_9.97_9.96_,951_33_37_52_179_
09:55:42,10.05,10,1163,10.05_10.10_10.15_10.20_10.25_,31_609_73_94_49_,10.00_9.99_9.98_9.97_9.96_,1001_33_37_52_179_
09:59:12,10.05,15,1212,10.10_10.15_10.20_10.25_10.30_,319_92_104_49_74_,10.05_10.00_9.99_9.98_9.97_,42_1058_82_37_49_
09:59:17,10.05,15,1212,10.10_10.15_10.20_10.25_10.30_,304_92_104_49_74_,10.05_10.00_9.99_9.98_9.97_,42_1058_82_37_49_
10:01:51,10.05,1,1221,10.10_10.15_10.20_10.25_10.30_,434_94_104_49_74_,10.05_10.00_9.99_9.98_9.97_,106_1066_82_37_44_
10:02:01,10.05,1,1222,10.10_10.15_10.20_10.25_10.30_,433_94_104_49_74_,10.05_10.00_9.99_9.98_9.97_,105_1066_82_37_44_
10:02:07,10.05,1,1222,10.10_10.15_10.20_10.25_10.30_,434_94_104_49_74_,10.05_10.00_9.99_9.98_9.97_,105_1066_82_37_44_
10:02:12,10.05,1,1223,10.10_10.15_10.20_10.25_10.30_,433_94_104_49_74_,10.05_10.00_9.99_9.98_9.97_,104_1066_82_37_44_
10:04:20,10.05,1,1226,10.10_10.15_10.20_10.25_10.30_,435_93_106_49_74_,10.05_10.00_9.99_9.98_9.97_,104_1133_82_37_44_
10:04:35,10.05,1,1226,10.10_10.15_10.20_10.25_10.30_,435_93_106_49_74_,10.05_10.00_9.99_9.98_9.97_,104_1135_82_37_44_
10:06:07,10.05,1,1278,10.10_10.15_10.20_10.25_10.30_,462_94_106_49_74_,10.05_10.00_9.99_9.98_9.97_,52_1157_82_37_44_
10:06:33,10.05,1,1279,10.10_10.15_10.20_10.25_10.30_,462_94_106_49_74_,10.05_10.00_9.99_9.98_9.97_,51_1157_82_37_44_
10:08:20,10.05,1,1280,10.10_10.15_10.20_10.25_10.30_,462_95_106_49_74_,10.05_10.00_9.99_9.98_9.97_,135_1192_82_37_44_
10:09:53,10.05,1,1290,10.10_10.15_10.20_10.25_10.30_,480_94_106_53_74_,10.05_10.00_9.99_9.98_9.97_,145_1202_82_37_44_
10:15:31,10.05,1,1361,10.10_10.15_10.20_10.25_10.30_,500_100_106_49_74_,10.05_10.00_9.99_9.98_9.97_,110_1193_82_37_44_
10:17:23,10.05,1,1408,10.10_10.15_10.20_10.25_10.30_,513_97_106_49_74_,10.05_10.00_9.99_9.98_9.97_,84_1193_82_37_44_
10:17:44,10.05,1,1411,10.10_10.15_10.20_10.25_10.30_,514_97_106_49_74_,10.05_10.00_9.99_9.98_9.97_,81_1193_82_37_44_
10:22:41,10.05,1,1471,10.10_10.15_10.20_10.25_10.30_,552_105_106_49_74_,10.05_10.00_9.99_9.98_9.97_,35_1206_82_37_44_
10:26:52,10.05,20,1529,10.05_10.10_10.15_10.20_10.25_,59_484_73_106_49_,10.00_9.99_9.98_9.97_9.96_,1213_33_37_47_165_
10:27:48,10.00,1,1547,10.05_10.10_10.15_10.20_10.25_,18_491_79_106_49_,10.00_9.99_9.98_9.97_9.96_,1205_33_37_55_157_
10:27:59,10.00,1,1547,10.05_10.10_10.15_10.20_10.25_,19_491_79_106_49_,10.00_9.99_9.98_9.97_9.96_,1206_33_37_55_157_
10:30:12,10.05,3,1556,10.05_10.10_10.15_10.20_10.25_,12_485_79_106_49_,10.00_9.99_9.98_9.97_9.96_,1214_33_37_47_165_
10:31:55,10.00,3,1583,10.05_10.10_10.15_10.20_10.25_,36_493_77_106_49_,10.00_9.99_9.98_9.97_9.96_,1193_33_37_55_157_
10:33:42,10.00,1,1603,10.05_10.10_10.15_10.20_10.25_,44_506_77_106_49_,10.00_9.99_9.98_9.97_9.96_,1183_33_37_55_158_
10:35:40,10.00,1,1660,10.05_10.10_10.15_10.20_10.25_,6_527_73_106_49_,10.00_9.99_9.98_9.97_9.96_,1207_33_37_55_158_
10:36:00,10.05,6,1666,10.10_10.15_10.20_10.25_10.30_,527_73_106_49_74_,10.00_9.99_9.98_9.97_9.96_,1207_33_37_55_158_
10:36:06,10.00,2,1668,10.10_10.15_10.20_10.25_10.30_,528_94_106_49_74_,10.00_9.99_9.98_9.97_9.96_,1208_33_72_59_110_
10:36:11,10.00,2,1668,10.10_10.15_10.20_10.25_10.30_,533_94_106_49_74_,10.00_9.99_9.98_9.97_9.96_,1208_41_79_50_104_
10:38:19,10.05,2,1680,10.10_10.15_10.20_10.25_10.30_,532_95_111_49_74_,10.05_10.00_9.99_9.98_9.97_,3_1259_64_37_44_
10:41:49,10.05,1,1703,10.10_10.15_10.20_10.25_10.30_,569_93_111_49_74_,10.05_10.00_9.99_9.98_9.97_,23_1262_64_37_44_
10:42:20,10.05,2,1705,10.10_10.15_10.20_10.25_10.30_,569_93_111_49_74_,10.05_10.00_9.99_9.98_9.97_,21_1262_64_37_44_
10:42:30,10.05,1,1707,10.10_10.15_10.20_10.25_10.30_,568_93_111_49_74_,10.05_10.00_9.99_9.98_9.97_,20_1312_64_37_44_
10:42:46,10.05,6,1723,10.10_10.15_10.20_10.25_10.30_,562_98_111_49_74_,10.05_10.00_9.99_9.98_9.97_,4_1312_64_37_44_
10:44:38,10.05,5,1752,10.05_10.10_10.15_10.20_10.25_,44_544_70_110_49_,10.00_9.99_9.98_9.97_9.96_,1240_33_37_52_160_
10:45:04,10.00,20,1772,10.05_10.10_10.15_10.20_10.25_,56_539_76_110_49_,10.00_9.99_9.98_9.97_9.96_,1225_33_37_52_160_
10:46:16,10.00,1,1799,10.05_10.10_10.15_10.20_10.25_,44_557_69_110_49_,10.00_9.99_9.98_9.97_9.96_,1234_33_37_52_160_
10:46:26,10.05,25,1824,10.05_10.10_10.15_10.20_10.25_,19_557_69_110_49_,10.00_9.99_9.98_9.97_9.96_,1234_33_37_52_160_
10:46:31,10.05,25,1824,10.05_10.10_10.15_10.20_10.25_,18_557_77_110_49_,10.00_9.99_9.98_9.97_9.96_,1239_33_37_44_168_
10:46:36,10.05,25,1824,10.05_10.10_10.15_10.20_10.25_,18_557_77_110_49_,10.00_9.99_9.98_9.97_9.96_,1244_33_37_44_168_
10:47:58,10.05,5,1831,10.05_10.10_10.15_10.20_10.25_,12_570_69_110_49_,10.00_9.99_9.98_9.97_9.96_,1247_33_37_44_168_
10:49:15,10.00,1,1837,10.05_10.10_10.15_10.20_10.25_,29_569_69_110_49_,10.00_9.99_9.98_9.97_9.96_,1245_33_37_52_160_
10:52:35,10.05,30,1914,10.05_10.10_10.15_10.20_10.25_,50_576_53_110_49_,10.00_9.99_9.98_9.97_9.96_,1210_34_38_44_168_
10:53:11,10.00,1,1915,10.05_10.10_10.15_10.20_10.25_,54_576_53_110_49_,10.00_9.99_9.98_9.97_9.96_,1210_34_38_44_168_
10:59:31,10.00,16,2074,10.05_10.10_10.15_10.20_10.25_,29_594_63_113_49_,10.00_9.99_9.98_9.97_9.96_,1154_34_38_47_160_
10:59:46,10.00,16,2074,10.05_10.10_10.15_10.20_10.25_,12_594_63_113_49_,10.00_9.99_9.98_9.97_9.96_,1154_34_38_47_160_
11:02:20,10.05,3,2121,10.05_10.10_10.15_10.20_10.25_,25_593_63_113_49_,10.00_9.99_9.98_9.97_9.96_,1113_34_38_39_168_
11:04:28,10.05,1,2141,10.05_10.10_10.15_10.20_10.25_,10_593_63_113_49_,10.00_9.99_9.98_9.97_9.96_,1101_34_38_39_168_
11:05:34,10.05,10,2151,10.10_10.15_10.20_10.25_10.30_,602_99_113_49_75_,10.05_10.00_9.99_9.98_9.97_,13_1151_78_38_39_
11:10:32,10.05,1,2176,10.10_10.15_10.20_10.25_10.30_,633_98_113_49_75_,10.05_10.00_9.99_9.98_9.97_,44_1135_78_38_39_
11:11:34,10.05,12,2188,10.10_10.15_10.20_10.25_10.30_,625_97_113_49_75_,10.05_10.00_9.99_9.98_9.97_,36_1137_78_38_39_
11:12:04,10.05,2,2192,10.10_10.15_10.20_10.25_10.30_,626_97_113_49_75_,10.05_10.00_9.99_9.98_9.97_,32_1137_78_38_39_
11:12:20,10.05,1,2193,10.10_10.15_10.20_10.25_10.30_,630_92_113_49_75_,10.05_10.00_9.99_9.98_9.97_,31_1137_78_38_39_
11:12:30,10.05,10,2203,10.10_10.15_10.20_10.25_10.30_,631_92_113_49_75_,10.05_10.00_9.99_9.98_9.97_,21_1137_78_38_39_
11:13:57,10.05,3,2216,10.10_10.15_10.20_10.25_10.30_,637_92_113_49_75_,10.05_10.00_9.99_9.98_9.97_,8_1137_78_38_39_
11:14:17,10.05,1,2218,10.10_10.15_10.20_10.25_10.30_,638_93_113_49_75_,10.05_10.00_9.99_9.98_9.97_,6_1137_78_38_39_
11:15:29,10.05,1,2222,10.10_10.15_10.20_10.25_10.30_,638_94_113_49_75_,10.05_10.00_9.99_9.98_9.97_,3_1148_78_38_39_
11:17:22,10.00,2,2243,10.05_10.10_10.15_10.20_10.25_,43_622_63_113_49_,10.00_9.99_9.98_9.97_9.96_,1091_34_38_39_177_
11:17:32,10.00,1,2244,10.05_10.10_10.15_10.20_10.25_,43_622_63_113_49_,10.00_9.99_9.98_9.97_9.96_,1091_34_38_39_177_
11:19:51,10.00,2,2279,10.05_10.10_10.15_10.20_10.25_,15_621_63_113_49_,10.00_9.99_9.98_9.97_9.96_,1077_34_38_39_177_
11:20:16,10.00,2,2279,10.05_10.10_10.15_10.20_10.25_,16_621_63_113_49_,10.00_9.99_9.98_9.97_9.96_,1077_34_38_39_177_
11:20:26,10.00,2,2281,10.05_10.10_10.15_10.20_10.25_,16_621_63_113_49_,10.00_9.99_9.98_9.97_9.96_,1075_34_38_39_177_
11:22:14,10.00,2,2286,10.05_10.10_10.15_10.20_10.25_,16_623_63_113_49_,10.00_9.99_9.98_9.97_9.96_,1067_34_38_39_177_
11:26:15,10.00,1,2299,10.05_10.10_10.15_10.20_10.25_,21_622_63_113_49_,10.00_9.99_9.98_9.97_9.96_,1105_34_38_47_169_
11:29:35,10.00,1,2308,10.05_10.10_10.15_10.20_10.25_,21_623_63_113_49_,10.00_9.99_9.98_9.97_9.96_,1109_34_38_47_169_
11:29:45,10.00,1,2309,10.05_10.10_10.15_10.20_10.25_,20_623_63_113_49_,10.00_9.99_9.98_9.97_9.96_,1108_34_38_39_177_
11:31:48,10.05,1,2316,10.05_10.10_10.15_10.20_10.25_,53_622_63_113_49_,10.00_9.99_9.98_9.97_9.96_,1120_33_38_39_177_
11:35:39,10.00,1,2393,10.05_10.10_10.15_10.20_10.25_,54_625_63_113_49_,10.00_9.99_9.98_9.97_9.96_,1102_33_38_47_169_
11:39:09,10.00,2,2404,10.05_10.10_10.15_10.20_10.25_,92_624_63_113_49_,10.00_9.99_9.98_9.97_9.96_,1152_33_38_39_177_
11:40:41,10.00,10,2414,10.05_10.10_10.15_10.20_10.25_,27_625_63_113_49_,10.00_9.99_9.98_9.97_9.96_,1192_33_38_47_169_
11:41:07,10.05,1,2415,10.05_10.10_10.15_10.20_10.25_,26_624_63_113_49_,10.00_9.99_9.98_9.97_9.96_,1192_33_38_39_177_
11:41:33,10.05,1,2415,10.05_10.10_10.15_10.20_10.25_,46_624_63_113_49_,10.00_9.99_9.98_9.97_9.96_,1192_33_38_39_177_
11:45:03,10.00,4,2426,10.05_10.10_10.15_10.20_10.25_,46_623_63_113_49_,10.00_9.99_9.98_9.97_9.96_,1184_33_38_47_169_
11:46:09,10.05,5,2432,10.05_10.10_10.15_10.20_10.25_,42_624_63_113_49_,10.00_9.99_9.98_9.97_9.96_,1190_33_38_39_177_
11:47:41,10.05,1,2433,10.05_10.10_10.15_10.20_10.25_,42_624_63_113_49_,10.00_9.99_9.98_9.97_9.96_,1192_33_38_39_177_
11:48:12,10.05,1,2433,10.05_10.10_10.15_10.20_10.25_,49_625_63_113_49_,10.00_9.99_9.98_9.97_9.96_,1192_33_38_39_177_
11:50:00,10.00,55,2488,10.05_10.10_10.15_10.20_10.25_,59_625_63_113_49_,10.00_9.99_9.98_9.97_9.96_,1138_33_39_47_169_
11:53:51,10.00,50,2555,10.05_10.10_10.15_10.20_10.25_,90_629_63_113_49_,10.00_9.99_9.98_9.97_9.96_,1116_33_39_39_177_
11:55:33,10.05,1,2563,10.05_10.10_10.15_10.20_10.25_,80_629_63_113_49_,10.00_9.99_9.98_9.97_9.96_,1124_33_39_39_177_
11:55:59,10.05,1,2563,10.05_10.10_10.15_10.20_10.25_,80_630_63_113_49_,10.00_9.99_9.98_9.97_9.96_,1124_33_39_39_177_
12:02:08,10.05,1,2609,10.05_10.10_10.15_10.20_10.25_,95_636_63_113_49_,10.00_9.99_9.98_9.97_9.96_,1148_33_39_39_177_
12:02:55,10.05,2,2611,10.05_10.10_10.15_10.20_10.25_,94_636_63_113_49_,10.00_9.99_9.98_9.97_9.96_,1148_33_39_39_177_
12:03:15,10.00,2,2613,10.05_10.10_10.15_10.20_10.25_,94_638_63_113_49_,10.00_9.99_9.98_9.97_9.96_,1153_33_39_47_169_
12:05:38,10.00,5,2624,10.05_10.10_10.15_10.20_10.25_,108_638_63_113_49_,10.00_9.99_9.98_9.97_9.96_,1154_33_39_39_177_
12:07:16,10.00,4,2628,10.05_10.10_10.15_10.20_10.25_,106_636_63_113_49_,10.00_9.99_9.98_9.97_9.96_,1150_33_39_47_169_
12:08:17,10.05,2,2630,10.05_10.10_10.15_10.20_10.25_,104_636_63_113_49_,10.00_9.99_9.98_9.97_9.96_,1162_33_39_39_177_
12:11:27,10.05,10,2715,10.05_10.10_10.15_10.20_10.25_,29_639_63_113_49_,10.00_9.99_9.98_9.97_9.96_,1100_33_39_39_177_
12:11:47,10.05,20,2738,10.05_10.10_10.15_10.20_10.25_,1_639_63_113_49_,10.00_9.99_9.98_9.97_9.96_,1107_33_39_39_177_
12:11:53,10.05,20,2738,10.10_10.15_10.20_10.25_10.30_,639_64_113_49_75_,10.05_10.00_9.99_9.98_9.97_,1_1107_33_39_39_
12:11:58,10.05,20,2738,10.10_10.15_10.20_10.25_10.30_,612_101_113_49_75_,10.05_10.00_9.99_9.98_9.97_,2_1160_79_39_39_
12:12:03,10.00,2,2740,10.10_10.15_10.20_10.25_10.30_,612_101_113_49_75_,10.00_9.99_9.98_9.97_9.96_,1159_79_39_39_79_
12:13:35,10.00,5,2745,10.10_10.15_10.20_10.25_10.30_,635_79_113_49_75_,10.00_9.99_9.98_9.97_9.96_,1115_60_45_39_120_
12:15:02,10.00,5,2745,10.10_10.15_10.20_10.25_10.30_,613_101_113_49_75_,10.05_10.00_9.99_9.98_9.97_,34_1167_73_39_39_
12:20:25,10.05,1,2826,10.10_10.15_10.20_10.25_10.30_,626_68_113_49_75_,10.00_9.99_9.98_9.97_9.96_,1149_68_54_45_120_
12:25:27,10.10,1,2836,10.10_10.15_10.20_10.25_10.30_,619_202_313_249_275_,10.05_10.00_9.99_9.98_9.97_,143_1218_76_45_39_
12:25:58,10.05,3,2849,10.10_10.15_10.20_10.25_10.30_,609_202_313_249_275_,10.05_10.00_9.99_9.98_9.97_,140_1218_82_39_39_
12:27:56,10.05,2,2858,10.10_10.15_10.20_10.25_10.30_,607_203_313_249_275_,10.05_10.00_9.99_9.98_9.97_,232_1219_82_39_39_
12:33:04,10.20,2,3979,10.20_10.25_10.30_10.35_10.40_,51_103_75_52_81_,10.15_10.10_10.05_10.00_9.99_,259_1788_1136_2345_419_
12:41:00,10.10,5,4281,10.15_10.20_10.25_10.30_10.35_,15_126_81_75_55_,10.10_10.05_10.00_9.99_9.98_,1534_2348_4415_419_439_
12:44:36,10.15,22,4401,10.20_10.25_10.30_10.35_10.40_,171_112_87_55_83_,10.15_10.10_10.05_10.00_9.99_,100_1538_2370_4361_419_
12:45:22,10.20,20,4521,10.20_10.25_10.30_10.35_10.40_,187_81_87_55_83_,10.15_10.10_10.05_10.00_9.99_,3_1502_2345_4435_419_
12:46:49,10.15,5,4567,10.20_10.25_10.30_10.35_10.40_,191_83_87_55_83_,10.15_10.10_10.05_10.00_9.99_,12_1539_2381_4363_420_
12:46:59,10.15,5,4567,10.20_10.25_10.30_10.35_10.40_,192_83_87_55_83_,10.15_10.10_10.05_10.00_9.99_,12_1539_2381_4363_420_
12:51:11,10.15,2,4652,10.15_10.20_10.25_10.30_10.35_,50_155_80_87_55_,10.10_10.05_10.00_9.99_9.98_,1098_2348_4570_420_439_
12:52:23,10.15,1,4653,10.15_10.20_10.25_10.30_10.35_,49_155_80_87_55_,10.10_10.05_10.00_9.99_9.98_,1103_2348_4570_420_439_
12:52:43,10.15,1,4653,10.15_10.20_10.25_10.30_10.35_,53_156_80_87_55_,10.10_10.05_10.00_9.99_9.98_,1105_2353_4570_420_439_
12:57:15,10.10,3,4697,10.15_10.20_10.25_10.30_10.35_,101_144_80_89_55_,10.10_10.05_10.00_9.99_9.98_,1106_2378_4581_420_439_
12:59:44,10.10,1,4715,10.15_10.20_10.25_10.30_10.35_,97_144_80_89_55_,10.10_10.05_10.00_9.99_9.98_,1100_1577_4582_421_439_
12:59:49,10.10,1,4715,10.15_10.20_10.25_10.30_10.35_,97_145_80_89_55_,10.10_10.05_10.00_9.99_9.98_,1100_1577_4582_421_439_
12:59:59,10.10,1,4715,10.15_10.20_10.25_10.30_10.35_,97_145_80_89_55_,10.10_10.05_10.00_9.99_9.98_,1095_1577_4582_421_439_
13:01:01,10.15,1,4718,10.15_10.20_10.25_10.30_10.35_,95_145_80_89_55_,10.10_10.05_10.00_9.99_9.98_,1098_1577_4582_421_439_
13:03:55,10.10,2,4727,10.15_10.20_10.25_10.30_10.35_,108_144_80_89_55_,10.10_10.05_10.00_9.99_9.98_,1094_1578_4612_421_439_
13:05:12,10.15,2,4735,10.15_10.20_10.25_10.30_10.35_,112_143_80_89_55_,10.10_10.05_10.00_9.99_9.98_,1094_1553_4639_421_439_
13:06:19,10.10,5,4753,10.15_10.20_10.25_10.30_10.35_,110_142_80_89_55_,10.10_10.05_10.00_9.99_9.98_,1092_1589_4625_421_439_
13:08:16,10.10,1,4796,10.15_10.20_10.25_10.30_10.35_,184_145_81_90_56_,10.10_10.05_10.00_9.99_9.98_,1089_1591_4635_421_439_
13:10:20,10.15,5,4846,10.15_10.20_10.25_10.30_10.35_,155_145_81_90_106_,10.10_10.05_10.00_9.99_9.98_,1102_1557_4669_421_439_
13:10:25,10.15,3,4849,10.15_10.20_10.25_10.30_10.35_,150_145_81_90_106_,10.10_10.05_10.00_9.99_9.98_,1102_1557_4669_421_439_
13:10:30,10.15,3,4849,10.15_10.20_10.25_10.30_10.35_,150_145_81_92_106_,10.10_10.05_10.00_9.99_9.98_,1102_1557_4669_421_439_
13:10:35,10.15,30,4879,10.15_10.20_10.25_10.30_10.35_,120_145_81_92_106_,10.10_10.05_10.00_9.99_9.98_,1102_1557_4669_421_439_
13:15:22,10.15,1,5017,10.15_10.20_10.25_10.30_10.35_,64_145_81_92_106_,10.10_10.05_10.00_9.99_9.98_,1104_1544_4695_419_439_
13:17:05,10.15,1,5077,10.15_10.20_10.25_10.30_10.35_,36_146_81_137_106_,10.10_10.05_10.00_9.99_9.98_,1163_1544_4725_419_439_
13:18:27,10.10,3,5113,10.15_10.20_10.25_10.30_10.35_,89_146_81_137_106_,10.10_10.05_10.00_9.99_9.98_,1158_1599_4670_419_439_
13:19:44,10.15,4,5121,10.15_10.20_10.25_10.30_10.35_,101_154_81_137_106_,10.10_10.05_10.00_9.99_9.98_,1155_1544_4726_419_439_
13:22:38,10.15,3,5179,10.15_10.20_10.25_10.30_10.35_,93_158_81_137_106_,10.10_10.05_10.00_9.99_9.98_,308_1550_4742_419_439_
13:24:10,10.10,3,5195,10.15_10.20_10.25_10.30_10.35_,99_238_239_216_106_,10.10_10.05_10.00_9.99_9.98_,292_1679_4842_461_481_
13:24:21,10.10,6,5201,10.15_10.20_10.25_10.30_10.35_,95_238_239_216_106_,10.10_10.05_10.00_9.99_9.98_,287_1734_4784_461_481_
13:25:12,10.10,6,5201,10.15_10.20_10.25_10.30_10.35_,83_225_300_337_300_,10.10_10.05_10.00_9.99_9.98_,253_1724_4845_582_662_
13:27:46,10.10,6,5201,10.20_10.25_10.30_10.35_10.40_,165_300_327_300_45_,10.15_10.10_10.05_10.00_9.99_,107_309_2144_4844_572_
13:30:00,10.10,368,5569,10.15_10.20_10.25_10.30_10.35_,219_249_418_326_300_,10.10_10.05_10.00_9.99_9.98_,195_2311_5099_572_663_
