09:01:43,243.50,1,10,244.50_245.00_245.50_246.00_246.50_,4_1_1_9_1_,243.00_242.50_242.00_241.50_240.50_,5_4_10_2_3_
09:03:46,245.50,1,16,246.00_246.50_247.00_247.50_248.00_,13_4_10_8_14_,245.00_244.50_244.00_243.50_243.00_,2_5_3_11_5_
09:04:27,245.50,1,16,246.00_246.50_247.00_247.50_248.00_,11_4_9_11_14_,245.00_244.50_244.00_243.50_243.00_,2_5_5_11_5_
09:05:18,245.50,1,17,245.50_246.00_246.50_247.00_247.50_,9_14_4_8_8_,245.00_244.50_244.00_243.50_243.00_,1_2_11_10_10_
09:05:29,245.50,1,17,245.50_246.00_246.50_247.00_247.50_,11_13_4_8_8_,245.00_244.50_244.00_243.50_243.00_,1_2_8_10_10_
09:08:23,245.00,1,20,245.00_245.50_246.00_246.50_247.00_,4_4_11_4_5_,244.50_244.00_243.50_243.00_242.50_,8_9_15_11_9_
09:08:54,245.00,1,20,245.00_245.50_246.00_246.50_247.00_,5_4_11_4_5_,244.50_244.00_243.50_243.00_242.50_,8_9_15_12_9_
09:09:15,245.00,1,20,245.00_245.50_246.00_246.50_247.00_,6_4_11_4_5_,244.50_244.00_243.50_243.00_242.50_,8_9_15_12_9_
09:09:20,245.00,1,20,245.00_245.50_246.00_246.50_247.00_,7_3_11_4_6_,244.50_244.00_243.50_243.00_242.50_,8_9_15_12_9_
09:11:48,243.50,1,45,244.50_245.00_245.50_246.00_247.00_,13_6_3_7_5_,243.50_243.00_242.50_242.00_241.50_,2_7_10_12_5_
09:12:09,243.50,1,45,244.00_244.50_245.00_245.50_246.00_,7_13_5_4_7_,243.50_243.00_242.50_242.00_241.50_,2_7_10_12_5_
09:12:14,243.50,1,46,244.00_244.50_245.00_245.50_246.00_,15_6_5_4_6_,243.50_243.00_242.50_242.00_241.50_,1_7_9_11_10_
09:12:29,243.50,1,47,244.00_244.50_245.00_245.50_246.00_,19_5_5_1_6_,243.00_242.50_242.00_241.50_241.00_,7_9_11_12_4_
09:13:21,243.50,1,47,244.00_244.50_245.00_245.50_246.00_,13_4_6_6_11_,243.00_242.50_242.00_241.50_241.00_,8_10_10_12_4_
09:14:38,243.50,1,48,244.00_244.50_245.00_245.50_246.00_,13_4_6_6_11_,243.50_243.00_242.50_242.00_241.50_,1_9_15_11_7_
09:15:13,243.50,1,48,244.00_244.50_245.00_245.50_246.00_,8_5_5_9_11_,243.50_243.00_242.50_242.00_241.50_,2_8_15_12_10_
09:17:11,243.50,2,50,244.00_244.50_245.00_245.50_246.00_,14_1_3_6_11_,243.00_242.50_242.00_241.50_241.00_,8_10_12_12_4_
09:17:47,243.50,2,50,244.00_244.50_245.00_245.50_246.00_,16_2_3_6_11_,243.00_242.50_242.00_241.50_241.00_,9_13_11_12_4_
09:17:52,243.50,2,50,244.00_244.50_245.00_245.50_246.00_,16_3_2_6_11_,243.00_242.50_242.00_241.50_241.00_,9_13_12_12_4_
09:18:13,243.50,2,50,243.50_244.00_244.50_245.00_245.50_,4_14_3_2_6_,243.00_242.50_242.00_241.50_241.00_,9_10_12_11_9_
09:19:04,242.50,2,63,243.50_244.00_244.50_245.00_245.50_,14_8_5_2_6_,242.50_242.00_241.50_241.00_240.50_,7_7_10_12_11_
09:20:16,242.50,4,69,243.00_243.50_244.00_244.50_245.00_,17_12_7_2_6_,242.00_241.50_241.00_240.50_240.00_,6_9_11_16_32_
09:21:17,242.50,1,71,242.50_243.00_243.50_244.00_244.50_,17_12_4_4_8_,242.00_241.50_241.00_240.50_240.00_,3_3_9_15_52_
09:21:33,242.50,1,71,242.50_243.00_243.50_244.00_244.50_,17_12_4_4_8_,242.00_241.00_240.50_240.00_239.50_,2_12_15_52_1_
09:21:53,242.50,1,71,242.50_243.00_243.50_244.00_244.50_,17_12_4_4_8_,242.00_241.00_240.50_240.00_239.50_,4_12_18_52_1_
09:21:58,242.50,1,71,242.50_243.00_243.50_244.00_244.50_,17_12_4_4_8_,242.00_241.00_240.50_240.00_239.50_,4_13_18_52_1_
09:22:03,242.50,1,72,242.50_243.00_243.50_244.00_244.50_,16_12_4_4_8_,242.00_241.50_241.00_240.50_240.00_,9_1_13_18_52_
09:22:09,242.50,1,73,242.50_243.00_243.50_244.00_244.50_,15_12_4_4_8_,242.00_241.50_241.00_240.50_240.00_,9_1_13_18_52_
09:25:54,243.00,3,91,243.00_243.50_244.00_244.50_245.00_,1_11_8_7_16_,242.50_242.00_241.50_241.00_240.50_,4_11_14_13_19_
09:26:24,243.00,3,91,243.00_243.50_244.00_244.50_245.00_,6_11_4_12_22_,242.50_242.00_241.50_241.00_240.50_,3_14_12_12_19_
09:26:30,243.00,3,91,243.00_243.50_244.00_244.50_245.00_,6_11_4_12_22_,242.50_242.00_241.50_241.00_240.50_,3_14_14_10_19_
09:27:11,243.00,3,91,243.00_243.50_244.00_244.50_245.00_,7_11_4_12_22_,242.50_242.00_241.50_241.00_240.50_,3_16_11_12_19_
09:28:07,243.00,1,94,243.50_244.00_244.50_245.00_245.50_,1_14_18_21_7_,243.00_242.50_242.00_241.50_241.00_,12_13_35_22_21_
09:28:53,243.50,1,95,244.00_244.50_245.00_245.50_246.00_,9_23_21_7_22_,243.00_242.50_242.00_241.50_241.00_,15_21_32_23_13_
09:29:08,243.50,1,95,244.00_244.50_245.00_245.50_246.00_,8_23_21_7_22_,243.00_242.50_242.00_241.50_241.00_,15_21_35_20_13_
09:31:11,244.00,1,96,244.00_244.50_245.00_245.50_246.00_,9_23_21_6_23_,243.50_243.00_242.50_242.00_241.50_,2_21_23_28_21_
09:31:32,244.00,1,96,244.00_244.50_245.00_245.50_246.00_,9_23_21_6_23_,243.50_243.00_242.50_242.00_241.50_,3_22_23_28_21_
09:31:37,244.00,1,96,244.00_244.50_245.00_245.50_246.00_,7_23_21_6_23_,243.50_243.00_242.50_242.00_241.50_,3_22_23_28_21_
09:33:14,244.00,1,96,244.00_244.50_245.00_245.50_246.00_,5_17_24_6_23_,243.50_243.00_242.50_242.00_241.50_,3_27_23_28_18_
09:33:50,244.00,1,96,244.00_244.50_245.00_245.50_246.00_,5_17_24_6_23_,243.50_243.00_242.50_242.00_241.50_,4_27_23_28_18_
09:35:27,244.00,1,96,244.00_244.50_245.00_245.50_246.00_,7_24_24_6_23_,243.50_243.00_242.50_242.00_241.50_,4_25_23_28_21_
09:36:44,244.00,1,96,244.00_244.50_245.00_245.50_246.00_,7_24_25_6_23_,243.50_243.00_242.50_242.00_241.50_,5_28_23_28_18_
09:36:54,244.00,1,96,244.00_244.50_245.00_245.50_246.00_,7_24_25_6_23_,243.50_243.00_242.50_242.00_241.50_,4_28_23_28_18_
09:36:59,244.00,1,96,244.00_244.50_245.00_245.50_246.00_,7_24_25_6_23_,243.50_243.00_242.50_242.00_241.50_,4_31_20_28_18_
09:37:30,244.00,1,96,244.00_244.50_245.00_245.50_246.00_,7_18_15_6_23_,243.50_243.00_242.50_242.00_241.50_,6_26_23_28_18_
09:38:21,244.00,1,96,244.00_244.50_245.00_245.50_246.00_,8_18_15_6_23_,243.50_243.00_242.50_242.00_241.50_,11_26_25_25_18_
09:39:23,244.00,1,97,244.00_244.50_245.00_245.50_246.00_,7_18_15_6_23_,243.50_243.00_242.50_242.00_241.50_,11_26_25_25_18_
09:39:28,243.50,1,98,244.00_244.50_245.00_245.50_246.00_,6_18_17_6_23_,243.50_243.00_242.50_242.00_241.50_,10_26_25_25_18_
09:39:33,243.50,1,98,244.00_244.50_245.00_245.50_246.00_,6_18_17_6_23_,243.50_243.00_242.50_242.00_241.50_,10_29_22_25_18_
09:39:38,243.50,1,98,244.00_244.50_245.00_245.50_246.00_,6_18_18_6_23_,243.50_243.00_242.50_242.00_241.50_,10_29_22_25_18_
09:40:50,243.50,1,98,244.00_244.50_245.00_245.50_246.00_,6_18_18_6_23_,243.50_243.00_242.50_242.00_241.50_,7_26_25_25_18_
09:40:55,243.50,1,98,244.00_244.50_245.00_245.50_246.00_,6_18_18_6_23_,243.50_243.00_242.50_242.00_241.50_,7_29_22_25_18_
09:41:05,244.00,5,103,244.00_244.50_245.00_245.50_246.00_,1_18_18_6_23_,243.50_243.00_242.50_242.00_241.50_,8_29_22_25_18_
09:41:10,244.00,5,103,244.00_244.50_245.00_245.50_246.00_,2_18_18_6_23_,243.50_243.00_242.50_242.00_241.50_,9_26_25_25_18_
09:42:32,244.00,1,105,244.50_245.00_245.50_246.00_246.50_,18_18_6_24_5_,243.50_243.00_242.50_242.00_241.50_,8_31_24_26_13_
09:43:39,244.00,2,107,244.50_245.00_245.50_246.00_246.50_,19_17_6_21_8_,244.00_243.50_243.00_242.50_242.00_,3_3_35_19_30_
09:43:49,244.00,2,107,244.50_245.00_245.50_246.00_246.50_,19_17_6_21_8_,244.00_243.50_243.00_242.50_242.00_,9_12_35_19_30_
09:43:54,244.00,2,107,244.50_245.00_245.50_246.00_246.50_,19_17_6_21_8_,244.00_243.50_243.00_242.50_242.00_,9_15_35_19_27_
09:43:59,244.00,2,107,244.50_245.00_245.50_246.00_246.50_,19_17_6_21_8_,244.00_243.50_243.00_242.50_242.00_,9_21_35_19_27_
09:45:16,244.50,1,108,244.50_245.00_245.50_246.00_246.50_,19_17_6_21_8_,244.00_243.50_243.00_242.50_242.00_,11_21_33_21_27_
09:47:24,244.50,1,111,244.50_245.00_245.50_246.00_246.50_,15_17_9_21_8_,244.00_243.50_243.00_242.50_242.00_,10_21_33_21_27_
09:48:00,244.50,1,111,244.50_245.00_245.50_246.00_246.50_,15_17_9_21_8_,244.00_243.50_243.00_242.50_242.00_,11_21_33_21_27_
09:50:59,244.50,1,113,244.50_245.00_245.50_246.00_246.50_,14_17_9_21_8_,244.00_243.50_243.00_242.50_242.00_,13_21_34_36_27_
09:51:15,244.50,1,113,244.50_245.00_245.50_246.00_246.50_,14_17_9_21_8_,244.00_243.50_243.00_242.50_242.00_,13_21_34_36_31_
09:51:30,244.50,1,114,244.50_245.00_245.50_246.00_246.50_,13_17_9_21_8_,244.00_243.50_243.00_242.50_242.00_,13_21_34_36_31_
09:52:06,244.50,1,114,244.50_245.00_245.50_246.00_246.50_,13_17_9_21_8_,244.00_243.50_243.00_242.50_242.00_,13_22_34_36_31_
09:53:12,244.50,1,114,244.50_245.00_245.50_246.00_246.50_,13_17_9_21_8_,244.00_243.50_243.00_242.50_242.00_,15_22_34_36_31_
09:53:38,244.50,1,114,244.50_245.00_245.50_246.00_246.50_,13_17_9_21_8_,244.00_243.50_243.00_242.50_242.00_,15_22_35_36_31_
09:53:58,244.50,1,115,244.50_245.00_245.50_246.00_246.50_,13_17_9_21_8_,244.00_243.50_243.00_242.50_242.00_,16_22_37_34_31_
09:54:04,244.50,1,115,244.50_245.00_245.50_246.00_246.50_,13_17_9_21_8_,244.00_243.50_243.00_242.50_242.00_,16_22_35_36_31_
09:54:14,244.50,1,116,244.50_245.00_245.50_246.00_246.50_,12_17_9_21_8_,244.00_243.50_243.00_242.50_242.00_,15_22_35_36_31_
09:56:42,244.50,1,118,244.50_245.00_245.50_246.00_246.50_,10_18_9_21_8_,244.00_243.50_243.00_242.50_242.00_,15_23_32_36_34_
09:57:29,244.00,1,119,244.50_245.00_245.50_246.00_246.50_,10_18_9_21_8_,244.00_243.50_243.00_242.50_242.00_,14_23_32_36_34_
09:58:04,244.50,1,120,244.50_245.00_245.50_246.00_246.50_,9_18_9_21_8_,244.00_243.50_243.00_242.50_242.00_,14_23_32_36_34_
09:59:26,244.50,1,120,244.50_245.00_245.50_246.00_246.50_,9_19_8_21_8_,244.00_243.50_243.00_242.50_242.00_,14_23_32_36_34_
10:00:43,244.50,1,121,244.50_245.00_245.50_246.00_246.50_,8_19_5_21_8_,244.00_243.50_243.00_242.50_242.00_,20_26_35_33_34_
10:01:24,244.00,1,122,244.50_245.00_245.50_246.00_246.50_,12_18_5_21_8_,244.00_243.50_243.00_242.50_242.00_,19_29_34_31_34_
10:04:34,244.00,1,125,244.50_245.00_245.50_246.00_246.50_,9_20_5_21_8_,244.00_243.50_243.00_242.50_242.00_,14_29_34_38_35_
10:06:37,244.00,1,125,244.50_245.00_245.50_246.00_246.50_,9_20_5_23_7_,244.00_243.50_243.00_242.50_242.00_,15_29_34_39_35_
10:06:57,244.00,1,125,244.50_245.00_245.50_246.00_246.50_,9_20_5_23_7_,244.00_243.50_243.00_242.50_242.00_,16_29_34_39_35_
10:07:28,244.00,1,125,244.50_245.00_245.50_246.00_246.50_,10_20_5_23_7_,244.00_243.50_243.00_242.50_242.00_,17_29_34_39_35_
10:09:00,244.00,1,126,244.50_245.00_245.50_246.00_246.50_,8_20_5_23_7_,244.00_243.50_243.00_242.50_242.00_,14_29_34_39_35_
10:10:38,244.50,1,127,244.50_245.00_245.50_246.00_246.50_,13_14_5_23_7_,244.00_243.50_243.00_242.50_242.00_,13_29_34_39_35_
10:12:15,244.50,1,130,244.50_245.00_245.50_246.00_246.50_,13_14_5_23_7_,244.00_243.50_243.00_242.50_242.00_,14_29_34_39_36_
10:14:43,244.50,1,131,244.50_245.00_245.50_246.00_246.50_,9_12_11_23_7_,244.00_243.50_243.00_242.50_242.00_,13_27_37_39_36_
10:15:45,244.50,1,132,244.50_245.00_245.50_246.00_246.50_,9_11_11_23_7_,244.00_243.50_243.00_242.50_242.00_,12_30_34_39_36_
10:15:55,244.50,1,132,244.50_245.00_245.50_246.00_246.50_,9_11_11_23_7_,244.00_243.50_243.00_242.50_242.00_,13_27_37_39_36_
10:17:33,244.50,1,133,244.50_245.00_245.50_246.00_246.50_,8_11_11_23_7_,244.00_243.50_243.00_242.50_242.00_,21_30_34_33_36_
10:19:05,244.50,1,136,244.50_245.00_245.50_246.00_246.50_,7_12_11_23_7_,244.00_243.50_243.00_242.50_242.00_,19_30_34_33_36_
10:19:36,244.50,1,137,244.50_245.00_245.50_246.00_246.50_,6_12_11_23_7_,244.00_243.50_243.00_242.50_242.00_,19_30_34_33_36_
10:19:41,244.50,1,137,244.50_245.00_245.50_246.00_246.50_,6_12_11_23_7_,244.00_243.50_243.00_242.50_242.00_,19_27_37_33_36_
10:21:59,244.50,1,138,244.50_245.00_245.50_246.00_246.50_,6_12_11_24_7_,244.00_243.50_243.00_242.50_242.00_,14_26_37_39_36_
10:24:27,244.50,1,143,244.50_245.00_245.50_246.00_246.50_,1_12_13_24_7_,244.00_243.50_243.00_242.50_242.00_,13_25_37_39_36_
10:25:29,244.50,1,154,245.00_245.50_246.00_246.50_247.00_,4_20_24_7_7_,244.00_243.50_243.00_242.50_242.00_,19_31_39_33_34_
10:25:54,244.50,1,154,245.00_245.50_246.00_246.50_247.00_,6_20_24_7_7_,244.00_243.50_243.00_242.50_242.00_,19_31_39_33_34_
10:26:46,244.00,1,155,245.00_245.50_246.00_246.50_247.00_,7_20_23_7_7_,244.00_243.50_243.00_242.50_242.00_,18_32_39_33_34_
10:27:11,244.00,1,155,245.00_245.50_246.00_246.50_247.00_,7_20_23_7_7_,244.00_243.50_243.00_242.50_242.00_,18_33_39_33_34_
10:27:32,244.00,1,155,245.00_245.50_246.00_246.50_247.00_,8_20_23_7_7_,244.00_243.50_243.00_242.50_242.00_,18_33_39_33_34_
10:28:08,245.00,1,156,245.00_245.50_246.00_246.50_247.00_,7_20_23_7_7_,244.00_243.50_243.00_242.50_242.00_,17_33_39_33_34_
10:29:30,245.00,1,156,245.00_245.50_246.00_246.50_247.00_,8_20_23_6_8_,244.50_244.00_243.50_243.00_242.50_,3_16_37_37_34_
10:30:16,245.00,1,156,245.00_245.50_246.00_246.50_247.00_,8_20_23_6_9_,244.50_244.00_243.50_243.00_242.50_,4_17_38_38_34_
10:31:22,245.00,1,158,245.00_245.50_246.00_246.50_247.00_,11_20_23_6_9_,244.50_244.00_243.50_243.00_242.50_,24_17_38_40_34_
10:36:30,245.00,1,171,245.50_246.00_246.50_247.00_247.50_,13_33_7_9_13_,245.00_244.50_244.00_243.50_243.00_,3_28_25_23_33_
10:37:31,245.00,1,171,245.50_246.00_246.50_247.00_247.50_,14_33_7_9_13_,245.00_244.50_244.00_243.50_243.00_,4_28_25_23_33_
10:38:17,245.00,1,171,245.50_246.00_246.50_247.00_247.50_,14_33_7_9_13_,245.00_244.50_244.00_243.50_243.00_,4_28_26_23_33_
10:39:09,245.50,1,172,245.50_246.00_246.50_247.00_247.50_,13_33_7_9_13_,245.00_244.50_244.00_243.50_243.00_,4_28_24_25_33_
10:40:51,245.50,1,172,245.50_246.00_246.50_247.00_247.50_,13_33_7_9_13_,245.00_244.50_244.00_243.50_243.00_,4_28_24_26_33_
10:41:52,245.50,1,172,245.50_246.00_246.50_247.00_247.50_,15_33_7_9_13_,245.00_244.50_244.00_243.50_243.00_,5_28_24_26_33_
10:42:08,245.00,1,173,245.50_246.00_246.50_247.00_247.50_,15_33_7_9_13_,245.00_244.50_244.00_243.50_243.00_,4_28_24_26_33_
10:42:13,245.00,1,174,245.50_246.00_246.50_247.00_247.50_,14_32_7_8_12_,245.00_244.50_244.00_243.50_243.00_,3_27_25_23_33_
10:43:35,245.00,1,175,245.50_246.00_246.50_247.00_247.50_,14_32_7_8_12_,245.00_244.50_244.00_243.50_243.00_,4_27_25_23_33_
10:45:12,245.00,7,182,245.00_245.50_246.00_246.50_247.00_,14_18_22_7_9_,244.50_244.00_243.50_243.00_242.50_,27_17_27_32_34_
10:45:33,244.50,1,183,245.00_245.50_246.00_246.50_247.00_,19_18_22_7_9_,244.50_244.00_243.50_243.00_242.50_,20_17_27_38_34_
10:47:25,244.50,1,183,245.00_245.50_246.00_246.50_247.00_,19_18_22_7_9_,244.50_244.00_243.50_243.00_242.50_,20_18_27_38_34_
10:48:17,244.50,1,184,245.00_245.50_246.00_246.50_247.00_,20_18_22_7_9_,244.50_244.00_243.50_243.00_242.50_,19_18_27_38_34_
10:51:31,244.50,1,186,245.00_245.50_246.00_246.50_247.00_,21_17_22_7_9_,244.50_244.00_243.50_243.00_242.50_,20_21_25_39_34_
10:52:38,244.50,1,186,245.00_245.50_246.00_246.50_247.00_,21_17_22_7_9_,244.50_244.00_243.50_243.00_242.50_,21_21_25_39_34_
10:52:58,244.50,1,186,245.00_245.50_246.00_246.50_247.00_,22_17_22_7_9_,244.50_244.00_243.50_243.00_242.50_,21_21_25_39_34_
10:53:03,244.50,1,186,245.00_245.50_246.00_246.50_247.00_,22_17_22_7_9_,244.50_244.00_243.50_243.00_242.50_,22_21_25_39_34_
10:55:37,245.00,1,188,245.00_245.50_246.00_246.50_247.00_,20_17_22_7_9_,244.50_244.00_243.50_243.00_242.50_,21_17_28_38_34_
10:57:25,245.00,1,188,245.00_245.50_246.00_246.50_247.00_,21_18_22_7_9_,244.50_244.00_243.50_243.00_242.50_,23_17_28_39_34_
10:58:47,245.00,1,190,245.00_245.50_246.00_246.50_247.00_,19_18_22_7_9_,244.50_244.00_243.50_243.00_242.50_,21_17_27_39_34_
10:59:43,245.00,1,190,245.00_245.50_246.00_246.50_247.00_,19_18_22_7_9_,244.50_244.00_243.50_243.00_242.50_,21_17_29_39_34_
11:00:29,245.00,1,190,245.00_245.50_246.00_246.50_247.00_,19_26_22_7_9_,244.50_244.00_243.50_243.00_242.50_,21_17_29_38_34_
11:01:15,245.00,1,190,245.00_245.50_246.00_246.50_247.00_,19_26_22_7_9_,244.50_244.00_243.50_243.00_242.50_,21_17_29_39_34_
11:01:56,245.00,1,191,245.00_245.50_246.00_246.50_247.00_,19_26_22_7_9_,244.50_244.00_243.50_243.00_242.50_,20_18_29_39_34_
11:03:33,245.00,2,204,245.00_245.50_246.00_246.50_247.00_,19_24_22_7_9_,244.50_244.00_243.50_243.00_242.50_,10_20_31_39_34_
11:06:02,245.00,2,204,245.00_245.50_246.00_246.50_247.00_,20_24_22_7_9_,244.50_244.00_243.50_243.00_242.50_,22_19_31_39_34_
11:06:28,244.50,1,205,245.00_245.50_246.00_246.50_247.00_,19_24_22_7_9_,244.50_244.00_243.50_243.00_242.50_,21_19_31_39_34_
11:07:29,245.00,1,208,245.00_245.50_246.00_246.50_247.00_,17_19_23_6_9_,244.50_244.00_243.50_243.00_242.50_,21_19_31_39_34_
11:08:51,245.00,1,208,245.00_245.50_246.00_246.50_247.00_,17_19_23_6_9_,244.50_244.00_243.50_243.00_242.50_,27_19_31_33_34_
11:10:08,245.00,1,209,245.00_245.50_246.00_246.50_247.00_,16_19_23_6_9_,244.50_244.00_243.50_243.00_242.50_,28_19_31_38_34_
11:10:59,245.00,1,211,245.00_245.50_246.00_246.50_247.00_,16_19_23_6_9_,244.50_244.00_243.50_243.00_242.50_,27_19_31_38_34_
11:11:15,245.00,1,211,245.00_245.50_246.00_246.50_247.00_,16_19_23_6_9_,244.50_244.00_243.50_243.00_242.50_,27_19_30_38_34_
11:12:42,245.00,1,215,245.00_245.50_246.00_246.50_247.00_,12_19_23_6_9_,244.50_244.00_243.50_243.00_242.50_,26_19_30_38_34_
11:12:57,245.00,1,215,245.00_245.50_246.00_246.50_247.00_,12_19_23_6_9_,244.50_244.00_243.50_243.00_242.50_,26_18_30_38_34_
11:14:19,245.00,1,215,245.00_245.50_246.00_246.50_247.00_,12_19_23_6_9_,244.50_244.00_243.50_243.00_242.50_,27_18_30_38_34_
11:15:46,245.00,1,215,245.00_245.50_246.00_246.50_247.00_,13_19_18_6_9_,244.50_244.00_243.50_243.00_242.50_,28_18_33_35_34_
11:16:27,245.00,1,215,245.00_245.50_246.00_246.50_247.00_,13_19_13_6_9_,244.50_244.00_243.50_243.00_242.50_,28_18_33_35_34_
11:17:54,244.50,5,225,245.00_245.50_246.00_246.50_247.00_,13_19_13_6_9_,244.50_244.00_243.50_243.00_242.50_,13_21_32_39_34_
11:19:06,244.50,1,227,245.00_245.50_246.00_246.50_247.00_,12_19_13_6_9_,244.50_244.00_243.50_243.00_242.50_,11_18_35_39_34_
11:19:22,244.50,1,227,245.00_245.50_246.00_246.50_247.00_,11_19_13_6_9_,244.50_244.00_243.50_243.00_242.50_,11_21_32_39_34_
11:19:32,244.50,1,227,245.00_245.50_246.00_246.50_247.00_,12_19_13_6_9_,244.50_244.00_243.50_243.00_242.50_,11_21_32_39_34_
11:19:47,244.50,1,227,245.00_245.50_246.00_246.50_247.00_,12_19_13_6_9_,244.50_244.00_243.50_243.00_242.50_,12_21_32_39_34_
11:21:25,244.50,1,227,245.00_245.50_246.00_246.50_247.00_,12_19_13_6_9_,244.50_244.00_243.50_243.00_242.50_,13_21_32_39_34_
11:21:45,244.50,1,227,245.00_245.50_246.00_246.50_247.00_,12_19_13_6_9_,244.50_244.00_243.50_243.00_242.50_,13_22_32_39_34_
11:22:57,244.50,1,228,245.00_245.50_246.00_246.50_247.00_,12_19_13_6_8_,244.50_244.00_243.50_243.00_242.50_,12_22_30_39_34_
11:23:58,244.50,1,228,245.00_245.50_246.00_246.50_247.00_,13_19_13_6_8_,244.50_244.00_243.50_243.00_242.50_,12_22_30_39_34_
11:24:29,244.50,1,228,245.00_245.50_246.00_246.50_247.00_,14_19_13_6_8_,244.50_244.00_243.50_243.00_242.50_,13_22_30_39_35_
11:25:25,245.00,1,229,245.00_245.50_246.00_246.50_247.00_,13_19_13_6_9_,244.50_244.00_243.50_243.00_242.50_,13_19_35_39_35_
11:26:32,245.00,4,233,245.00_245.50_246.00_246.50_247.00_,9_19_13_6_9_,244.50_244.00_243.50_243.00_242.50_,13_19_35_39_35_
11:29:42,245.00,1,235,245.00_245.50_246.00_246.50_247.00_,19_19_13_6_9_,244.50_244.00_243.50_243.00_242.50_,12_22_31_38_35_
11:30:28,245.00,1,235,245.00_245.50_246.00_246.50_247.00_,19_19_13_6_9_,244.50_244.00_243.50_243.00_242.50_,12_23_31_38_35_
11:30:48,245.00,1,235,245.00_245.50_246.00_246.50_247.00_,19_19_13_6_9_,244.50_244.00_243.50_243.00_242.50_,13_23_31_38_35_
11:31:40,245.00,1,235,245.00_245.50_246.00_246.50_247.00_,19_19_13_7_9_,244.50_244.00_243.50_243.00_242.50_,13_20_34_38_35_
11:32:46,245.00,1,238,245.00_245.50_246.00_246.50_247.00_,17_19_13_7_9_,244.50_244.00_243.50_243.00_242.50_,17_21_34_39_35_
11:33:02,244.50,1,239,245.00_245.50_246.00_246.50_247.00_,17_19_13_7_9_,244.50_244.00_243.50_243.00_242.50_,16_24_32_39_35_
11:33:32,244.50,1,239,245.00_245.50_246.00_246.50_247.00_,17_13_13_7_9_,244.50_244.00_243.50_243.00_242.50_,16_18_26_33_35_
11:34:49,245.00,1,247,245.00_245.50_246.00_246.50_247.00_,15_5_13_7_9_,244.50_244.00_243.50_243.00_242.50_,12_15_29_33_35_
11:34:54,245.00,1,247,245.00_245.50_246.00_246.50_247.00_,15_5_13_7_9_,244.50_244.00_243.50_243.00_242.50_,12_18_26_33_35_
11:36:16,245.00,1,247,245.00_245.50_246.00_246.50_247.00_,15_5_13_7_9_,244.50_244.00_243.50_243.00_242.50_,14_15_29_33_35_
11:36:57,245.00,1,248,245.00_245.50_246.00_246.50_247.00_,14_11_13_7_9_,244.50_244.00_243.50_243.00_242.50_,13_24_32_39_35_
11:38:14,245.00,1,249,245.00_245.50_246.00_246.50_247.00_,3_11_13_7_9_,244.50_244.00_243.50_243.00_242.50_,19_24_32_33_35_
11:41:39,245.00,1,251,245.00_245.50_246.00_246.50_247.00_,1_5_12_8_9_,244.50_244.00_243.50_243.00_242.50_,15_18_26_33_35_
11:42:10,245.00,1,252,245.50_246.00_246.50_247.00_247.50_,5_12_8_8_11_,245.00_244.50_244.00_243.50_243.00_,4_14_25_15_39_
11:42:31,245.00,1,252,245.50_246.00_246.50_247.00_247.50_,6_12_8_8_11_,245.00_244.50_244.00_243.50_243.00_,5_23_25_15_39_
11:42:36,245.00,1,252,245.50_246.00_246.50_247.00_247.50_,6_12_8_8_11_,245.00_244.50_244.00_243.50_243.00_,7_21_25_15_39_
11:43:37,245.00,1,252,245.50_246.00_246.50_247.00_247.50_,6_12_8_8_11_,245.00_244.50_244.00_243.50_243.00_,11_18_25_15_39_
11:44:03,245.50,1,253,245.50_246.00_246.50_247.00_247.50_,5_12_8_8_11_,245.00_244.50_244.00_243.50_243.00_,12_15_28_15_39_
11:45:25,245.50,1,253,245.50_246.00_246.50_247.00_247.50_,6_12_8_8_11_,245.00_244.50_244.00_243.50_243.00_,12_15_28_15_39_
11:46:31,245.50,1,253,245.50_246.00_246.50_247.00_247.50_,7_12_8_8_11_,245.00_244.50_244.00_243.50_243.00_,12_16_28_15_39_
11:47:02,245.50,1,253,245.50_246.00_246.50_247.00_247.50_,8_12_8_8_11_,245.00_244.50_244.00_243.50_243.00_,12_16_28_15_39_
11:47:18,245.50,1,253,245.50_246.00_246.50_247.00_247.50_,8_12_8_8_11_,245.00_244.50_244.00_243.50_243.00_,13_15_28_15_39_
11:48:34,245.50,1,255,245.50_246.00_246.50_247.00_247.50_,6_12_8_8_11_,245.00_244.50_244.00_243.50_243.00_,17_21_34_15_39_
11:48:45,245.00,1,256,245.50_246.00_246.50_247.00_247.50_,5_12_8_8_11_,245.00_244.50_244.00_243.50_243.00_,10_15_28_15_39_
11:48:50,245.00,1,256,245.50_246.00_246.50_247.00_247.50_,5_12_8_8_11_,245.00_244.50_244.00_243.50_243.00_,10_18_25_15_39_
11:50:43,245.00,1,257,245.50_246.00_246.50_247.00_247.50_,5_12_8_8_11_,245.00_244.50_244.00_243.50_243.00_,11_18_24_15_39_
11:50:58,245.00,1,257,245.50_246.00_246.50_247.00_247.50_,4_12_8_8_11_,245.00_244.50_244.00_243.50_243.00_,11_18_24_15_39_
11:51:08,245.00,1,258,245.50_246.00_246.50_247.00_247.50_,4_12_8_8_11_,245.00_244.50_244.00_243.50_243.00_,10_18_24_15_39_
11:51:54,245.50,1,259,245.50_246.00_246.50_247.00_247.50_,4_12_8_8_12_,245.00_244.50_244.00_243.50_243.00_,11_15_27_15_39_
11:52:50,245.50,3,263,246.00_246.50_247.00_247.50_248.00_,12_14_8_12_23_,245.50_245.00_244.50_244.00_243.50_,3_19_32_22_21_
11:53:01,245.50,3,263,246.00_246.50_247.00_247.50_248.00_,12_14_8_12_23_,245.50_245.00_244.50_244.00_243.50_,10_15_35_16_21_
11:53:06,245.50,3,263,246.00_246.50_247.00_247.50_248.00_,12_14_8_12_23_,245.50_245.00_244.50_244.00_243.50_,11_14_35_16_21_
11:54:58,246.50,1,279,246.50_247.00_247.50_248.00_248.50_,7_8_18_22_9_,246.00_245.50_245.00_244.50_244.00_,30_8_18_20_23_
11:55:34,246.50,1,279,246.50_247.00_247.50_248.00_248.50_,7_8_17_22_9_,246.00_245.50_245.00_244.50_244.00_,15_8_18_20_23_
11:56:25,246.50,1,279,246.50_247.00_247.50_248.00_248.50_,8_14_11_22_10_,246.00_245.50_245.00_244.50_244.00_,9_10_20_21_28_
11:56:56,246.00,10,289,246.00_246.50_247.00_247.50_248.00_,13_13_8_11_23_,245.50_245.00_244.50_244.00_243.50_,10_10_31_22_26_
11:57:02,246.00,10,289,246.00_246.50_247.00_247.50_248.00_,15_12_8_11_23_,245.50_245.00_244.50_244.00_243.50_,4_10_31_28_26_
11:57:17,245.50,1,290,246.00_246.50_247.00_247.50_248.00_,13_12_8_11_23_,245.50_245.00_244.50_244.00_243.50_,3_10_31_27_26_
11:57:32,245.50,1,291,246.00_246.50_247.00_247.50_248.00_,23_12_8_12_23_,245.50_245.00_244.50_244.00_243.50_,2_10_31_27_26_
12:00:22,245.50,2,295,246.00_246.50_247.00_247.50_248.00_,21_14_11_12_23_,245.00_244.50_244.00_243.50_243.00_,11_25_35_25_38_
12:00:47,245.50,1,296,246.00_246.50_247.00_247.50_248.00_,22_14_11_12_23_,245.50_245.00_244.50_244.00_243.50_,2_14_29_27_26_
12:01:33,245.50,1,296,246.00_246.50_247.00_247.50_248.00_,22_14_11_13_23_,245.50_245.00_244.50_244.00_243.50_,2_14_29_27_26_
12:02:55,245.50,1,296,246.00_246.50_247.00_247.50_248.00_,23_14_11_13_23_,245.50_245.00_244.50_244.00_243.50_,3_12_32_27_26_
12:03:51,245.50,1,296,246.00_246.50_247.00_247.50_248.00_,23_14_11_14_23_,245.50_245.00_244.50_244.00_243.50_,4_11_32_27_26_
12:04:32,245.50,1,296,246.00_246.50_247.00_247.50_248.00_,23_14_11_14_23_,245.50_245.00_244.50_244.00_243.50_,3_11_32_27_26_
12:05:44,245.50,1,296,246.00_246.50_247.00_247.50_248.00_,25_14_11_14_23_,245.50_245.00_244.50_244.00_243.50_,3_11_32_27_26_
12:07:16,245.50,1,296,246.00_246.50_247.00_247.50_248.00_,25_14_11_14_23_,245.50_245.00_244.50_244.00_243.50_,4_11_32_27_26_
12:08:59,246.00,1,297,246.00_246.50_247.00_247.50_248.00_,24_14_11_14_23_,245.50_245.00_244.50_244.00_243.50_,6_11_32_27_26_
12:09:30,246.00,1,297,246.00_246.50_247.00_247.50_248.00_,25_14_11_14_23_,245.50_245.00_244.50_244.00_243.50_,6_11_32_27_26_
12:14:01,246.00,1,299,246.00_246.50_247.00_247.50_248.00_,16_14_11_14_23_,245.50_245.00_244.50_244.00_243.50_,16_12_32_27_26_
12:14:27,245.50,1,300,246.00_246.50_247.00_247.50_248.00_,15_14_11_14_23_,245.50_245.00_244.50_244.00_243.50_,15_12_32_27_26_
12:14:32,245.50,1,301,246.00_246.50_247.00_247.50_248.00_,14_14_11_14_23_,245.50_245.00_244.50_244.00_243.50_,14_12_32_27_26_
12:14:37,245.50,1,301,246.00_246.50_247.00_247.50_248.00_,14_14_11_14_23_,245.50_245.00_244.50_244.00_243.50_,14_13_32_27_26_
12:16:19,246.00,1,304,246.00_246.50_247.00_247.50_248.00_,11_14_11_14_23_,245.50_245.00_244.50_244.00_243.50_,13_12_32_27_26_
12:19:03,246.00,1,306,246.00_246.50_247.00_247.50_248.00_,10_14_11_14_23_,245.50_245.00_244.50_244.00_243.50_,13_13_32_27_26_
12:20:25,245.50,2,309,246.00_246.50_247.00_247.50_248.00_,9_14_11_14_23_,245.50_245.00_244.50_244.00_243.50_,12_12_32_27_26_
12:22:59,245.50,2,309,246.00_246.50_247.00_247.50_248.00_,9_14_11_14_23_,245.50_245.00_244.50_244.00_243.50_,4_12_32_27_26_
12:23:30,245.50,1,311,246.00_246.50_247.00_247.50_248.00_,20_8_11_14_23_,245.50_245.00_244.50_244.00_243.50_,2_12_32_27_26_
12:24:31,245.50,1,313,246.00_246.50_247.00_247.50_248.00_,18_8_11_14_23_,245.00_244.50_244.00_243.50_243.00_,13_25_35_25_38_
12:24:36,245.50,1,313,246.00_246.50_247.00_247.50_248.00_,18_8_11_14_23_,245.00_244.50_244.00_243.50_243.00_,14_25_35_25_38_
12:25:12,245.50,1,313,246.00_246.50_247.00_247.50_248.00_,27_8_11_14_23_,245.00_244.50_244.00_243.50_243.00_,20_25_35_25_38_
12:30:15,245.00,10,323,245.50_246.00_246.50_247.00_247.50_,5_22_8_11_15_,245.00_244.50_244.00_243.50_243.00_,11_19_40_26_43_
12:30:20,245.00,10,333,245.50_246.00_246.50_247.00_247.50_,6_7_8_11_15_,245.00_244.50_244.00_243.50_243.00_,1_20_40_26_43_
12:32:43,244.50,2,337,245.00_245.50_246.00_246.50_247.00_,6_12_2_8_11_,244.50_244.00_243.50_243.00_242.50_,14_24_38_45_35_
12:32:49,244.50,2,337,245.00_245.50_246.00_246.50_247.00_,7_11_2_8_11_,244.50_244.00_243.50_243.00_242.50_,14_27_35_45_35_
12:32:54,244.50,2,337,245.00_245.50_246.00_246.50_247.00_,6_11_2_8_11_,244.50_244.00_243.50_243.00_242.50_,14_27_35_45_35_
12:33:04,244.50,2,337,245.00_245.50_246.00_246.50_247.00_,9_8_2_8_11_,244.50_244.00_243.50_243.00_242.50_,14_27_35_45_35_
12:33:14,244.50,2,337,245.00_245.50_246.00_246.50_247.00_,10_7_2_8_11_,244.50_244.00_243.50_243.00_242.50_,18_27_35_45_35_
12:33:29,245.00,1,338,245.00_245.50_246.00_246.50_247.00_,9_7_2_8_11_,244.50_244.00_243.50_243.00_242.50_,18_24_38_45_35_
12:34:21,244.50,1,339,245.00_245.50_246.00_246.50_247.00_,9_7_2_8_11_,244.50_244.00_243.50_243.00_242.50_,17_28_35_45_35_
12:35:27,244.50,1,340,245.00_245.50_246.00_246.50_247.00_,11_7_2_8_11_,244.50_244.00_243.50_243.00_242.50_,17_27_35_44_35_
12:35:38,244.50,1,340,245.00_245.50_246.00_246.50_247.00_,11_7_2_8_11_,244.50_244.00_243.50_243.00_242.50_,16_27_35_44_35_
12:35:43,244.50,1,340,245.00_245.50_246.00_246.50_247.00_,11_7_2_8_11_,244.50_244.00_243.50_243.00_242.50_,16_24_38_44_35_
12:36:39,244.50,1,340,245.00_245.50_246.00_246.50_247.00_,11_7_3_8_11_,244.50_244.00_243.50_243.00_242.50_,17_23_38_44_35_
12:38:58,244.50,1,342,245.00_245.50_246.00_246.50_247.00_,7_7_3_8_11_,244.50_244.00_243.50_243.00_242.50_,16_28_35_44_35_
12:39:23,244.50,1,342,245.00_245.50_246.00_246.50_247.00_,6_7_3_8_11_,244.50_244.00_243.50_243.00_242.50_,18_28_35_43_35_
12:41:32,244.50,1,344,245.00_245.50_246.00_246.50_247.00_,4_7_3_8_11_,244.50_244.00_243.50_243.00_242.50_,18_28_35_43_35_
12:42:58,245.00,1,345,245.00_245.50_246.00_246.50_247.00_,3_7_3_8_11_,244.50_244.00_243.50_243.00_242.50_,18_25_38_43_35_
12:43:45,245.00,1,345,245.00_245.50_246.00_246.50_247.00_,3_7_2_8_11_,244.50_244.00_243.50_243.00_242.50_,18_25_38_43_35_
12:43:50,245.00,1,345,245.00_245.50_246.00_246.50_247.00_,4_7_2_8_11_,244.50_244.00_243.50_243.00_242.50_,18_25_38_43_35_
12:45:07,246.00,1,351,246.00_246.50_247.00_247.50_248.00_,7_8_11_15_24_,245.50_245.00_244.50_244.00_243.50_,2_7_32_29_30_
12:45:27,246.00,1,351,246.00_246.50_247.00_247.50_248.00_,7_8_11_15_24_,245.50_245.00_244.50_244.00_243.50_,3_12_32_29_24_
12:47:35,246.00,1,352,246.00_246.50_247.00_247.50_248.00_,4_13_11_16_25_,245.50_245.00_244.50_244.00_243.50_,5_14_33_30_24_
12:49:13,246.00,1,352,246.00_246.50_247.00_247.50_248.00_,4_13_11_16_25_,245.50_245.00_244.50_244.00_243.50_,8_14_33_30_24_
12:49:44,245.50,1,353,246.00_246.50_247.00_247.50_248.00_,3_13_11_16_25_,245.50_245.00_244.50_244.00_243.50_,7_14_33_30_24_
12:50:14,245.50,1,353,246.00_246.50_247.00_247.50_248.00_,5_13_11_16_25_,245.50_245.00_244.50_244.00_243.50_,7_14_35_28_24_
12:50:30,246.00,1,354,246.00_246.50_247.00_247.50_248.00_,4_13_11_16_25_,245.50_245.00_244.50_244.00_243.50_,7_14_33_30_24_
12:50:55,245.50,7,361,246.00_246.50_247.00_247.50_248.00_,4_13_11_16_25_,245.00_244.50_244.00_243.50_243.00_,14_33_30_24_32_
12:51:01,245.50,7,361,246.00_246.50_247.00_247.50_248.00_,4_13_11_15_24_,245.00_244.50_244.00_243.50_243.00_,14_26_35_23_33_
12:51:11,245.50,7,361,246.00_246.50_247.00_247.50_248.00_,4_13_11_15_24_,245.00_244.50_244.00_243.50_243.00_,14_23_35_23_33_
12:52:53,245.50,7,361,246.00_246.50_247.00_247.50_248.00_,5_15_12_15_24_,245.00_244.50_244.00_243.50_243.00_,16_23_33_22_32_
12:54:30,245.00,1,362,245.50_246.00_246.50_247.00_247.50_,3_5_15_12_16_,245.00_244.50_244.00_243.50_243.00_,16_18_38_17_37_
12:55:01,245.00,1,362,245.50_246.00_246.50_247.00_247.50_,3_5_15_12_17_,245.00_244.50_244.00_243.50_243.00_,16_18_38_17_37_
12:57:40,245.00,1,362,245.50_246.00_246.50_247.00_247.50_,3_13_9_12_16_,245.00_244.50_244.00_243.50_243.00_,19_18_38_17_37_
12:59:07,245.00,1,362,245.50_246.00_246.50_247.00_247.50_,4_15_8_12_16_,245.00_244.50_244.00_243.50_243.00_,20_18_38_17_37_
12:59:23,245.50,1,363,245.50_246.00_246.50_247.00_247.50_,3_15_8_12_16_,245.00_244.50_244.00_243.50_243.00_,20_18_38_17_37_
13:01:26,245.50,1,365,245.50_246.00_246.50_247.00_247.50_,2_9_15_13_15_,245.00_244.50_244.00_243.50_243.00_,19_18_38_17_37_
13:01:56,245.50,1,366,245.50_246.00_246.50_247.00_247.50_,5_8_16_13_15_,245.00_244.50_244.00_243.50_243.00_,18_18_38_17_37_
13:08:30,245.00,1,376,245.50_246.00_246.50_247.00_247.50_,7_13_11_13_15_,245.00_244.50_244.00_243.50_243.00_,33_21_29_17_37_
13:09:11,245.50,1,378,245.50_246.00_246.50_247.00_247.50_,6_14_11_13_14_,245.00_244.50_244.00_243.50_243.00_,33_18_32_17_37_
13:10:07,245.00,1,380,245.50_246.00_246.50_247.00_247.50_,4_14_11_13_14_,245.00_244.50_244.00_243.50_243.00_,31_18_32_17_37_
13:10:17,245.00,1,381,245.50_246.00_246.50_247.00_247.50_,3_14_11_13_14_,245.00_244.50_244.00_243.50_243.00_,31_18_32_17_37_
13:10:38,245.00,1,381,245.50_246.00_246.50_247.00_247.50_,6_14_11_13_14_,245.00_244.50_244.00_243.50_243.00_,31_21_29_17_37_
13:11:54,245.00,1,383,245.50_246.00_246.50_247.00_247.50_,6_14_9_13_14_,245.00_244.50_244.00_243.50_243.00_,31_21_35_17_37_
13:12:04,245.00,1,384,245.50_246.00_246.50_247.00_247.50_,5_14_9_13_16_,245.00_244.50_244.00_243.50_243.00_,30_18_38_17_37_
13:12:14,245.00,1,384,245.50_246.00_246.50_247.00_247.50_,5_14_9_13_16_,245.00_244.50_244.00_243.50_243.00_,24_18_38_23_37_
13:12:25,245.00,1,384,245.50_246.00_246.50_247.00_247.50_,6_14_9_13_16_,245.00_244.50_244.00_243.50_243.00_,24_18_38_23_37_
13:12:50,245.00,1,384,245.50_246.00_246.50_247.00_247.50_,6_14_9_13_16_,245.00_244.50_244.00_243.50_243.00_,9_18_38_23_37_
13:13:05,245.00,1,384,245.50_246.00_246.50_247.00_247.50_,7_14_9_13_16_,245.00_244.50_244.00_243.50_243.00_,8_22_35_23_37_
13:13:26,244.50,2,394,245.50_246.00_246.50_247.00_247.50_,9_14_9_15_14_,244.50_244.00_243.50_243.00_242.50_,17_28_31_39_30_
13:13:31,244.50,2,394,245.50_246.00_246.50_247.00_247.50_,9_14_9_15_14_,244.50_244.00_243.50_243.00_242.50_,17_30_29_39_30_
13:14:22,244.50,1,395,245.50_246.00_246.50_247.00_247.50_,10_14_11_15_13_,244.50_244.00_243.50_243.00_242.50_,17_30_29_39_30_
13:14:58,244.50,1,395,245.00_245.50_246.00_246.50_247.00_,6_12_7_12_16_,244.50_244.00_243.50_243.00_242.50_,17_26_33_34_35_
13:15:08,244.50,1,395,245.00_245.50_246.00_246.50_247.00_,9_9_7_12_16_,244.50_244.00_243.50_243.00_242.50_,17_26_33_34_35_
13:15:39,244.50,1,396,245.00_245.50_246.00_246.50_247.00_,8_9_7_13_16_,244.50_244.00_243.50_243.00_242.50_,16_26_33_34_35_
13:16:30,245.00,1,399,245.00_245.50_246.00_246.50_247.00_,7_8_8_12_16_,244.50_244.00_243.50_243.00_242.50_,15_24_36_34_35_
13:18:53,245.00,1,404,245.00_245.50_246.00_246.50_247.00_,9_8_9_10_15_,244.50_244.00_243.50_243.00_242.50_,10_27_33_40_35_
13:20:15,245.00,1,407,245.00_245.50_246.00_246.50_247.00_,9_8_8_10_15_,244.50_244.00_243.50_243.00_242.50_,7_24_36_40_35_
13:20:30,244.50,1,408,245.00_245.50_246.00_246.50_247.00_,8_8_8_10_15_,244.50_244.00_243.50_243.00_242.50_,6_27_33_40_35_
13:21:11,244.50,1,409,245.00_245.50_246.00_246.50_247.00_,8_8_8_10_15_,244.50_244.00_243.50_243.00_242.50_,6_27_33_40_35_
13:21:37,245.00,1,410,245.00_245.50_246.00_246.50_247.00_,7_8_8_10_15_,244.50_244.00_243.50_243.00_242.50_,10_25_36_40_35_
13:23:03,245.00,1,413,245.00_245.50_246.00_246.50_247.00_,4_8_7_10_15_,244.50_244.00_243.50_243.00_242.50_,15_27_33_40_35_
13:23:24,245.00,1,414,245.00_245.50_246.00_246.50_247.00_,3_8_7_16_15_,244.50_244.00_243.50_243.00_242.50_,15_27_40_40_35_
13:26:13,245.50,1,421,245.00_245.50_246.00_246.50_247.00_,1_7_6_40_52_,244.00_243.50_243.00_242.50_242.00_,66_105_93_99_58_
13:27:29,245.50,1,421,245.50_246.00_246.50_247.00_247.50_,8_7_40_52_62_,244.00_243.50_243.00_242.50_242.00_,65_105_123_99_58_
13:28:26,245.50,1,421,245.50_246.00_246.50_247.00_247.50_,8_7_40_60_62_,244.50_244.00_243.50_243.00_242.50_,3_77_105_123_98_
13:28:41,245.50,1,421,245.50_246.00_246.50_247.00_247.50_,8_9_40_60_62_,244.50_244.00_243.50_243.00_242.50_,5_78_105_123_98_
13:30:00,245.00,23,444,245.50_246.00_246.50_247.00_247.50_,3_9_40_62_62_,245.00_244.50_244.00_243.50_243.00_,25_10_93_114_117_
