12:58:40,13.50,1,268,13.50_13.55_13.60_13.65_13.70_,72_50_121_99_88_,13.45_13.40_13.35_13.30_13.25_,81_149_95_152_10_
13:02:21,13.50,1,268,13.50_13.55_13.60_13.65_13.70_,78_50_121_99_88_,13.45_13.40_13.35_13.30_13.25_,81_149_95_152_10_
13:02:46,13.50,1,268,13.50_13.55_13.60_13.65_13.70_,78_50_121_99_88_,13.45_13.40_13.35_13.30_13.25_,90_170_108_152_10_
13:04:19,13.50,1,271,13.50_13.55_13.60_13.65_13.70_,75_50_121_99_88_,13.45_13.40_13.35_13.30_13.25_,89_170_108_152_10_
13:04:44,13.50,1,271,13.50_13.55_13.60_13.65_13.70_,75_50_121_96_88_,13.45_13.40_13.35_13.30_13.25_,89_170_108_152_10_
13:07:18,13.50,1,302,13.50_13.55_13.60_13.65_13.70_,66_50_121_96_88_,13.45_13.40_13.35_13.30_13.25_,61_170_108_152_10_
13:07:54,13.45,1,303,13.50_13.55_13.60_13.65_13.70_,66_50_121_96_88_,13.45_13.40_13.35_13.30_13.25_,60_206_72_152_10_
13:08:50,13.45,1,303,13.50_13.55_13.60_13.65_13.70_,66_50_121_96_88_,13.45_13.40_13.35_13.30_13.25_,61_206_67_152_10_
13:09:01,13.45,1,303,13.50_13.55_13.60_13.65_13.70_,66_50_121_96_88_,13.45_13.40_13.35_13.30_13.25_,62_206_67_152_10_
13:11:24,13.45,1,303,13.50_13.55_13.60_13.65_13.70_,53_63_121_96_88_,13.45_13.40_13.35_13.30_13.25_,64_206_67_152_10_
13:12:31,13.45,1,303,13.50_13.55_13.60_13.65_13.70_,53_63_121_96_88_,13.45_13.40_13.35_13.30_13.25_,65_206_67_152_10_
13:13:48,13.50,1,306,13.50_13.55_13.60_13.65_13.70_,52_63_121_96_88_,13.45_13.40_13.35_13.30_13.25_,63_170_103_152_10_
13:18:45,13.45,1,311,13.50_13.55_13.60_13.65_13.70_,49_63_121_96_88_,13.45_13.40_13.35_13.30_13.25_,63_206_59_152_10_
13:22:10,13.50,1,331,13.50_13.55_13.60_13.65_13.70_,35_73_111_96_88_,13.45_13.40_13.35_13.30_13.25_,54_170_93_152_10_
13:22:20,13.50,1,331,13.50_13.55_13.60_13.65_13.70_,35_73_116_96_88_,13.45_13.40_13.35_13.30_13.25_,54_184_93_152_10_
13:23:32,13.50,1,334,13.50_13.55_13.60_13.65_13.70_,34_73_116_96_88_,13.45_13.40_13.35_13.30_13.25_,53_184_93_152_10_
13:24:28,13.50,2,343,13.50_13.55_13.60_13.65_13.70_,33_106_149_129_86_,13.45_13.40_13.35_13.30_13.25_,42_253_90_183_10_
13:24:38,13.50,2,343,13.50_13.55_13.60_13.65_13.70_,33_106_149_127_86_,13.45_13.40_13.35_13.30_13.25_,42_217_126_182_10_
13:24:59,13.50,2,343,13.50_13.55_13.60_13.65_13.70_,33_93_149_127_86_,13.45_13.40_13.35_13.30_13.25_,44_204_126_182_10_
13:28:15,13.50,2,343,13.50_13.55_13.60_13.65_13.70_,37_93_149_127_86_,13.45_13.40_13.35_13.30_13.25_,29_225_120_182_10_
13:29:17,13.50,2,343,13.50_13.55_13.60_13.65_13.70_,37_93_157_127_86_,13.45_13.40_13.35_13.30_13.25_,23_284_120_182_10_
13:30:00,13.55,152,495,13.55_13.60_13.65_13.70_13.75_,40_157_127_86_71_,13.50_13.45_13.40_13.35_13.30_,2_29_284_120_182_
09:00:56,13.55,1,1,13.60_13.65_13.70_13.75_13.80_,47_77_48_50_43_,13.55_13.50_13.45_13.40_13.35_,33_53_27_28_14_
09:00:56,13.55,1,1,13.60_13.65_13.70_13.75_13.80_,47_77_48_50_43_,13.55_13.50_13.45_13.40_13.35_,33_53_27_28_14_
09:01:22,13.55,1,2,13.60_13.65_13.70_13.75_13.80_,49_77_48_50_43_,13.55_13.50_13.45_13.40_13.35_,32_53_27_28_14_
09:01:22,13.55,1,2,13.60_13.65_13.70_13.75_13.80_,49_77_48_50_43_,13.55_13.50_13.45_13.40_13.35_,32_53_27_28_14_
09:01:22,13.55,1,2,13.60_13.65_13.70_13.75_13.80_,49_77_48_50_43_,13.55_13.50_13.45_13.40_13.35_,32_53_27_28_14_
09:01:22,13.55,1,2,13.60_13.65_13.70_13.75_13.80_,49_77_48_50_43_,13.55_13.50_13.45_13.40_13.35_,32_53_27_28_14_
09:01:22,13.55,1,2,13.60_13.65_13.70_13.75_13.80_,49_77_48_50_43_,13.55_13.50_13.45_13.40_13.35_,32_53_27_28_14_
09:01:47,13.55,1,2,13.60_13.65_13.70_13.75_13.80_,49_77_50_50_43_,13.55_13.50_13.45_13.40_13.35_,32_53_27_28_14_
09:01:47,13.55,1,2,13.60_13.65_13.70_13.75_13.80_,49_77_50_50_43_,13.55_13.50_13.45_13.40_13.35_,32_53_27_28_14_
09:01:47,13.55,1,2,13.60_13.65_13.70_13.75_13.80_,49_77_50_50_43_,13.55_13.50_13.45_13.40_13.35_,32_53_27_28_14_
09:02:44,13.55,6,8,13.60_13.65_13.70_13.75_13.80_,49_77_50_50_43_,13.55_13.50_13.45_13.40_13.35_,26_53_27_28_16_
09:02:44,13.55,6,8,13.60_13.65_13.70_13.75_13.80_,49_77_50_50_43_,13.55_13.50_13.45_13.40_13.35_,26_53_27_28_16_
09:02:44,13.55,6,8,13.60_13.65_13.70_13.75_13.80_,49_77_50_50_43_,13.55_13.50_13.45_13.40_13.35_,26_53_27_28_16_
09:02:44,13.55,6,8,13.60_13.65_13.70_13.75_13.80_,49_77_50_50_43_,13.55_13.50_13.45_13.40_13.35_,26_53_27_28_16_
09:02:44,13.55,6,8,13.60_13.65_13.70_13.75_13.80_,49_77_50_50_43_,13.55_13.50_13.45_13.40_13.35_,26_53_27_28_16_
09:02:44,13.55,6,8,13.60_13.65_13.70_13.75_13.80_,49_77_50_50_43_,13.55_13.50_13.45_13.40_13.35_,26_53_27_28_16_
09:04:52,13.55,3,37,13.55_13.60_13.65_13.70_13.75_,4_77_81_50_50_,13.50_13.45_13.40_13.35_13.30_,53_35_124_16_38_
09:04:57,13.55,3,37,13.55_13.60_13.65_13.70_13.75_,6_65_93_50_50_,13.50_13.45_13.40_13.35_13.30_,53_35_124_16_38_
09:04:57,13.55,3,37,13.55_13.60_13.65_13.70_13.75_,6_65_93_50_50_,13.50_13.45_13.40_13.35_13.30_,53_35_124_16_38_
09:05:07,13.55,3,37,13.55_13.60_13.65_13.70_13.75_,6_70_93_50_50_,13.50_13.45_13.40_13.35_13.30_,53_37_124_16_38_
09:05:12,13.55,3,37,13.55_13.60_13.65_13.70_13.75_,8_70_98_52_50_,13.50_13.45_13.40_13.35_13.30_,53_37_124_18_38_
09:05:28,13.55,3,37,13.55_13.60_13.65_13.70_13.75_,8_70_98_58_52_,13.50_13.45_13.40_13.35_13.30_,53_37_124_48_40_
09:05:53,13.50,1,38,13.55_13.60_13.65_13.70_13.75_,8_70_98_58_52_,13.50_13.45_13.40_13.35_13.30_,52_37_124_48_40_
09:06:29,13.50,1,38,13.55_13.60_13.65_13.70_13.75_,8_70_100_58_52_,13.50_13.45_13.40_13.35_13.30_,60_37_124_48_40_
09:06:39,13.50,1,38,13.55_13.60_13.65_13.70_13.75_,8_70_100_58_54_,13.50_13.45_13.40_13.35_13.30_,60_37_124_48_40_
09:08:53,13.50,10,48,13.55_13.60_13.65_13.70_13.75_,14_70_100_58_54_,13.50_13.45_13.40_13.35_13.30_,60_49_112_48_40_
09:09:54,13.50,10,48,13.55_13.60_13.65_13.70_13.75_,15_70_100_58_54_,13.50_13.45_13.40_13.35_13.30_,65_49_112_48_40_
09:09:54,13.50,10,48,13.55_13.60_13.65_13.70_13.75_,15_70_100_58_54_,13.50_13.45_13.40_13.35_13.30_,65_49_112_48_40_
09:09:54,13.50,10,48,13.55_13.60_13.65_13.70_13.75_,15_70_100_58_54_,13.50_13.45_13.40_13.35_13.30_,65_49_112_48_40_
09:10:15,13.50,1,49,13.55_13.60_13.65_13.70_13.75_,15_70_100_58_54_,13.50_13.45_13.40_13.35_13.30_,64_49_112_48_40_
09:10:35,13.50,1,49,13.55_13.60_13.65_13.70_13.75_,15_71_88_70_54_,13.50_13.45_13.40_13.35_13.30_,64_49_112_48_40_
09:10:35,13.50,1,49,13.55_13.60_13.65_13.70_13.75_,15_71_88_70_54_,13.50_13.45_13.40_13.35_13.30_,64_49_112_48_40_
09:11:06,13.50,1,51,13.55_13.60_13.65_13.70_13.75_,15_71_88_70_54_,13.50_13.45_13.40_13.35_13.30_,74_37_112_48_40_
09:12:33,13.50,1,51,13.55_13.60_13.65_13.70_13.75_,15_71_88_70_54_,13.50_13.45_13.40_13.35_13.30_,70_37_121_48_40_
09:12:33,13.50,1,51,13.55_13.60_13.65_13.70_13.75_,15_71_88_70_54_,13.50_13.45_13.40_13.35_13.30_,70_37_121_48_40_
09:12:33,13.50,1,51,13.55_13.60_13.65_13.70_13.75_,15_71_88_70_54_,13.50_13.45_13.40_13.35_13.30_,70_37_121_48_40_
09:12:33,13.50,1,51,13.55_13.60_13.65_13.70_13.75_,15_71_88_70_54_,13.50_13.45_13.40_13.35_13.30_,70_37_121_48_40_
09:12:33,13.50,1,51,13.55_13.60_13.65_13.70_13.75_,15_71_88_70_54_,13.50_13.45_13.40_13.35_13.30_,70_37_121_48_40_
09:14:46,13.55,3,55,13.55_13.60_13.65_13.70_13.75_,15_71_88_70_54_,13.50_13.45_13.40_13.35_13.30_,69_37_176_98_40_
09:14:56,13.55,3,55,13.55_13.60_13.65_13.70_13.75_,15_71_88_70_54_,13.50_13.45_13.40_13.35_13.30_,64_37_176_98_40_
09:14:56,13.55,3,55,13.55_13.60_13.65_13.70_13.75_,15_71_88_70_54_,13.50_13.45_13.40_13.35_13.30_,64_37_176_98_40_
09:15:07,13.55,3,55,13.55_13.60_13.65_13.70_13.75_,15_71_100_58_54_,13.50_13.45_13.40_13.35_13.30_,64_37_176_98_40_
09:16:29,13.55,3,55,13.55_13.60_13.65_13.70_13.75_,15_83_88_58_54_,13.50_13.45_13.40_13.35_13.30_,48_49_186_98_40_
09:16:39,13.55,3,55,13.55_13.60_13.65_13.70_13.75_,30_83_88_58_54_,13.50_13.45_13.40_13.35_13.30_,48_49_186_98_40_
09:16:39,13.55,3,55,13.55_13.60_13.65_13.70_13.75_,30_83_88_58_54_,13.50_13.45_13.40_13.35_13.30_,48_49_186_98_40_
09:16:39,13.55,3,55,13.55_13.60_13.65_13.70_13.75_,30_83_88_58_54_,13.50_13.45_13.40_13.35_13.30_,48_49_186_98_40_
09:17:15,13.55,3,55,13.55_13.60_13.65_13.70_13.75_,32_83_88_58_54_,13.50_13.45_13.40_13.35_13.30_,48_49_186_98_40_
09:17:15,13.55,3,55,13.55_13.60_13.65_13.70_13.75_,32_83_88_58_54_,13.50_13.45_13.40_13.35_13.30_,48_49_186_98_40_
09:17:15,13.55,3,55,13.55_13.60_13.65_13.70_13.75_,32_83_88_58_54_,13.50_13.45_13.40_13.35_13.30_,48_49_186_98_40_
09:17:15,13.55,3,55,13.55_13.60_13.65_13.70_13.75_,32_83_88_58_54_,13.50_13.45_13.40_13.35_13.30_,48_49_186_98_40_
09:19:53,13.55,2,62,13.55_13.60_13.65_13.70_13.75_,28_83_88_58_54_,13.50_13.45_13.40_13.35_13.30_,59_37_187_98_40_
09:19:53,13.55,2,62,13.55_13.60_13.65_13.70_13.75_,28_83_88_58_54_,13.50_13.45_13.40_13.35_13.30_,59_37_187_98_40_
09:20:24,13.55,5,67,13.55_13.60_13.65_13.70_13.75_,23_83_88_58_54_,13.50_13.45_13.40_13.35_13.30_,59_37_187_98_40_
09:21:51,13.50,5,74,13.55_13.60_13.65_13.70_13.75_,19_83_88_58_54_,13.50_13.45_13.40_13.35_13.30_,55_37_187_98_40_
09:21:57,13.55,1,75,13.55_13.60_13.65_13.70_13.75_,18_83_88_58_54_,13.50_13.45_13.40_13.35_13.30_,55_37_187_98_40_
09:22:02,13.50,2,77,13.55_13.60_13.65_13.70_13.75_,18_83_88_58_54_,13.50_13.45_13.40_13.35_13.30_,53_37_187_98_40_
09:22:07,13.55,2,79,13.55_13.60_13.65_13.70_13.75_,16_83_88_58_54_,13.50_13.45_13.40_13.35_13.30_,51_37_187_98_40_
09:22:07,13.55,2,79,13.55_13.60_13.65_13.70_13.75_,16_83_88_58_54_,13.50_13.45_13.40_13.35_13.30_,51_37_187_98_40_
09:22:48,13.55,2,79,13.55_13.60_13.65_13.70_13.75_,16_83_88_58_54_,13.50_13.45_13.40_13.35_13.30_,51_37_187_98_53_
09:23:49,13.55,2,81,13.55_13.60_13.65_13.70_13.75_,14_83_88_59_54_,13.50_13.45_13.40_13.35_13.30_,36_49_187_98_53_
09:23:49,13.55,2,81,13.55_13.60_13.65_13.70_13.75_,14_83_88_59_54_,13.50_13.45_13.40_13.35_13.30_,36_49_187_98_53_
09:24:30,13.55,2,93,13.55_13.60_13.65_13.70_13.75_,2_83_88_59_59_,13.50_13.45_13.40_13.35_13.30_,36_49_187_98_53_
09:24:35,13.55,2,95,13.60_13.65_13.70_13.75_13.80_,83_88_59_59_51_,13.55_13.50_13.45_13.40_13.35_,1_36_49_187_98_
09:24:40,13.55,2,95,13.60_13.65_13.70_13.75_13.80_,49_118_63_59_51_,13.55_13.50_13.45_13.40_13.35_,1_48_115_104_98_
09:28:05,13.60,2,107,13.60_13.65_13.70_13.75_13.80_,86_90_65_64_54_,13.50_13.45_13.40_13.35_13.30_,43_41_189_98_53_
09:28:05,13.60,2,107,13.60_13.65_13.70_13.75_13.80_,86_90_65_64_54_,13.50_13.45_13.40_13.35_13.30_,43_41_189_98_53_
09:28:05,13.60,2,107,13.60_13.65_13.70_13.75_13.80_,86_90_65_64_54_,13.50_13.45_13.40_13.35_13.30_,43_41_189_98_53_
09:29:38,13.60,2,107,13.60_13.65_13.70_13.75_13.80_,87_90_60_64_54_,13.50_13.45_13.40_13.35_13.30_,43_41_189_98_53_
09:31:05,13.60,2,107,13.60_13.65_13.70_13.75_13.80_,66_90_60_64_53_,13.50_13.45_13.40_13.35_13.30_,29_53_189_98_53_
09:31:20,13.60,2,107,13.60_13.65_13.70_13.75_13.80_,66_91_60_64_53_,13.50_13.45_13.40_13.35_13.30_,41_41_189_98_53_
09:31:25,13.60,2,107,13.60_13.65_13.70_13.75_13.80_,88_91_60_64_53_,13.50_13.45_13.40_13.35_13.30_,41_41_189_98_53_
09:31:25,13.60,2,107,13.60_13.65_13.70_13.75_13.80_,88_91_60_64_53_,13.50_13.45_13.40_13.35_13.30_,41_41_189_98_53_
09:31:25,13.60,2,107,13.60_13.65_13.70_13.75_13.80_,88_91_60_64_53_,13.50_13.45_13.40_13.35_13.30_,41_41_189_98_53_
09:31:25,13.60,2,107,13.60_13.65_13.70_13.75_13.80_,88_91_60_64_53_,13.50_13.45_13.40_13.35_13.30_,41_41_189_98_53_
09:31:25,13.60,2,107,13.60_13.65_13.70_13.75_13.80_,88_91_60_64_53_,13.50_13.45_13.40_13.35_13.30_,41_41_189_98_53_
09:32:52,13.60,2,107,13.60_13.65_13.70_13.75_13.80_,89_91_60_64_53_,13.50_13.45_13.40_13.35_13.30_,29_53_189_98_53_
09:32:52,13.60,2,107,13.60_13.65_13.70_13.75_13.80_,89_91_60_64_53_,13.50_13.45_13.40_13.35_13.30_,29_53_189_98_53_
09:32:52,13.60,2,107,13.60_13.65_13.70_13.75_13.80_,89_91_60_64_53_,13.50_13.45_13.40_13.35_13.30_,29_53_189_98_53_
09:33:13,13.60,2,107,13.60_13.65_13.70_13.75_13.80_,89_96_60_64_53_,13.50_13.45_13.40_13.35_13.30_,29_53_189_98_53_
09:33:13,13.60,2,107,13.60_13.65_13.70_13.75_13.80_,89_96_60_64_53_,13.50_13.45_13.40_13.35_13.30_,29_53_189_98_53_
09:33:13,13.60,2,107,13.60_13.65_13.70_13.75_13.80_,89_96_60_64_53_,13.50_13.45_13.40_13.35_13.30_,29_53_189_98_53_
09:34:09,13.60,2,107,13.55_13.60_13.65_13.70_13.75_,4_94_94_60_64_,13.50_13.45_13.40_13.35_13.30_,24_53_190_98_53_
09:34:09,13.60,2,107,13.55_13.60_13.65_13.70_13.75_,4_94_94_60_64_,13.50_13.45_13.40_13.35_13.30_,24_53_190_98_53_
09:34:40,13.60,2,107,13.55_13.60_13.65_13.70_13.75_,8_94_94_60_64_,13.50_13.45_13.40_13.35_13.30_,24_53_190_98_53_
09:34:40,13.60,2,107,13.55_13.60_13.65_13.70_13.75_,8_94_94_60_64_,13.50_13.45_13.40_13.35_13.30_,24_53_190_98_53_
09:37:13,13.50,1,108,13.55_13.60_13.65_13.70_13.75_,8_76_116_60_64_,13.50_13.45_13.40_13.35_13.30_,23_49_193_100_56_
09:37:13,13.50,1,108,13.55_13.60_13.65_13.70_13.75_,8_76_116_60_64_,13.50_13.45_13.40_13.35_13.30_,23_49_193_100_56_
09:38:41,13.50,1,108,13.55_13.60_13.65_13.70_13.75_,13_80_116_60_64_,13.50_13.45_13.40_13.35_13.30_,36_37_193_100_56_
09:38:46,13.50,1,108,13.55_13.60_13.65_13.70_13.75_,13_80_116_65_64_,13.50_13.45_13.40_13.35_13.30_,36_37_193_100_56_
09:38:46,13.50,1,108,13.55_13.60_13.65_13.70_13.75_,13_80_116_65_64_,13.50_13.45_13.40_13.35_13.30_,36_37_193_100_56_
09:38:46,13.50,1,108,13.55_13.60_13.65_13.70_13.75_,13_80_116_65_64_,13.50_13.45_13.40_13.35_13.30_,36_37_193_100_56_
09:38:46,13.50,1,108,13.55_13.60_13.65_13.70_13.75_,13_80_116_65_64_,13.50_13.45_13.40_13.35_13.30_,36_37_193_100_56_
09:44:29,13.60,1,123,13.60_13.65_13.70_13.75_13.80_,66_125_68_64_55_,13.55_13.50_13.45_13.40_13.35_,16_32_127_117_101_
09:45:25,13.60,1,124,13.60_13.65_13.70_13.75_13.80_,66_125_68_64_55_,13.55_13.50_13.45_13.40_13.35_,20_43_133_117_101_
09:45:36,13.60,1,124,13.60_13.65_13.70_13.75_13.80_,66_125_68_64_55_,13.55_13.50_13.45_13.40_13.35_,20_48_133_117_101_
09:45:41,13.60,1,125,13.60_13.65_13.70_13.75_13.80_,65_125_68_64_55_,13.55_13.50_13.45_13.40_13.35_,20_48_133_117_101_
09:45:41,13.60,1,125,13.60_13.65_13.70_13.75_13.80_,65_125_68_64_55_,13.55_13.50_13.45_13.40_13.35_,20_48_133_117_101_
09:45:51,13.60,1,125,13.60_13.65_13.70_13.75_13.80_,65_125_68_64_55_,13.55_13.50_13.45_13.40_13.35_,20_48_138_117_101_
09:45:51,13.60,1,125,13.60_13.65_13.70_13.75_13.80_,65_125_68_64_55_,13.55_13.50_13.45_13.40_13.35_,20_48_138_117_101_
09:45:51,13.60,1,125,13.60_13.65_13.70_13.75_13.80_,65_125_68_64_55_,13.55_13.50_13.45_13.40_13.35_,20_48_138_117_101_
09:45:51,13.60,1,125,13.60_13.65_13.70_13.75_13.80_,65_125_68_64_55_,13.55_13.50_13.45_13.40_13.35_,20_48_138_117_101_
09:47:33,13.55,5,131,13.60_13.65_13.70_13.75_13.80_,65_124_68_64_57_,13.55_13.50_13.45_13.40_13.35_,11_48_138_117_101_
09:49:11,13.55,5,131,13.60_13.65_13.70_13.75_13.80_,65_131_68_64_57_,13.55_13.50_13.45_13.40_13.35_,11_48_138_117_101_
09:49:11,13.55,5,131,13.60_13.65_13.70_13.75_13.80_,65_131_68_64_57_,13.55_13.50_13.45_13.40_13.35_,11_48_138_117_101_
09:49:11,13.55,5,131,13.60_13.65_13.70_13.75_13.80_,65_131_68_64_57_,13.55_13.50_13.45_13.40_13.35_,11_48_138_117_101_
09:49:11,13.55,5,131,13.60_13.65_13.70_13.75_13.80_,65_131_68_64_57_,13.55_13.50_13.45_13.40_13.35_,11_48_138_117_101_
09:49:11,13.55,5,131,13.60_13.65_13.70_13.75_13.80_,65_131_68_64_57_,13.55_13.50_13.45_13.40_13.35_,11_48_138_117_101_
09:49:11,13.55,5,131,13.60_13.65_13.70_13.75_13.80_,65_131_68_64_57_,13.55_13.50_13.45_13.40_13.35_,11_48_138_117_101_
09:49:11,13.55,5,131,13.60_13.65_13.70_13.75_13.80_,65_131_68_64_57_,13.55_13.50_13.45_13.40_13.35_,11_48_138_117_101_
09:51:04,13.60,2,134,13.60_13.65_13.70_13.75_13.80_,63_131_68_64_57_,13.55_13.50_13.45_13.40_13.35_,10_46_138_117_101_
09:53:42,13.60,2,134,13.60_13.65_13.70_13.75_13.80_,67_132_68_64_57_,13.55_13.50_13.45_13.40_13.35_,12_67_138_122_101_
09:54:28,13.55,1,135,13.60_13.65_13.70_13.75_13.80_,66_132_68_64_57_,13.55_13.50_13.45_13.40_13.35_,11_67_138_122_99_
09:55:30,13.60,1,136,13.60_13.65_13.70_13.75_13.80_,65_132_68_64_57_,13.55_13.50_13.45_13.40_13.35_,11_67_138_122_99_
09:55:30,13.60,1,136,13.60_13.65_13.70_13.75_13.80_,65_132_68_64_57_,13.55_13.50_13.45_13.40_13.35_,11_67_138_122_99_
09:55:30,13.60,1,136,13.60_13.65_13.70_13.75_13.80_,65_132_68_64_57_,13.55_13.50_13.45_13.40_13.35_,11_67_138_122_99_
09:55:30,13.60,1,136,13.60_13.65_13.70_13.75_13.80_,65_132_68_64_57_,13.55_13.50_13.45_13.40_13.35_,11_67_138_122_99_
09:55:30,13.60,1,136,13.60_13.65_13.70_13.75_13.80_,65_132_68_64_57_,13.55_13.50_13.45_13.40_13.35_,11_67_138_122_99_
09:55:30,13.60,1,136,13.60_13.65_13.70_13.75_13.80_,65_132_68_64_57_,13.55_13.50_13.45_13.40_13.35_,11_67_138_122_99_
09:55:30,13.60,1,136,13.60_13.65_13.70_13.75_13.80_,65_132_68_64_57_,13.55_13.50_13.45_13.40_13.35_,11_67_138_122_99_
09:55:30,13.60,1,136,13.60_13.65_13.70_13.75_13.80_,65_132_68_64_57_,13.55_13.50_13.45_13.40_13.35_,11_67_138_122_99_
09:55:30,13.60,1,136,13.60_13.65_13.70_13.75_13.80_,65_132_68_64_57_,13.55_13.50_13.45_13.40_13.35_,11_67_138_122_99_
09:55:30,13.60,1,136,13.60_13.65_13.70_13.75_13.80_,65_132_68_64_57_,13.55_13.50_13.45_13.40_13.35_,11_67_138_122_99_
09:55:30,13.60,1,136,13.60_13.65_13.70_13.75_13.80_,65_132_68_64_57_,13.55_13.50_13.45_13.40_13.35_,11_67_138_122_99_
09:55:30,13.60,1,136,13.60_13.65_13.70_13.75_13.80_,65_132_68_64_57_,13.55_13.50_13.45_13.40_13.35_,11_67_138_122_99_
09:58:19,13.60,1,136,13.60_13.65_13.70_13.75_13.80_,65_132_68_64_56_,13.55_13.50_13.45_13.40_13.35_,11_67_138_122_99_
09:58:19,13.60,1,136,13.60_13.65_13.70_13.75_13.80_,65_132_68_64_56_,13.55_13.50_13.45_13.40_13.35_,11_67_138_122_99_
09:59:05,13.60,1,136,13.60_13.65_13.70_13.75_13.80_,66_131_68_64_59_,13.55_13.50_13.45_13.40_13.35_,11_67_138_122_99_
09:59:05,13.60,1,136,13.60_13.65_13.70_13.75_13.80_,66_131_68_64_59_,13.55_13.50_13.45_13.40_13.35_,11_67_138_122_99_
09:59:05,13.60,1,136,13.60_13.65_13.70_13.75_13.80_,66_131_68_64_59_,13.55_13.50_13.45_13.40_13.35_,11_67_138_122_99_
09:59:05,13.60,1,136,13.60_13.65_13.70_13.75_13.80_,66_131_68_64_59_,13.55_13.50_13.45_13.40_13.35_,11_67_138_122_99_
09:59:05,13.60,1,136,13.60_13.65_13.70_13.75_13.80_,66_131_68_64_59_,13.55_13.50_13.45_13.40_13.35_,11_67_138_122_99_
09:59:05,13.60,1,136,13.60_13.65_13.70_13.75_13.80_,66_131_68_64_59_,13.55_13.50_13.45_13.40_13.35_,11_67_138_122_99_
10:03:52,13.55,3,143,13.60_13.65_13.70_13.75_13.80_,65_135_68_64_59_,13.55_13.50_13.45_13.40_13.35_,5_64_138_125_99_
10:04:59,13.60,1,145,13.60_13.65_13.70_13.75_13.80_,62_135_68_64_59_,13.55_13.50_13.45_13.40_13.35_,4_74_138_125_99_
10:06:31,13.55,2,148,13.60_13.65_13.70_13.75_13.80_,61_135_58_64_69_,13.55_13.50_13.45_13.40_13.35_,1_79_138_125_99_
10:06:31,13.55,2,148,13.60_13.65_13.70_13.75_13.80_,61_135_58_64_69_,13.55_13.50_13.45_13.40_13.35_,1_79_138_125_99_
10:07:42,13.60,1,149,13.60_13.65_13.70_13.75_13.80_,60_135_58_64_69_,13.55_13.50_13.45_13.40_13.35_,1_81_138_125_99_
10:07:42,13.60,1,149,13.60_13.65_13.70_13.75_13.80_,60_135_58_64_69_,13.55_13.50_13.45_13.40_13.35_,1_81_138_125_99_
10:07:42,13.60,1,149,13.60_13.65_13.70_13.75_13.80_,60_135_58_64_69_,13.55_13.50_13.45_13.40_13.35_,1_81_138_125_99_
10:07:42,13.60,1,149,13.60_13.65_13.70_13.75_13.80_,60_135_58_64_69_,13.55_13.50_13.45_13.40_13.35_,1_81_138_125_99_
10:07:42,13.60,1,149,13.60_13.65_13.70_13.75_13.80_,60_135_58_64_69_,13.55_13.50_13.45_13.40_13.35_,1_81_138_125_99_
10:07:42,13.60,1,149,13.60_13.65_13.70_13.75_13.80_,60_135_58_64_69_,13.55_13.50_13.45_13.40_13.35_,1_81_138_125_99_
10:09:05,13.60,1,149,13.60_13.65_13.70_13.75_13.80_,60_135_58_64_69_,13.55_13.50_13.45_13.40_13.35_,3_81_138_125_99_
10:09:05,13.60,1,149,13.60_13.65_13.70_13.75_13.80_,60_135_58_64_69_,13.55_13.50_13.45_13.40_13.35_,3_81_138_125_99_
10:09:15,13.60,10,159,13.60_13.65_13.70_13.75_13.80_,50_135_58_64_69_,13.55_13.50_13.45_13.40_13.35_,3_81_138_125_99_
10:09:20,13.60,2,161,13.60_13.65_13.70_13.75_13.80_,48_135_58_64_69_,13.55_13.50_13.45_13.40_13.35_,3_81_138_125_99_
10:09:20,13.60,2,161,13.60_13.65_13.70_13.75_13.80_,48_135_58_64_69_,13.55_13.50_13.45_13.40_13.35_,3_81_138_125_99_
10:09:20,13.60,2,161,13.60_13.65_13.70_13.75_13.80_,48_135_58_64_69_,13.55_13.50_13.45_13.40_13.35_,3_81_138_125_99_
10:09:20,13.60,2,161,13.60_13.65_13.70_13.75_13.80_,48_135_58_64_69_,13.55_13.50_13.45_13.40_13.35_,3_81_138_125_99_
10:10:06,13.60,2,161,13.60_13.65_13.70_13.75_13.80_,48_135_58_64_69_,13.55_13.50_13.45_13.40_13.35_,8_81_138_125_99_
10:10:06,13.60,2,161,13.60_13.65_13.70_13.75_13.80_,48_135_58_64_69_,13.55_13.50_13.45_13.40_13.35_,8_81_138_125_99_
10:11:28,13.55,1,162,13.60_13.65_13.70_13.75_13.80_,47_135_58_64_69_,13.55_13.50_13.45_13.40_13.35_,19_80_138_125_99_
10:12:30,13.55,1,162,13.60_13.65_13.70_13.75_13.80_,47_135_58_64_84_,13.55_13.50_13.45_13.40_13.35_,19_80_138_125_99_
10:13:00,13.60,1,167,13.60_13.65_13.70_13.75_13.80_,46_135_58_64_84_,13.55_13.50_13.45_13.40_13.35_,15_80_138_125_99_
10:13:21,13.60,1,167,13.60_13.65_13.70_13.75_13.80_,46_135_58_64_84_,13.55_13.50_13.45_13.40_13.35_,16_80_138_125_99_
10:13:21,13.60,1,167,13.60_13.65_13.70_13.75_13.80_,46_135_58_64_84_,13.55_13.50_13.45_13.40_13.35_,16_80_138_125_99_
10:13:21,13.60,1,167,13.60_13.65_13.70_13.75_13.80_,46_135_58_64_84_,13.55_13.50_13.45_13.40_13.35_,16_80_138_125_99_
10:13:21,13.60,1,167,13.60_13.65_13.70_13.75_13.80_,46_135_58_64_84_,13.55_13.50_13.45_13.40_13.35_,16_80_138_125_99_
10:13:21,13.60,1,167,13.60_13.65_13.70_13.75_13.80_,46_135_58_64_84_,13.55_13.50_13.45_13.40_13.35_,16_80_138_125_99_
10:13:21,13.60,1,167,13.60_13.65_13.70_13.75_13.80_,46_135_58_64_84_,13.55_13.50_13.45_13.40_13.35_,16_80_138_125_99_
10:15:23,13.60,1,167,13.60_13.65_13.70_13.75_13.80_,46_135_58_64_87_,13.55_13.50_13.45_13.40_13.35_,16_81_138_125_99_
10:15:23,13.60,1,167,13.60_13.65_13.70_13.75_13.80_,46_135_58_64_87_,13.55_13.50_13.45_13.40_13.35_,16_81_138_125_99_
10:15:23,13.60,1,167,13.60_13.65_13.70_13.75_13.80_,46_135_58_64_87_,13.55_13.50_13.45_13.40_13.35_,16_81_138_125_99_
10:15:23,13.60,1,167,13.60_13.65_13.70_13.75_13.80_,46_135_58_64_87_,13.55_13.50_13.45_13.40_13.35_,16_81_138_125_99_
10:15:23,13.60,1,167,13.60_13.65_13.70_13.75_13.80_,46_135_58_64_87_,13.55_13.50_13.45_13.40_13.35_,16_81_138_125_99_
10:16:35,13.55,8,175,13.60_13.65_13.70_13.75_13.80_,46_135_58_64_87_,13.55_13.50_13.45_13.40_13.35_,8_81_138_125_99_
10:16:45,13.55,1,178,13.60_13.65_13.70_13.75_13.80_,44_135_58_64_87_,13.55_13.50_13.45_13.40_13.35_,6_81_138_125_99_
10:17:52,13.60,1,182,13.60_13.65_13.70_13.75_13.80_,43_135_60_64_87_,13.55_13.50_13.45_13.40_13.35_,4_81_148_125_99_
10:21:48,13.55,1,183,13.60_13.65_13.70_13.75_13.80_,56_123_60_64_87_,13.55_13.50_13.45_13.40_13.35_,4_81_148_125_99_
10:22:34,13.55,1,183,13.60_13.65_13.70_13.75_13.80_,44_135_60_64_87_,13.55_13.50_13.45_13.40_13.35_,4_81_148_125_99_
10:22:34,13.55,1,183,13.60_13.65_13.70_13.75_13.80_,44_135_60_64_87_,13.55_13.50_13.45_13.40_13.35_,4_81_148_125_99_
10:22:34,13.55,1,183,13.60_13.65_13.70_13.75_13.80_,44_135_60_64_87_,13.55_13.50_13.45_13.40_13.35_,4_81_148_125_99_
10:22:34,13.55,1,183,13.60_13.65_13.70_13.75_13.80_,44_135_60_64_87_,13.55_13.50_13.45_13.40_13.35_,4_81_148_125_99_
10:22:34,13.55,1,183,13.60_13.65_13.70_13.75_13.80_,44_135_60_64_87_,13.55_13.50_13.45_13.40_13.35_,4_81_148_125_99_
10:22:34,13.55,1,183,13.60_13.65_13.70_13.75_13.80_,44_135_60_64_87_,13.55_13.50_13.45_13.40_13.35_,4_81_148_125_99_
10:23:15,13.60,1,184,13.60_13.65_13.70_13.75_13.80_,43_135_60_64_87_,13.55_13.50_13.45_13.40_13.35_,3_81_148_125_99_
10:23:15,13.60,1,184,13.60_13.65_13.70_13.75_13.80_,43_135_60_64_87_,13.55_13.50_13.45_13.40_13.35_,3_81_148_125_99_
10:23:15,13.60,1,184,13.60_13.65_13.70_13.75_13.80_,43_135_60_64_87_,13.55_13.50_13.45_13.40_13.35_,3_81_148_125_99_
10:23:15,13.60,1,184,13.60_13.65_13.70_13.75_13.80_,43_135_60_64_87_,13.55_13.50_13.45_13.40_13.35_,3_81_148_125_99_
10:23:15,13.60,1,184,13.60_13.65_13.70_13.75_13.80_,43_135_60_64_87_,13.55_13.50_13.45_13.40_13.35_,3_81_148_125_99_
10:23:15,13.60,1,184,13.60_13.65_13.70_13.75_13.80_,43_135_60_64_87_,13.55_13.50_13.45_13.40_13.35_,3_81_148_125_99_
10:25:02,13.60,1,184,13.60_13.65_13.70_13.75_13.80_,55_123_60_64_87_,13.55_13.50_13.45_13.40_13.35_,3_81_148_125_99_
10:25:02,13.60,1,184,13.60_13.65_13.70_13.75_13.80_,55_123_60_64_87_,13.55_13.50_13.45_13.40_13.35_,3_81_148_125_99_
10:25:02,13.60,1,184,13.60_13.65_13.70_13.75_13.80_,55_123_60_64_87_,13.55_13.50_13.45_13.40_13.35_,3_81_148_125_99_
10:25:02,13.60,1,184,13.60_13.65_13.70_13.75_13.80_,55_123_60_64_87_,13.55_13.50_13.45_13.40_13.35_,3_81_148_125_99_
10:29:19,13.55,1,186,13.60_13.65_13.70_13.75_13.80_,54_123_60_64_87_,13.55_13.50_13.45_13.40_13.35_,9_80_148_125_99_
10:30:30,13.55,1,186,13.60_13.65_13.70_13.75_13.80_,55_123_60_64_87_,13.55_13.50_13.45_13.40_13.35_,11_80_148_125_99_
10:30:30,13.55,1,186,13.60_13.65_13.70_13.75_13.80_,55_123_60_64_87_,13.55_13.50_13.45_13.40_13.35_,11_80_148_125_99_
10:31:42,13.55,1,186,13.60_13.65_13.70_13.75_13.80_,43_135_60_64_87_,13.55_13.50_13.45_13.40_13.35_,11_80_148_125_99_
10:32:34,13.55,1,186,13.60_13.65_13.70_13.75_13.80_,43_135_60_64_87_,13.55_13.50_13.45_13.40_13.35_,16_70_148_125_99_
10:32:34,13.55,1,186,13.60_13.65_13.70_13.75_13.80_,43_135_60_64_87_,13.55_13.50_13.45_13.40_13.35_,16_70_148_125_99_
10:32:34,13.55,1,186,13.60_13.65_13.70_13.75_13.80_,43_135_60_64_87_,13.55_13.50_13.45_13.40_13.35_,16_70_148_125_99_
10:32:34,13.55,1,186,13.60_13.65_13.70_13.75_13.80_,43_135_60_64_87_,13.55_13.50_13.45_13.40_13.35_,16_70_148_125_99_
10:32:34,13.55,1,186,13.60_13.65_13.70_13.75_13.80_,43_135_60_64_87_,13.55_13.50_13.45_13.40_13.35_,16_70_148_125_99_
10:36:09,13.55,1,186,13.60_13.65_13.70_13.75_13.80_,44_135_60_64_87_,13.55_13.50_13.45_13.40_13.35_,16_70_148_125_99_
10:36:09,13.55,1,186,13.60_13.65_13.70_13.75_13.80_,44_135_60_64_87_,13.55_13.50_13.45_13.40_13.35_,16_70_148_125_99_
10:36:09,13.55,1,186,13.60_13.65_13.70_13.75_13.80_,44_135_60_64_87_,13.55_13.50_13.45_13.40_13.35_,16_70_148_125_99_
10:39:13,13.60,1,194,13.60_13.65_13.70_13.75_13.80_,51_145_60_64_87_,13.55_13.50_13.45_13.40_13.35_,13_70_148_125_99_
10:39:13,13.60,1,194,13.60_13.65_13.70_13.75_13.80_,51_145_60_64_87_,13.55_13.50_13.45_13.40_13.35_,13_70_148_125_99_
10:40:05,13.60,1,195,13.60_13.65_13.70_13.75_13.80_,50_145_60_64_87_,13.55_13.50_13.45_13.40_13.35_,12_70_148_125_99_
10:40:05,13.60,1,195,13.60_13.65_13.70_13.75_13.80_,50_145_60_64_87_,13.55_13.50_13.45_13.40_13.35_,12_70_148_125_99_
10:40:05,13.60,1,195,13.60_13.65_13.70_13.75_13.80_,50_145_60_64_87_,13.55_13.50_13.45_13.40_13.35_,12_70_148_125_99_
10:40:05,13.60,1,195,13.60_13.65_13.70_13.75_13.80_,50_145_60_64_87_,13.55_13.50_13.45_13.40_13.35_,12_70_148_125_99_
10:40:05,13.60,1,195,13.60_13.65_13.70_13.75_13.80_,50_145_60_64_87_,13.55_13.50_13.45_13.40_13.35_,12_70_148_125_99_
10:40:05,13.60,1,195,13.60_13.65_13.70_13.75_13.80_,50_145_60_64_87_,13.55_13.50_13.45_13.40_13.35_,12_70_148_125_99_
10:40:51,13.60,1,195,13.60_13.65_13.70_13.75_13.80_,50_145_60_64_87_,13.55_13.50_13.45_13.40_13.35_,12_75_148_125_99_
10:43:45,13.55,6,202,13.60_13.65_13.70_13.75_13.80_,55_146_60_64_87_,13.55_13.50_13.45_13.40_13.35_,3_74_148_125_99_
10:45:38,13.55,1,203,13.60_13.65_13.70_13.75_13.80_,66_134_60_64_87_,13.55_13.50_13.45_13.40_13.35_,2_73_148_125_99_
10:45:38,13.55,1,203,13.60_13.65_13.70_13.75_13.80_,66_134_60_64_87_,13.55_13.50_13.45_13.40_13.35_,2_73_148_125_99_
10:45:53,13.55,1,203,13.60_13.65_13.70_13.75_13.80_,66_134_60_64_87_,13.55_13.50_13.45_13.40_13.35_,3_73_148_125_99_
10:45:53,13.55,1,203,13.60_13.65_13.70_13.75_13.80_,66_134_60_64_87_,13.55_13.50_13.45_13.40_13.35_,3_73_148_125_99_
10:45:53,13.55,1,203,13.60_13.65_13.70_13.75_13.80_,66_134_60_64_87_,13.55_13.50_13.45_13.40_13.35_,3_73_148_125_99_
10:45:53,13.55,1,203,13.60_13.65_13.70_13.75_13.80_,66_134_60_64_87_,13.55_13.50_13.45_13.40_13.35_,3_73_148_125_99_
10:47:56,13.55,3,206,13.55_13.60_13.65_13.70_13.75_,27_97_115_56_64_,13.50_13.45_13.40_13.35_13.30_,75_75_198_99_41_
10:47:56,13.55,3,206,13.55_13.60_13.65_13.70_13.75_,27_97_115_56_64_,13.50_13.45_13.40_13.35_13.30_,75_75_198_99_41_
10:47:56,13.55,3,206,13.55_13.60_13.65_13.70_13.75_,27_97_115_56_64_,13.50_13.45_13.40_13.35_13.30_,75_75_198_99_41_
10:47:56,13.55,3,206,13.55_13.60_13.65_13.70_13.75_,27_97_115_56_64_,13.50_13.45_13.40_13.35_13.30_,75_75_198_99_41_
10:47:56,13.55,3,206,13.55_13.60_13.65_13.70_13.75_,27_97_115_56_64_,13.50_13.45_13.40_13.35_13.30_,75_75_198_99_41_
10:47:56,13.55,3,206,13.55_13.60_13.65_13.70_13.75_,27_97_115_56_64_,13.50_13.45_13.40_13.35_13.30_,75_75_198_99_41_
10:47:56,13.55,3,206,13.55_13.60_13.65_13.70_13.75_,27_97_115_56_64_,13.50_13.45_13.40_13.35_13.30_,75_75_198_99_41_
10:47:56,13.55,3,206,13.55_13.60_13.65_13.70_13.75_,27_97_115_56_64_,13.50_13.45_13.40_13.35_13.30_,75_75_198_99_41_
10:50:40,13.55,3,206,13.55_13.60_13.65_13.70_13.75_,26_97_115_56_64_,13.50_13.45_13.40_13.35_13.30_,75_77_198_99_41_
10:50:40,13.55,3,206,13.55_13.60_13.65_13.70_13.75_,26_97_115_56_64_,13.50_13.45_13.40_13.35_13.30_,75_77_198_99_41_
10:51:01,13.55,3,206,13.55_13.60_13.65_13.70_13.75_,26_97_115_56_64_,13.50_13.45_13.40_13.35_13.30_,50_77_198_99_41_
10:51:01,13.55,3,206,13.55_13.60_13.65_13.70_13.75_,26_97_115_56_64_,13.50_13.45_13.40_13.35_13.30_,50_77_198_99_41_
10:51:01,13.55,3,206,13.55_13.60_13.65_13.70_13.75_,26_97_115_56_64_,13.50_13.45_13.40_13.35_13.30_,50_77_198_99_41_
10:51:01,13.55,3,206,13.55_13.60_13.65_13.70_13.75_,26_97_115_56_64_,13.50_13.45_13.40_13.35_13.30_,50_77_198_99_41_
10:52:12,13.55,3,206,13.55_13.60_13.65_13.70_13.75_,26_97_115_56_64_,13.50_13.45_13.40_13.35_13.30_,50_67_198_99_41_
10:52:12,13.55,3,206,13.55_13.60_13.65_13.70_13.75_,26_97_115_56_64_,13.50_13.45_13.40_13.35_13.30_,50_67_198_99_41_
10:53:09,13.55,3,206,13.55_13.60_13.65_13.70_13.75_,27_97_115_56_64_,13.50_13.45_13.40_13.35_13.30_,50_67_198_99_41_
10:53:09,13.55,3,206,13.55_13.60_13.65_13.70_13.75_,27_97_115_56_64_,13.50_13.45_13.40_13.35_13.30_,50_67_198_99_41_
10:53:09,13.55,3,206,13.55_13.60_13.65_13.70_13.75_,27_97_115_56_64_,13.50_13.45_13.40_13.35_13.30_,50_67_198_99_41_
10:53:09,13.55,3,206,13.55_13.60_13.65_13.70_13.75_,27_97_115_56_64_,13.50_13.45_13.40_13.35_13.30_,50_67_198_99_41_
10:53:09,13.55,3,206,13.55_13.60_13.65_13.70_13.75_,27_97_115_56_64_,13.50_13.45_13.40_13.35_13.30_,50_67_198_99_41_
10:53:50,13.50,1,207,13.55_13.60_13.65_13.70_13.75_,27_75_137_56_64_,13.50_13.45_13.40_13.35_13.30_,49_67_198_99_41_
10:53:50,13.50,1,207,13.55_13.60_13.65_13.70_13.75_,27_75_137_56_64_,13.50_13.45_13.40_13.35_13.30_,49_67_198_99_41_
10:53:50,13.50,1,207,13.55_13.60_13.65_13.70_13.75_,27_75_137_56_64_,13.50_13.45_13.40_13.35_13.30_,49_67_198_99_41_
10:53:50,13.50,1,207,13.55_13.60_13.65_13.70_13.75_,27_75_137_56_64_,13.50_13.45_13.40_13.35_13.30_,49_67_198_99_41_
10:53:50,13.50,1,207,13.55_13.60_13.65_13.70_13.75_,27_75_137_56_64_,13.50_13.45_13.40_13.35_13.30_,49_67_198_99_41_
10:53:50,13.50,1,207,13.55_13.60_13.65_13.70_13.75_,27_75_137_56_64_,13.50_13.45_13.40_13.35_13.30_,49_67_198_99_41_
10:56:08,13.50,1,207,13.55_13.60_13.65_13.70_13.75_,27_75_137_56_64_,13.50_13.45_13.40_13.35_13.30_,50_67_198_99_41_
10:56:49,13.55,1,208,13.55_13.60_13.65_13.70_13.75_,26_97_115_56_64_,13.50_13.45_13.40_13.35_13.30_,49_67_198_99_41_
10:57:15,13.55,1,208,13.55_13.60_13.65_13.70_13.75_,32_97_115_56_64_,13.50_13.45_13.40_13.35_13.30_,49_67_198_99_41_
10:57:30,13.55,1,208,13.55_13.60_13.65_13.70_13.75_,32_97_115_56_64_,13.50_13.45_13.40_13.35_13.30_,49_57_198_99_41_
10:57:30,13.55,1,208,13.55_13.60_13.65_13.70_13.75_,32_97_115_56_64_,13.50_13.45_13.40_13.35_13.30_,49_57_198_99_41_
10:58:52,13.50,1,209,13.55_13.60_13.65_13.70_13.75_,32_75_137_56_64_,13.50_13.45_13.40_13.35_13.30_,48_57_197_99_41_
10:58:52,13.50,1,209,13.55_13.60_13.65_13.70_13.75_,32_75_137_56_64_,13.50_13.45_13.40_13.35_13.30_,48_57_197_99_41_
11:01:05,13.50,1,210,13.55_13.60_13.65_13.70_13.75_,31_75_137_56_64_,13.50_13.45_13.40_13.35_13.30_,47_57_197_99_41_
11:01:05,13.50,1,210,13.55_13.60_13.65_13.70_13.75_,31_75_137_56_64_,13.50_13.45_13.40_13.35_13.30_,47_57_197_99_41_
11:01:05,13.50,1,210,13.55_13.60_13.65_13.70_13.75_,31_75_137_56_64_,13.50_13.45_13.40_13.35_13.30_,47_57_197_99_41_
11:01:05,13.50,1,210,13.55_13.60_13.65_13.70_13.75_,31_75_137_56_64_,13.50_13.45_13.40_13.35_13.30_,47_57_197_99_41_
11:01:05,13.50,1,210,13.55_13.60_13.65_13.70_13.75_,31_75_137_56_64_,13.50_13.45_13.40_13.35_13.30_,47_57_197_99_41_
11:02:17,13.50,1,210,13.55_13.60_13.65_13.70_13.75_,36_75_137_56_64_,13.50_13.45_13.40_13.35_13.30_,47_57_197_99_41_
11:02:17,13.50,1,210,13.55_13.60_13.65_13.70_13.75_,36_75_137_56_64_,13.50_13.45_13.40_13.35_13.30_,47_57_197_99_41_
11:02:17,13.50,1,210,13.55_13.60_13.65_13.70_13.75_,36_75_137_56_64_,13.50_13.45_13.40_13.35_13.30_,47_57_197_99_41_
11:03:44,13.50,1,210,13.55_13.60_13.65_13.70_13.75_,36_75_137_56_64_,13.50_13.45_13.40_13.35_13.30_,47_57_199_99_41_
11:04:51,13.55,1,211,13.55_13.60_13.65_13.70_13.75_,35_97_115_56_64_,13.50_13.45_13.40_13.35_13.30_,46_57_200_99_41_
11:06:23,13.50,2,215,13.55_13.60_13.65_13.70_13.75_,34_75_137_56_64_,13.50_13.45_13.40_13.35_13.30_,44_57_200_99_41_
11:08:36,13.50,2,215,13.55_13.60_13.65_13.70_13.75_,34_70_137_56_64_,13.50_13.45_13.40_13.35_13.30_,54_58_200_99_41_
11:08:36,13.50,2,215,13.55_13.60_13.65_13.70_13.75_,34_70_137_56_64_,13.50_13.45_13.40_13.35_13.30_,54_58_200_99_41_
11:08:36,13.50,2,215,13.55_13.60_13.65_13.70_13.75_,34_70_137_56_64_,13.50_13.45_13.40_13.35_13.30_,54_58_200_99_41_
11:08:36,13.50,2,215,13.55_13.60_13.65_13.70_13.75_,34_70_137_56_64_,13.50_13.45_13.40_13.35_13.30_,54_58_200_99_41_
11:10:09,13.50,2,215,13.55_13.60_13.65_13.70_13.75_,35_70_137_56_64_,13.50_13.45_13.40_13.35_13.30_,55_58_201_99_41_
11:10:09,13.50,2,215,13.55_13.60_13.65_13.70_13.75_,35_70_137_56_64_,13.50_13.45_13.40_13.35_13.30_,55_58_201_99_41_
11:13:03,13.55,1,219,13.55_13.60_13.65_13.70_13.75_,34_92_115_56_64_,13.50_13.45_13.40_13.35_13.30_,52_58_200_100_41_
11:13:54,13.55,1,220,13.55_13.60_13.65_13.70_13.75_,33_92_115_56_64_,13.50_13.45_13.40_13.35_13.30_,51_58_200_100_41_
11:13:54,13.55,1,220,13.55_13.60_13.65_13.70_13.75_,33_92_115_56_64_,13.50_13.45_13.40_13.35_13.30_,51_58_200_100_41_
11:17:24,13.55,1,220,13.55_13.60_13.65_13.70_13.75_,39_92_115_56_64_,13.50_13.45_13.40_13.35_13.30_,52_58_200_100_40_
11:18:26,13.50,1,221,13.55_13.60_13.65_13.70_13.75_,40_71_137_56_64_,13.50_13.45_13.40_13.35_13.30_,53_58_207_100_40_
11:18:26,13.50,1,221,13.55_13.60_13.65_13.70_13.75_,40_71_137_56_64_,13.50_13.45_13.40_13.35_13.30_,53_58_207_100_40_
11:18:26,13.50,1,221,13.55_13.60_13.65_13.70_13.75_,40_71_137_56_64_,13.50_13.45_13.40_13.35_13.30_,53_58_207_100_40_
11:18:26,13.50,1,221,13.55_13.60_13.65_13.70_13.75_,40_71_137_56_64_,13.50_13.45_13.40_13.35_13.30_,53_58_207_100_40_
11:19:17,13.50,1,221,13.55_13.60_13.65_13.70_13.75_,40_71_137_56_64_,13.50_13.45_13.40_13.35_13.30_,53_59_207_100_40_
11:19:17,13.50,1,221,13.55_13.60_13.65_13.70_13.75_,40_71_137_56_64_,13.50_13.45_13.40_13.35_13.30_,53_59_207_100_40_
11:19:17,13.50,1,221,13.55_13.60_13.65_13.70_13.75_,40_71_137_56_64_,13.50_13.45_13.40_13.35_13.30_,53_59_207_100_40_
11:22:47,13.55,1,223,13.55_13.60_13.65_13.70_13.75_,38_93_115_56_64_,13.50_13.45_13.40_13.35_13.30_,53_59_207_105_40_
11:22:47,13.55,1,223,13.55_13.60_13.65_13.70_13.75_,38_93_115_56_64_,13.50_13.45_13.40_13.35_13.30_,53_59_207_105_40_
11:22:47,13.55,1,223,13.55_13.60_13.65_13.70_13.75_,38_93_115_56_64_,13.50_13.45_13.40_13.35_13.30_,53_59_207_105_40_
11:22:47,13.55,1,223,13.55_13.60_13.65_13.70_13.75_,38_93_115_56_64_,13.50_13.45_13.40_13.35_13.30_,53_59_207_105_40_
11:22:47,13.55,1,223,13.55_13.60_13.65_13.70_13.75_,38_93_115_56_64_,13.50_13.45_13.40_13.35_13.30_,53_59_207_105_40_
11:22:47,13.55,1,223,13.55_13.60_13.65_13.70_13.75_,38_93_115_56_64_,13.50_13.45_13.40_13.35_13.30_,53_59_207_105_40_
11:22:47,13.55,1,223,13.55_13.60_13.65_13.70_13.75_,38_93_115_56_64_,13.50_13.45_13.40_13.35_13.30_,53_59_207_105_40_
11:26:28,13.55,1,223,13.55_13.60_13.65_13.70_13.75_,38_93_115_56_64_,13.50_13.45_13.40_13.35_13.30_,55_59_207_105_40_
11:26:28,13.55,1,223,13.55_13.60_13.65_13.70_13.75_,38_93_115_56_64_,13.50_13.45_13.40_13.35_13.30_,55_59_207_105_40_
11:26:28,13.55,1,223,13.55_13.60_13.65_13.70_13.75_,38_93_115_56_64_,13.50_13.45_13.40_13.35_13.30_,55_59_207_105_40_
11:26:28,13.55,1,223,13.55_13.60_13.65_13.70_13.75_,38_93_115_56_64_,13.50_13.45_13.40_13.35_13.30_,55_59_207_105_40_
11:26:28,13.55,1,223,13.55_13.60_13.65_13.70_13.75_,38_93_115_56_64_,13.50_13.45_13.40_13.35_13.30_,55_59_207_105_40_
11:26:28,13.55,1,223,13.55_13.60_13.65_13.70_13.75_,38_93_115_56_64_,13.50_13.45_13.40_13.35_13.30_,55_59_207_105_40_
11:28:41,13.55,1,223,13.55_13.60_13.65_13.70_13.75_,38_93_115_56_64_,13.50_13.45_13.40_13.35_13.30_,55_59_207_105_40_
11:28:41,13.55,1,223,13.55_13.60_13.65_13.70_13.75_,38_93_115_56_64_,13.50_13.45_13.40_13.35_13.30_,55_59_207_105_40_
11:29:42,13.55,1,223,13.55_13.60_13.65_13.70_13.75_,41_92_115_56_64_,13.50_13.45_13.40_13.35_13.30_,55_59_207_105_40_
11:29:42,13.55,1,223,13.55_13.60_13.65_13.70_13.75_,41_92_115_56_64_,13.50_13.45_13.40_13.35_13.30_,55_59_207_105_40_
11:29:42,13.55,1,223,13.55_13.60_13.65_13.70_13.75_,41_92_115_56_64_,13.50_13.45_13.40_13.35_13.30_,55_59_207_105_40_
11:29:42,13.55,1,223,13.55_13.60_13.65_13.70_13.75_,41_92_115_56_64_,13.50_13.45_13.40_13.35_13.30_,55_59_207_105_40_
11:29:42,13.55,1,223,13.55_13.60_13.65_13.70_13.75_,41_92_115_56_64_,13.50_13.45_13.40_13.35_13.30_,55_59_207_105_40_
11:30:49,13.55,1,224,13.55_13.60_13.65_13.70_13.75_,40_92_115_56_64_,13.50_13.45_13.40_13.35_13.30_,54_59_207_105_40_
11:31:20,13.55,1,225,13.55_13.60_13.65_13.70_13.75_,39_92_115_57_64_,13.50_13.45_13.40_13.35_13.30_,53_59_207_105_40_
11:31:51,13.55,1,225,13.55_13.60_13.65_13.70_13.75_,39_93_115_57_64_,13.50_13.45_13.40_13.35_13.30_,53_59_207_105_40_
11:33:02,13.55,1,225,13.55_13.60_13.65_13.70_13.75_,39_93_115_57_64_,13.50_13.45_13.40_13.35_13.30_,53_63_207_105_40_
11:33:02,13.55,1,225,13.55_13.60_13.65_13.70_13.75_,39_93_115_57_64_,13.50_13.45_13.40_13.35_13.30_,53_63_207_105_40_
11:33:23,13.50,2,227,13.55_13.60_13.65_13.70_13.75_,39_93_115_57_64_,13.50_13.45_13.40_13.35_13.30_,51_63_207_105_40_
11:33:28,13.50,2,227,13.55_13.60_13.65_13.70_13.75_,39_71_137_57_64_,13.50_13.45_13.40_13.35_13.30_,51_63_200_105_40_
11:33:43,13.50,2,227,13.55_13.60_13.65_13.70_13.75_,39_71_137_57_64_,13.50_13.45_13.40_13.35_13.30_,51_73_196_105_40_
11:33:43,13.50,2,227,13.55_13.60_13.65_13.70_13.75_,39_71_137_57_64_,13.50_13.45_13.40_13.35_13.30_,51_73_196_105_40_
11:33:43,13.50,2,227,13.55_13.60_13.65_13.70_13.75_,39_71_137_57_64_,13.50_13.45_13.40_13.35_13.30_,51_73_196_105_40_
11:33:43,13.50,2,227,13.55_13.60_13.65_13.70_13.75_,39_71_137_57_64_,13.50_13.45_13.40_13.35_13.30_,51_73_196_105_40_
11:33:43,13.50,2,227,13.55_13.60_13.65_13.70_13.75_,39_71_137_57_64_,13.50_13.45_13.40_13.35_13.30_,51_73_196_105_40_
11:34:55,13.50,2,227,13.55_13.60_13.65_13.70_13.75_,39_71_137_57_64_,13.50_13.45_13.40_13.35_13.30_,56_73_196_105_40_
11:37:19,13.50,1,228,13.55_13.60_13.65_13.70_13.75_,38_71_137_57_64_,13.50_13.45_13.40_13.35_13.30_,57_75_196_105_40_
11:37:19,13.50,1,228,13.55_13.60_13.65_13.70_13.75_,38_71_137_57_64_,13.50_13.45_13.40_13.35_13.30_,57_75_196_105_40_
11:37:19,13.50,1,228,13.55_13.60_13.65_13.70_13.75_,38_71_137_57_64_,13.50_13.45_13.40_13.35_13.30_,57_75_196_105_40_
11:39:01,13.50,1,228,13.55_13.60_13.65_13.70_13.75_,38_71_137_57_64_,13.50_13.45_13.40_13.35_13.30_,57_77_196_105_40_
11:39:01,13.50,1,228,13.55_13.60_13.65_13.70_13.75_,38_71_137_57_64_,13.50_13.45_13.40_13.35_13.30_,57_77_196_105_40_
11:39:01,13.50,1,228,13.55_13.60_13.65_13.70_13.75_,38_71_137_57_64_,13.50_13.45_13.40_13.35_13.30_,57_77_196_105_40_
11:39:58,13.55,1,229,13.55_13.60_13.65_13.70_13.75_,37_92_115_57_64_,13.50_13.45_13.40_13.35_13.30_,58_75_188_105_40_
11:40:44,13.55,1,229,13.55_13.60_13.65_13.70_13.75_,37_92_115_57_64_,13.50_13.45_13.40_13.35_13.30_,64_75_188_105_40_
11:40:44,13.55,1,229,13.55_13.60_13.65_13.70_13.75_,37_92_115_57_64_,13.50_13.45_13.40_13.35_13.30_,64_75_188_105_40_
11:40:44,13.55,1,229,13.55_13.60_13.65_13.70_13.75_,37_92_115_57_64_,13.50_13.45_13.40_13.35_13.30_,64_75_188_105_40_
11:40:44,13.55,1,229,13.55_13.60_13.65_13.70_13.75_,37_92_115_57_64_,13.50_13.45_13.40_13.35_13.30_,64_75_188_105_40_
11:40:44,13.55,1,229,13.55_13.60_13.65_13.70_13.75_,37_92_115_57_64_,13.50_13.45_13.40_13.35_13.30_,64_75_188_105_40_
11:40:44,13.55,1,229,13.55_13.60_13.65_13.70_13.75_,37_92_115_57_64_,13.50_13.45_13.40_13.35_13.30_,64_75_188_105_40_
11:44:09,13.55,1,229,13.55_13.60_13.65_13.70_13.75_,38_92_115_57_64_,13.50_13.45_13.40_13.35_13.30_,64_75_188_105_40_
11:44:09,13.55,1,229,13.55_13.60_13.65_13.70_13.75_,38_92_115_57_64_,13.50_13.45_13.40_13.35_13.30_,64_75_188_105_40_
11:46:16,13.55,1,229,13.55_13.60_13.65_13.70_13.75_,39_91_115_57_64_,13.50_13.45_13.40_13.35_13.30_,72_85_204_105_40_
11:46:16,13.55,1,229,13.55_13.60_13.65_13.70_13.75_,39_91_115_57_64_,13.50_13.45_13.40_13.35_13.30_,72_85_204_105_40_
11:46:16,13.55,1,229,13.55_13.60_13.65_13.70_13.75_,39_91_115_57_64_,13.50_13.45_13.40_13.35_13.30_,72_85_204_105_40_
11:46:16,13.55,1,229,13.55_13.60_13.65_13.70_13.75_,39_91_115_57_64_,13.50_13.45_13.40_13.35_13.30_,72_85_204_105_40_
11:46:16,13.55,1,229,13.55_13.60_13.65_13.70_13.75_,39_91_115_57_64_,13.50_13.45_13.40_13.35_13.30_,72_85_204_105_40_
11:46:16,13.55,1,229,13.55_13.60_13.65_13.70_13.75_,39_91_115_57_64_,13.50_13.45_13.40_13.35_13.30_,72_85_204_105_40_
11:48:40,13.55,1,233,13.55_13.60_13.65_13.70_13.75_,36_91_115_67_64_,13.50_13.45_13.40_13.35_13.30_,73_85_202_107_40_
11:49:26,13.55,1,233,13.55_13.60_13.65_13.70_13.75_,36_91_115_67_64_,13.50_13.45_13.40_13.35_13.30_,73_83_202_107_40_
11:49:26,13.55,1,233,13.55_13.60_13.65_13.70_13.75_,36_91_115_67_64_,13.50_13.45_13.40_13.35_13.30_,73_83_202_107_40_
11:49:26,13.55,1,233,13.55_13.60_13.65_13.70_13.75_,36_91_115_67_64_,13.50_13.45_13.40_13.35_13.30_,73_83_202_107_40_
11:49:26,13.55,1,233,13.55_13.60_13.65_13.70_13.75_,36_91_115_67_64_,13.50_13.45_13.40_13.35_13.30_,73_83_202_107_40_
11:49:26,13.55,1,233,13.55_13.60_13.65_13.70_13.75_,36_91_115_67_64_,13.50_13.45_13.40_13.35_13.30_,73_83_202_107_40_
11:50:43,13.55,2,235,13.55_13.60_13.65_13.70_13.75_,34_91_115_67_64_,13.50_13.45_13.40_13.35_13.30_,73_83_202_107_40_
11:51:34,13.55,4,265,13.60_13.65_13.70_13.75_13.80_,69_133_71_64_95_,13.55_13.50_13.45_13.40_13.35_,8_78_136_130_107_
11:52:00,13.55,4,265,13.60_13.65_13.70_13.75_13.80_,69_133_71_64_95_,13.55_13.50_13.45_13.40_13.35_,9_77_136_130_107_
11:52:00,13.55,4,265,13.60_13.65_13.70_13.75_13.80_,69_133_71_64_95_,13.55_13.50_13.45_13.40_13.35_,9_77_136_130_107_
11:52:46,13.55,4,265,13.60_13.65_13.70_13.75_13.80_,69_133_71_64_95_,13.55_13.50_13.45_13.40_13.35_,9_74_136_124_107_
11:54:28,13.60,4,270,13.60_13.65_13.70_13.75_13.80_,62_133_71_64_95_,13.55_13.50_13.45_13.40_13.35_,8_74_136_124_107_
11:54:28,13.60,4,270,13.60_13.65_13.70_13.75_13.80_,62_133_71_64_95_,13.55_13.50_13.45_13.40_13.35_,8_74_136_124_107_
11:54:28,13.60,4,270,13.60_13.65_13.70_13.75_13.80_,62_133_71_64_95_,13.55_13.50_13.45_13.40_13.35_,8_74_136_124_107_
11:54:28,13.60,4,270,13.60_13.65_13.70_13.75_13.80_,62_133_71_64_95_,13.55_13.50_13.45_13.40_13.35_,8_74_136_124_107_
11:54:28,13.60,4,270,13.60_13.65_13.70_13.75_13.80_,62_133_71_64_95_,13.55_13.50_13.45_13.40_13.35_,8_74_136_124_107_
11:54:28,13.60,4,270,13.60_13.65_13.70_13.75_13.80_,62_133_71_64_95_,13.55_13.50_13.45_13.40_13.35_,8_74_136_124_107_
11:57:53,13.60,60,330,13.60_13.65_13.70_13.75_13.80_,2_133_71_64_95_,13.55_13.50_13.45_13.40_13.35_,8_74_136_124_107_
11:57:59,13.65,12,342,13.65_13.70_13.75_13.80_13.85_,135_71_64_95_5_,13.55_13.50_13.45_13.40_13.35_,8_74_136_124_107_
11:58:14,13.65,12,342,13.65_13.70_13.75_13.80_13.85_,135_71_64_95_5_,13.55_13.50_13.45_13.40_13.35_,9_70_137_126_105_
11:59:05,13.65,12,342,13.65_13.70_13.75_13.80_13.85_,135_71_64_95_5_,13.55_13.50_13.45_13.40_13.35_,34_70_135_126_105_
11:59:51,13.65,12,342,13.65_13.70_13.75_13.80_13.85_,141_77_64_95_5_,13.55_13.50_13.45_13.40_13.35_,38_70_135_126_105_
12:01:13,13.65,12,342,13.60_13.65_13.70_13.75_13.80_,3_141_75_66_94_,13.55_13.50_13.45_13.40_13.35_,35_59_130_126_105_
12:01:18,13.65,12,342,13.60_13.65_13.70_13.75_13.80_,3_141_75_66_99_,13.55_13.50_13.45_13.40_13.35_,31_59_134_126_105_
12:01:29,13.65,12,342,13.60_13.65_13.70_13.75_13.80_,3_141_75_66_99_,13.55_13.50_13.45_13.40_13.35_,19_71_134_126_105_
12:01:29,13.65,12,342,13.60_13.65_13.70_13.75_13.80_,3_141_75_66_99_,13.55_13.50_13.45_13.40_13.35_,19_71_134_126_105_
12:01:34,13.65,12,342,13.60_13.65_13.70_13.75_13.80_,3_141_75_66_99_,13.55_13.50_13.45_13.40_13.35_,15_71_136_126_105_
12:03:37,13.65,12,342,13.60_13.65_13.70_13.75_13.80_,3_143_75_74_105_,13.55_13.50_13.45_13.40_13.35_,15_71_136_126_105_
12:03:47,13.60,1,343,13.60_13.65_13.70_13.75_13.80_,2_143_75_74_105_,13.55_13.50_13.45_13.40_13.35_,14_71_136_126_105_
12:03:47,13.60,1,343,13.60_13.65_13.70_13.75_13.80_,2_143_75_74_105_,13.55_13.50_13.45_13.40_13.35_,14_71_136_126_105_
12:03:47,13.60,1,343,13.60_13.65_13.70_13.75_13.80_,2_143_75_74_105_,13.55_13.50_13.45_13.40_13.35_,14_71_136_126_105_
12:03:47,13.60,1,343,13.60_13.65_13.70_13.75_13.80_,2_143_75_74_105_,13.55_13.50_13.45_13.40_13.35_,14_71_136_126_105_
12:03:47,13.60,1,343,13.60_13.65_13.70_13.75_13.80_,2_143_75_74_105_,13.55_13.50_13.45_13.40_13.35_,14_71_136_126_105_
12:08:14,13.55,1,345,13.60_13.65_13.70_13.75_13.80_,30_144_76_74_105_,13.55_13.50_13.45_13.40_13.35_,18_68_138_126_105_
12:11:08,13.55,10,355,13.60_13.65_13.70_13.75_13.80_,30_144_76_74_105_,13.55_13.50_13.45_13.40_13.35_,5_69_138_126_105_
12:11:08,13.55,10,355,13.60_13.65_13.70_13.75_13.80_,30_144_76_74_105_,13.55_13.50_13.45_13.40_13.35_,5_69_138_126_105_
12:11:08,13.55,10,355,13.60_13.65_13.70_13.75_13.80_,30_144_76_74_105_,13.55_13.50_13.45_13.40_13.35_,5_69_138_126_105_
12:11:08,13.55,10,355,13.60_13.65_13.70_13.75_13.80_,30_144_76_74_105_,13.55_13.50_13.45_13.40_13.35_,5_69_138_126_105_
12:11:08,13.55,10,355,13.60_13.65_13.70_13.75_13.80_,30_144_76_74_105_,13.55_13.50_13.45_13.40_13.35_,5_69_138_126_105_
12:11:08,13.55,10,355,13.60_13.65_13.70_13.75_13.80_,30_144_76_74_105_,13.55_13.50_13.45_13.40_13.35_,5_69_138_126_105_
12:11:08,13.55,10,355,13.60_13.65_13.70_13.75_13.80_,30_144_76_74_105_,13.55_13.50_13.45_13.40_13.35_,5_69_138_126_105_
12:11:08,13.55,10,355,13.60_13.65_13.70_13.75_13.80_,30_144_76_74_105_,13.55_13.50_13.45_13.40_13.35_,5_69_138_126_105_
12:11:08,13.55,10,355,13.60_13.65_13.70_13.75_13.80_,30_144_76_74_105_,13.55_13.50_13.45_13.40_13.35_,5_69_138_126_105_
12:11:08,13.55,10,355,13.60_13.65_13.70_13.75_13.80_,30_144_76_74_105_,13.55_13.50_13.45_13.40_13.35_,5_69_138_126_105_
12:11:08,13.55,10,355,13.60_13.65_13.70_13.75_13.80_,30_144_76_74_105_,13.55_13.50_13.45_13.40_13.35_,5_69_138_126_105_
12:11:08,13.55,10,355,13.60_13.65_13.70_13.75_13.80_,30_144_76_74_105_,13.55_13.50_13.45_13.40_13.35_,5_69_138_126_105_
12:14:17,13.60,1,356,13.60_13.65_13.70_13.75_13.80_,34_144_76_74_105_,13.55_13.50_13.45_13.40_13.35_,4_68_138_126_105_
12:14:17,13.60,1,356,13.60_13.65_13.70_13.75_13.80_,34_144_76_74_105_,13.55_13.50_13.45_13.40_13.35_,4_68_138_126_105_
12:14:17,13.60,1,356,13.60_13.65_13.70_13.75_13.80_,34_144_76_74_105_,13.55_13.50_13.45_13.40_13.35_,4_68_138_126_105_
12:15:24,13.60,1,356,13.60_13.65_13.70_13.75_13.80_,34_144_76_74_105_,13.55_13.50_13.45_13.40_13.35_,5_68_138_126_105_
12:18:54,13.55,2,358,13.60_13.65_13.70_13.75_13.80_,39_144_76_74_105_,13.55_13.50_13.45_13.40_13.35_,3_86_137_126_105_
12:22:40,13.60,12,371,13.60_13.65_13.70_13.75_13.80_,48_144_86_74_105_,13.55_13.50_13.45_13.40_13.35_,8_88_126_126_105_
12:24:07,13.60,1,374,13.60_13.65_13.70_13.75_13.80_,57_132_86_74_105_,13.55_13.50_13.45_13.40_13.35_,10_89_129_126_105_
12:24:07,13.60,1,374,13.60_13.65_13.70_13.75_13.80_,57_132_86_74_105_,13.55_13.50_13.45_13.40_13.35_,10_89_129_126_105_
12:24:07,13.60,1,374,13.60_13.65_13.70_13.75_13.80_,57_132_86_74_105_,13.55_13.50_13.45_13.40_13.35_,10_89_129_126_105_
12:24:07,13.60,1,374,13.60_13.65_13.70_13.75_13.80_,57_132_86_74_105_,13.55_13.50_13.45_13.40_13.35_,10_89_129_126_105_
12:24:07,13.60,1,374,13.60_13.65_13.70_13.75_13.80_,57_132_86_74_105_,13.55_13.50_13.45_13.40_13.35_,10_89_129_126_105_
12:24:07,13.60,1,374,13.60_13.65_13.70_13.75_13.80_,57_132_86_74_105_,13.55_13.50_13.45_13.40_13.35_,10_89_129_126_105_
12:24:07,13.60,1,374,13.60_13.65_13.70_13.75_13.80_,57_132_86_74_105_,13.55_13.50_13.45_13.40_13.35_,10_89_129_126_105_
12:25:39,13.60,1,376,13.60_13.65_13.70_13.75_13.80_,55_132_86_74_105_,13.55_13.50_13.45_13.40_13.35_,10_89_128_126_105_
12:25:39,13.60,1,376,13.60_13.65_13.70_13.75_13.80_,55_132_86_74_105_,13.55_13.50_13.45_13.40_13.35_,10_89_128_126_105_
12:25:39,13.60,1,376,13.60_13.65_13.70_13.75_13.80_,55_132_86_74_105_,13.55_13.50_13.45_13.40_13.35_,10_89_128_126_105_
12:25:39,13.60,1,376,13.60_13.65_13.70_13.75_13.80_,55_132_86_74_105_,13.55_13.50_13.45_13.40_13.35_,10_89_128_126_105_
12:29:35,13.60,1,376,13.60_13.65_13.70_13.75_13.80_,55_134_86_74_105_,13.55_13.50_13.45_13.40_13.35_,10_89_128_126_105_
12:29:35,13.60,1,376,13.60_13.65_13.70_13.75_13.80_,55_134_86_74_105_,13.55_13.50_13.45_13.40_13.35_,10_89_128_126_105_
12:29:35,13.60,1,376,13.60_13.65_13.70_13.75_13.80_,55_134_86_74_105_,13.55_13.50_13.45_13.40_13.35_,10_89_128_126_105_
12:29:35,13.60,1,376,13.60_13.65_13.70_13.75_13.80_,55_134_86_74_105_,13.55_13.50_13.45_13.40_13.35_,10_89_128_126_105_
12:29:35,13.60,1,376,13.60_13.65_13.70_13.75_13.80_,55_134_86_74_105_,13.55_13.50_13.45_13.40_13.35_,10_89_128_126_105_
12:29:35,13.60,1,376,13.60_13.65_13.70_13.75_13.80_,55_134_86_74_105_,13.55_13.50_13.45_13.40_13.35_,10_89_128_126_105_
12:29:35,13.60,1,376,13.60_13.65_13.70_13.75_13.80_,55_134_86_74_105_,13.55_13.50_13.45_13.40_13.35_,10_89_128_126_105_
12:29:35,13.60,1,376,13.60_13.65_13.70_13.75_13.80_,55_134_86_74_105_,13.55_13.50_13.45_13.40_13.35_,10_89_128_126_105_
12:29:35,13.60,1,376,13.60_13.65_13.70_13.75_13.80_,55_134_86_74_105_,13.55_13.50_13.45_13.40_13.35_,10_89_128_126_105_
12:32:14,13.60,1,378,13.60_13.65_13.70_13.75_13.80_,53_134_86_74_105_,13.55_13.50_13.45_13.40_13.35_,9_89_128_126_105_
12:32:14,13.60,1,378,13.60_13.65_13.70_13.75_13.80_,53_134_86_74_105_,13.55_13.50_13.45_13.40_13.35_,9_89_128_126_105_
12:38:22,13.55,1,386,13.60_13.65_13.70_13.75_13.80_,59_133_86_74_105_,13.55_13.50_13.45_13.40_13.35_,1_88_128_126_105_
12:38:22,13.55,1,386,13.60_13.65_13.70_13.75_13.80_,59_133_86_74_105_,13.55_13.50_13.45_13.40_13.35_,1_88_128_126_105_
12:38:22,13.55,1,386,13.60_13.65_13.70_13.75_13.80_,59_133_86_74_105_,13.55_13.50_13.45_13.40_13.35_,1_88_128_126_105_
12:38:22,13.55,1,386,13.60_13.65_13.70_13.75_13.80_,59_133_86_74_105_,13.55_13.50_13.45_13.40_13.35_,1_88_128_126_105_
12:39:09,13.55,1,386,13.60_13.65_13.70_13.75_13.80_,59_133_86_74_105_,13.55_13.50_13.45_13.40_13.35_,1_88_126_128_105_
12:39:09,13.55,1,386,13.60_13.65_13.70_13.75_13.80_,59_133_86_74_105_,13.55_13.50_13.45_13.40_13.35_,1_88_126_128_105_
12:39:09,13.55,1,386,13.60_13.65_13.70_13.75_13.80_,59_133_86_74_105_,13.55_13.50_13.45_13.40_13.35_,1_88_126_128_105_
12:41:22,13.55,1,388,13.60_13.65_13.70_13.75_13.80_,57_137_82_74_105_,13.50_13.45_13.40_13.35_13.30_,99_114_142_105_38_
12:41:22,13.55,1,388,13.60_13.65_13.70_13.75_13.80_,57_137_82_74_105_,13.50_13.45_13.40_13.35_13.30_,99_114_142_105_38_
12:41:22,13.55,1,388,13.60_13.65_13.70_13.75_13.80_,57_137_82_74_105_,13.50_13.45_13.40_13.35_13.30_,99_114_142_105_38_
12:41:58,13.55,1,388,13.60_13.65_13.70_13.75_13.80_,57_137_82_74_105_,13.50_13.45_13.40_13.35_13.30_,100_114_142_105_38_
12:41:58,13.55,1,388,13.60_13.65_13.70_13.75_13.80_,57_137_82_74_105_,13.50_13.45_13.40_13.35_13.30_,100_114_142_105_38_
12:41:58,13.55,1,388,13.60_13.65_13.70_13.75_13.80_,57_137_82_74_105_,13.50_13.45_13.40_13.35_13.30_,100_114_142_105_38_
12:42:49,13.55,1,388,13.60_13.65_13.70_13.75_13.80_,57_139_82_74_105_,13.50_13.45_13.40_13.35_13.30_,100_114_142_105_38_
12:42:49,13.55,1,388,13.60_13.65_13.70_13.75_13.80_,57_139_82_74_105_,13.50_13.45_13.40_13.35_13.30_,100_114_142_105_38_
12:42:59,13.55,1,388,13.60_13.65_13.70_13.75_13.80_,57_139_82_74_105_,13.50_13.45_13.40_13.35_13.30_,104_114_142_105_38_
12:42:59,13.55,1,388,13.60_13.65_13.70_13.75_13.80_,57_139_82_74_105_,13.50_13.45_13.40_13.35_13.30_,104_114_142_105_38_
12:42:59,13.55,1,388,13.60_13.65_13.70_13.75_13.80_,57_139_82_74_105_,13.50_13.45_13.40_13.35_13.30_,104_114_142_105_38_
12:42:59,13.55,1,388,13.60_13.65_13.70_13.75_13.80_,57_139_82_74_105_,13.50_13.45_13.40_13.35_13.30_,104_114_142_105_38_
12:42:59,13.55,1,388,13.60_13.65_13.70_13.75_13.80_,57_139_82_74_105_,13.50_13.45_13.40_13.35_13.30_,104_114_142_105_38_
12:42:59,13.55,1,388,13.60_13.65_13.70_13.75_13.80_,57_139_82_74_105_,13.50_13.45_13.40_13.35_13.30_,104_114_142_105_38_
12:42:59,13.55,1,388,13.60_13.65_13.70_13.75_13.80_,57_139_82_74_105_,13.50_13.45_13.40_13.35_13.30_,104_114_142_105_38_
12:42:59,13.55,1,388,13.60_13.65_13.70_13.75_13.80_,57_139_82_74_105_,13.50_13.45_13.40_13.35_13.30_,104_114_142_105_38_
12:42:59,13.55,1,388,13.60_13.65_13.70_13.75_13.80_,57_139_82_74_105_,13.50_13.45_13.40_13.35_13.30_,104_114_142_105_38_
12:42:59,13.55,1,388,13.60_13.65_13.70_13.75_13.80_,57_139_82_74_105_,13.50_13.45_13.40_13.35_13.30_,104_114_142_105_38_
12:42:59,13.55,1,388,13.60_13.65_13.70_13.75_13.80_,57_139_82_74_105_,13.50_13.45_13.40_13.35_13.30_,104_114_142_105_38_
12:42:59,13.55,1,388,13.60_13.65_13.70_13.75_13.80_,57_139_82_74_105_,13.50_13.45_13.40_13.35_13.30_,104_114_142_105_38_
12:42:59,13.55,1,388,13.60_13.65_13.70_13.75_13.80_,57_139_82_74_105_,13.50_13.45_13.40_13.35_13.30_,104_114_142_105_38_
12:42:59,13.55,1,388,13.60_13.65_13.70_13.75_13.80_,57_139_82_74_105_,13.50_13.45_13.40_13.35_13.30_,104_114_142_105_38_
12:42:59,13.55,1,388,13.60_13.65_13.70_13.75_13.80_,57_139_82_74_105_,13.50_13.45_13.40_13.35_13.30_,104_114_142_105_38_
12:42:59,13.55,1,388,13.60_13.65_13.70_13.75_13.80_,57_139_82_74_105_,13.50_13.45_13.40_13.35_13.30_,104_114_142_105_38_
12:45:28,13.55,1,388,13.60_13.65_13.70_13.75_13.80_,62_139_82_74_105_,13.50_13.45_13.40_13.35_13.30_,104_114_142_105_38_
12:45:33,13.55,1,388,13.55_13.60_13.65_13.70_13.75_,5_62_139_82_74_,13.50_13.45_13.40_13.35_13.30_,104_114_142_105_38_
12:45:38,13.55,1,388,13.55_13.60_13.65_13.70_13.75_,5_84_117_82_74_,13.50_13.45_13.40_13.35_13.30_,104_60_196_105_38_
12:45:38,13.55,1,388,13.55_13.60_13.65_13.70_13.75_,5_84_117_82_74_,13.50_13.45_13.40_13.35_13.30_,104_60_196_105_38_
12:46:19,13.55,1,388,13.55_13.60_13.65_13.70_13.75_,7_87_117_82_74_,13.50_13.45_13.40_13.35_13.30_,104_60_196_105_38_
12:46:19,13.55,1,388,13.55_13.60_13.65_13.70_13.75_,7_87_117_82_74_,13.50_13.45_13.40_13.35_13.30_,104_60_196_105_38_
12:46:19,13.55,1,388,13.55_13.60_13.65_13.70_13.75_,7_87_117_82_74_,13.50_13.45_13.40_13.35_13.30_,104_60_196_105_38_
12:46:34,13.55,1,388,13.55_13.60_13.65_13.70_13.75_,8_87_117_82_74_,13.50_13.45_13.40_13.35_13.30_,104_60_196_105_38_
12:47:31,13.55,1,388,13.55_13.60_13.65_13.70_13.75_,7_87_117_82_74_,13.50_13.45_13.40_13.35_13.30_,92_71_196_105_38_
12:48:37,13.55,1,389,13.55_13.60_13.65_13.70_13.75_,6_87_117_82_74_,13.50_13.45_13.40_13.35_13.30_,91_71_196_105_38_
12:49:49,13.55,1,389,13.55_13.60_13.65_13.70_13.75_,6_87_117_82_74_,13.50_13.45_13.40_13.35_13.30_,90_71_196_105_38_
12:49:54,13.55,1,389,13.55_13.60_13.65_13.70_13.75_,6_87_117_82_74_,13.50_13.45_13.40_13.35_13.30_,90_70_196_105_38_
12:51:57,13.50,1,390,13.55_13.60_13.65_13.70_13.75_,6_68_139_82_74_,13.50_13.45_13.40_13.35_13.30_,89_70_194_105_40_
12:51:57,13.50,1,390,13.55_13.60_13.65_13.70_13.75_,6_68_139_82_74_,13.50_13.45_13.40_13.35_13.30_,89_70_194_105_40_
12:52:23,13.50,1,390,13.55_13.60_13.65_13.70_13.75_,6_68_139_82_74_,13.50_13.45_13.40_13.35_13.30_,90_70_194_105_40_
12:52:23,13.50,1,390,13.55_13.60_13.65_13.70_13.75_,6_68_139_82_74_,13.50_13.45_13.40_13.35_13.30_,90_70_194_105_40_
12:52:23,13.50,1,390,13.55_13.60_13.65_13.70_13.75_,6_68_139_82_74_,13.50_13.45_13.40_13.35_13.30_,90_70_194_105_40_
12:54:51,13.60,1,402,13.60_13.65_13.70_13.75_13.80_,89_117_82_74_105_,13.50_13.45_13.40_13.35_13.30_,104_57_194_105_33_
12:56:59,13.50,1,403,13.60_13.65_13.70_13.75_13.80_,67_139_81_74_105_,13.50_13.45_13.40_13.35_13.30_,108_111_140_105_33_
12:56:59,13.50,1,403,13.60_13.65_13.70_13.75_13.80_,67_139_81_74_105_,13.50_13.45_13.40_13.35_13.30_,108_111_140_105_33_
12:58:47,13.55,1,409,13.55_13.60_13.65_13.70_13.75_,7_89_117_81_74_,13.50_13.45_13.40_13.35_13.30_,90_69_195_105_33_
12:58:47,13.55,1,409,13.55_13.60_13.65_13.70_13.75_,7_89_117_81_74_,13.50_13.45_13.40_13.35_13.30_,90_69_195_105_33_
12:58:47,13.55,1,409,13.55_13.60_13.65_13.70_13.75_,7_89_117_81_74_,13.50_13.45_13.40_13.35_13.30_,90_69_195_105_33_
13:00:50,13.55,1,409,13.55_13.60_13.65_13.70_13.75_,7_98_117_81_74_,13.50_13.45_13.40_13.35_13.30_,103_57_195_105_33_
