09:00:00,27.45,1277,1277,27.45_27.50_27.55_27.60_27.65_,129_274_85_208_103_,27.40_27.35_27.30_27.25_27.20_,99_45_201_216_147_
09:01:17,27.40,47,2189,27.40_27.45_27.50_27.55_27.60_,46_138_217_106_142_,27.35_27.30_27.25_27.20_27.15_,55_211_230_152_95_
09:01:27,27.40,49,2260,27.45_27.50_27.55_27.60_27.65_,146_228_106_142_115_,27.40_27.35_27.30_27.25_27.20_,81_58_223_230_152_
09:01:37,27.45,4,2300,27.45_27.50_27.55_27.60_27.65_,172_222_85_165_115_,27.40_27.35_27.30_27.25_27.20_,208_56_223_219_152_
09:01:48,27.45,164,2480,27.50_27.55_27.60_27.65_27.70_,222_85_161_115_103_,27.45_27.40_27.35_27.30_27.25_,116_207_493_641_119_
09:01:58,27.45,46,2549,27.50_27.55_27.60_27.65_27.70_,201_98_208_174_121_,27.45_27.40_27.35_27.30_27.25_,156_834_493_611_119_
09:02:08,27.45,154,2945,27.45_27.50_27.55_27.60_27.65_,141_207_108_208_175_,27.40_27.35_27.30_27.25_27.20_,745_495_611_119_153_
09:02:49,27.30,100,3749,27.35_27.40_27.45_27.50_27.55_,10_65_272_194_123_,27.30_27.25_27.20_27.15_27.10_,202_126_159_96_566_
09:02:59,27.35,28,3823,27.35_27.40_27.45_27.50_27.55_,27_99_291_217_113_,27.30_27.25_27.20_27.15_27.10_,183_126_167_97_566_
09:03:20,27.35,48,3998,27.40_27.45_27.50_27.55_27.60_,148_279_211_125_222_,27.35_27.30_27.25_27.20_27.15_,1_208_126_161_97_
09:03:30,27.35,14,4028,27.40_27.45_27.50_27.55_27.60_,146_277_197_132_229_,27.35_27.30_27.25_27.20_27.15_,27_185_127_154_97_
09:03:40,27.35,11,4044,27.40_27.45_27.50_27.55_27.60_,150_288_197_140_223_,27.35_27.30_27.25_27.20_27.15_,42_194_125_172_180_
09:03:51,27.40,10,4059,27.40_27.45_27.50_27.55_27.60_,161_290_187_132_221_,27.35_27.30_27.25_27.20_27.15_,54_200_125_172_180_
09:04:32,27.40,15,4212,27.40_27.45_27.50_27.55_27.60_,60_290_281_135_212_,27.35_27.30_27.25_27.20_27.15_,156_215_126_170_194_
09:05:07,27.45,13,4347,27.45_27.50_27.55_27.60_27.65_,253_281_119_246_182_,27.40_27.35_27.30_27.25_27.20_,184_86_227_126_171_
09:05:18,27.45,4,4361,27.45_27.50_27.55_27.60_27.65_,270_279_121_247_195_,27.40_27.35_27.30_27.25_27.20_,244_101_226_126_171_
09:05:38,27.40,10,4441,27.45_27.50_27.55_27.60_27.65_,342_279_121_247_196_,27.40_27.35_27.30_27.25_27.20_,241_107_227_126_172_
09:06:09,27.30,59,4835,27.35_27.40_27.45_27.50_27.55_,114_159_324_281_135_,27.30_27.25_27.20_27.15_27.10_,199_131_171_196_580_
09:06:19,27.35,31,4926,27.35_27.40_27.45_27.50_27.55_,240_131_322_296_128_,27.30_27.25_27.20_27.15_27.10_,206_132_179_195_582_
09:06:29,27.30,2,4939,27.35_27.40_27.45_27.50_27.55_,257_145_319_296_128_,27.30_27.25_27.20_27.15_27.10_,201_132_176_188_581_
09:06:40,27.30,8,4953,27.35_27.40_27.45_27.50_27.55_,163_147_317_287_127_,27.30_27.25_27.20_27.15_27.10_,199_132_186_188_583_
09:07:10,27.30,32,5130,27.35_27.40_27.45_27.50_27.55_,171_113_319_292_127_,27.30_27.25_27.20_27.15_27.10_,86_142_192_187_584_
09:07:31,27.30,19,5239,27.30_27.35_27.40_27.45_27.50_,34_174_112_320_295_,27.25_27.20_27.15_27.10_27.05_,143_181_187_589_46_
09:07:36,27.25,75,5314,27.30_27.35_27.40_27.45_27.50_,68_169_109_333_288_,27.25_27.20_27.15_27.10_27.05_,83_181_196_567_47_
09:07:46,27.25,12,5337,27.30_27.35_27.40_27.45_27.50_,98_149_110_331_437_,27.25_27.20_27.15_27.10_27.05_,80_186_196_561_47_
09:08:07,27.25,18,5446,27.25_27.30_27.35_27.40_27.45_,22_154_144_109_321_,27.20_27.15_27.10_27.05_27.00_,190_196_562_47_251_
09:08:17,27.20,26,5524,27.25_27.30_27.35_27.40_27.45_,56_113_70_121_314_,27.20_27.15_27.10_27.05_27.00_,160_196_589_46_252_
09:08:27,27.20,51,5591,27.25_27.30_27.35_27.40_27.45_,57_59_67_122_314_,27.20_27.15_27.10_27.05_27.00_,124_196_589_46_251_
09:08:48,27.20,34,5670,27.25_27.30_27.35_27.40_27.45_,62_57_78_106_322_,27.20_27.15_27.10_27.05_27.00_,111_197_577_46_255_
09:09:39,27.20,4,6007,27.25_27.30_27.35_27.40_27.45_,81_71_96_142_242_,27.20_27.15_27.10_27.05_27.00_,61_187_592_56_248_
09:10:20,27.20,3,6092,27.25_27.30_27.35_27.40_27.45_,184_66_99_134_247_,27.20_27.15_27.10_27.05_27.00_,50_200_592_68_268_
09:10:30,27.20,19,6140,27.25_27.30_27.35_27.40_27.45_,189_66_98_283_248_,27.20_27.15_27.10_27.05_27.00_,15_201_594_68_269_
09:10:56,27.20,50,6260,27.25_27.30_27.35_27.40_27.45_,61_71_86_261_240_,27.20_27.15_27.10_27.05_27.00_,6_202_595_71_264_
09:11:11,27.20,46,6333,27.20_27.25_27.30_27.35_27.40_,1_82_60_99_259_,27.15_27.10_27.05_27.00_26.95_,186_590_68_277_57_
09:11:16,27.15,56,6389,27.20_27.25_27.30_27.35_27.40_,3_81_95_86_265_,27.15_27.10_27.05_27.00_26.95_,139_590_68_275_59_
09:11:26,27.20,8,6402,27.20_27.25_27.30_27.35_27.40_,4_82_91_106_265_,27.15_27.10_27.05_27.00_26.95_,141_596_70_275_59_
09:11:37,27.15,4,6415,27.20_27.25_27.30_27.35_27.40_,155_84_91_106_265_,27.15_27.10_27.05_27.00_26.95_,147_596_70_276_60_
09:12:07,27.15,110,6593,27.15_27.20_27.25_27.30_27.35_,95_208_73_92_106_,27.10_27.05_27.00_26.95_26.90_,602_70_278_60_155_
09:12:18,27.10,2,6597,27.15_27.20_27.25_27.30_27.35_,101_218_88_79_112_,27.10_27.05_27.00_26.95_26.90_,700_70_291_59_157_
09:12:48,27.10,7,6858,27.15_27.20_27.25_27.30_27.35_,42_203_83_79_112_,27.10_27.05_27.00_26.95_26.90_,641_127_291_59_159_
09:12:58,27.15,33,6933,27.15_27.20_27.25_27.30_27.35_,18_204_82_99_114_,27.10_27.05_27.00_26.95_26.90_,654_127_343_59_161_
09:13:09,27.15,5,6954,27.15_27.20_27.25_27.30_27.35_,57_205_63_69_114_,27.10_27.05_27.00_26.95_26.90_,656_133_343_109_161_
09:13:29,27.15,9,7028,27.15_27.20_27.25_27.30_27.35_,61_201_63_71_104_,27.10_27.05_27.00_26.95_26.90_,671_122_354_109_161_
09:13:40,27.15,13,7053,27.15_27.20_27.25_27.30_27.35_,42_205_63_71_105_,27.10_27.05_27.00_26.95_26.90_,670_122_357_129_161_
09:13:50,27.20,37,7108,27.20_27.25_27.30_27.35_27.40_,204_63_74_105_107_,27.15_27.10_27.05_27.00_26.95_,19_696_122_353_129_
09:14:10,27.20,16,7170,27.20_27.25_27.30_27.35_27.40_,157_50_87_99_116_,27.15_27.10_27.05_27.00_26.95_,115_682_122_332_81_
09:14:21,27.20,23,7197,27.20_27.25_27.30_27.35_27.40_,133_50_85_99_116_,27.15_27.10_27.05_27.00_26.95_,122_706_122_332_81_
09:14:41,27.20,35,7289,27.20_27.25_27.30_27.35_27.40_,88_53_86_99_98_,27.15_27.10_27.05_27.00_26.95_,136_713_122_332_81_
09:14:51,27.20,21,7331,27.20_27.25_27.30_27.35_27.40_,50_54_86_99_98_,27.15_27.10_27.05_27.00_26.95_,152_714_122_335_82_
09:14:56,27.20,52,7383,27.25_27.30_27.35_27.40_27.45_,58_86_99_98_256_,27.20_27.15_27.10_27.05_27.00_,29_157_714_123_335_
09:15:07,27.25,7,7395,27.25_27.30_27.35_27.40_27.45_,54_71_112_92_263_,27.20_27.15_27.10_27.05_27.00_,75_131_658_64_286_
09:15:17,27.25,10,7408,27.25_27.30_27.35_27.40_27.45_,44_71_112_92_263_,27.20_27.15_27.10_27.05_27.00_,73_146_660_64_286_
09:15:37,27.25,13,7468,27.30_27.35_27.40_27.45_27.50_,71_96_105_257_323_,27.25_27.20_27.15_27.10_27.05_,27_122_141_656_66_
09:15:48,27.30,3,7473,27.30_27.35_27.40_27.45_27.50_,67_99_107_258_322_,27.25_27.20_27.15_27.10_27.05_,40_126_159_657_66_
09:16:18,27.25,1,7502,27.30_27.35_27.40_27.45_27.50_,67_88_107_260_324_,27.25_27.20_27.15_27.10_27.05_,48_140_160_625_74_
09:16:59,27.15,34,7896,27.20_27.25_27.30_27.35_27.40_,2_35_105_113_102_,27.15_27.10_27.05_27.00_26.95_,61_654_77_281_83_
09:18:01,27.00,43,9052,27.00_27.05_27.10_27.15_27.20_,15_37_61_33_66_,26.95_26.90_26.85_26.80_26.75_,88_150_33_317_68_
09:18:11,26.90,189,9269,26.95_27.00_27.05_27.10_27.15_,12_31_21_73_20_,26.90_26.85_26.80_26.75_26.70_,139_35_313_70_102_
09:18:21,26.90,54,9428,26.95_27.00_27.05_27.10_27.15_,18_41_32_50_26_,26.90_26.85_26.80_26.75_26.70_,92_44_294_68_124_
09:18:47,26.90,69,9793,26.95_27.00_27.05_27.10_27.15_,7_24_32_50_37_,26.90_26.85_26.80_26.75_26.70_,50_70_235_69_142_
09:18:57,26.95,59,9865,27.00_27.05_27.10_27.15_27.20_,27_7_63_49_75_,26.95_26.90_26.85_26.80_26.75_,78_77_71_247_70_
09:19:07,26.95,55,9937,27.00_27.05_27.10_27.15_27.20_,36_7_52_41_93_,26.95_26.90_26.85_26.80_26.75_,26_75_82_257_72_
09:19:17,27.00,25,9971,27.00_27.05_27.10_27.15_27.20_,37_7_42_41_92_,26.95_26.90_26.85_26.80_26.75_,84_83_84_257_73_
09:19:38,27.00,12,10053,27.05_27.10_27.15_27.20_27.25_,8_22_60_86_79_,27.00_26.95_26.90_26.85_26.80_,19_125_89_88_275_
09:19:58,27.00,71,10150,27.05_27.10_27.15_27.20_27.25_,13_24_60_86_79_,27.00_26.95_26.90_26.85_26.80_,50_125_96_88_281_
09:20:29,27.05,13,10245,27.10_27.15_27.20_27.25_27.30_,223_48_100_73_97_,27.05_27.00_26.95_26.90_26.85_,37_219_126_123_91_
09:20:39,27.10,5,10252,27.10_27.15_27.20_27.25_27.30_,220_48_100_73_97_,27.05_27.00_26.95_26.90_26.85_,53_262_126_123_94_
09:20:50,27.10,2,10254,27.10_27.15_27.20_27.25_27.30_,225_51_100_73_97_,27.05_27.00_26.95_26.90_26.85_,97_397_126_123_95_
09:21:00,27.05,2,10268,27.10_27.15_27.20_27.25_27.30_,229_48_100_73_97_,27.05_27.00_26.95_26.90_26.85_,90_551_122_123_95_
09:21:10,27.10,10,10292,27.10_27.15_27.20_27.25_27.30_,223_48_103_73_97_,27.05_27.00_26.95_26.90_26.85_,93_528_123_123_96_
09:21:46,27.15,13,10542,27.15_27.20_27.25_27.30_27.35_,60_107_106_103_123_,27.10_27.05_27.00_26.95_26.90_,106_100_255_118_127_
09:21:56,27.15,9,10553,27.15_27.20_27.25_27.30_27.35_,54_109_106_104_123_,27.10_27.05_27.00_26.95_26.90_,114_109_257_118_127_
09:22:17,27.15,34,10633,27.15_27.20_27.25_27.30_27.35_,5_108_106_104_128_,27.10_27.05_27.00_26.95_26.90_,107_110_262_117_132_
09:22:47,27.20,8,10675,27.20_27.25_27.30_27.35_27.40_,123_104_123_105_130_,27.15_27.10_27.05_27.00_26.95_,51_83_101_268_139_
09:23:03,27.15,10,10710,27.20_27.25_27.30_27.35_27.40_,126_103_124_105_130_,27.15_27.10_27.05_27.00_26.95_,29_98_102_258_138_
09:23:08,27.15,30,10740,27.20_27.25_27.30_27.35_27.40_,126_106_125_105_130_,27.15_27.10_27.05_27.00_26.95_,14_98_103_258_137_
09:23:29,27.10,50,10813,27.15_27.20_27.25_27.30_27.35_,38_124_118_128_111_,27.10_27.05_27.00_26.95_26.90_,98_103_285_140_159_
09:23:39,27.10,17,10840,27.15_27.20_27.25_27.30_27.35_,28_125_128_128_109_,27.10_27.05_27.00_26.95_26.90_,83_96_289_141_159_
09:23:59,27.15,2,10876,27.15_27.20_27.25_27.30_27.35_,18_130_130_128_109_,27.10_27.05_27.00_26.95_26.90_,91_95_299_142_180_
09:24:10,27.10,102,10995,27.15_27.20_27.25_27.30_27.35_,27_128_135_133_109_,27.10_27.05_27.00_26.95_26.90_,2_97_289_142_180_
09:24:20,27.10,2,11005,27.15_27.20_27.25_27.30_27.35_,36_129_135_133_110_,27.10_27.05_27.00_26.95_26.90_,2_99_289_141_191_
09:24:51,27.10,5,11017,27.15_27.20_27.25_27.30_27.35_,68_109_115_132_110_,27.10_27.05_27.00_26.95_26.90_,14_96_295_142_173_
09:25:01,27.10,9,11037,27.10_27.15_27.20_27.25_27.30_,23_70_109_115_130_,27.05_27.00_26.95_26.90_26.85_,106_305_142_176_94_
09:25:11,27.05,1,11041,27.10_27.15_27.20_27.25_27.30_,22_60_124_102_136_,27.05_27.00_26.95_26.90_26.85_,114_303_149_176_96_
09:25:16,27.05,1,11042,27.10_27.15_27.20_27.25_27.30_,39_57_124_102_136_,27.05_27.00_26.95_26.90_26.85_,114_303_149_176_96_
09:25:32,27.05,48,11094,27.10_27.15_27.20_27.25_27.30_,49_41_125_102_136_,27.05_27.00_26.95_26.90_26.85_,65_204_149_176_98_
09:25:37,27.05,48,11094,27.10_27.15_27.20_27.25_27.30_,53_41_125_102_136_,27.05_27.00_26.95_26.90_26.85_,66_199_149_186_99_
09:25:47,27.10,18,11113,27.10_27.15_27.20_27.25_27.30_,47_32_135_103_136_,27.05_27.00_26.95_26.90_26.85_,66_214_149_186_98_
09:26:18,27.10,5,11142,27.10_27.15_27.20_27.25_27.30_,52_49_137_103_136_,27.05_27.00_26.95_26.90_26.85_,77_215_154_186_98_
09:26:38,27.05,10,11183,27.10_27.15_27.20_27.25_27.30_,67_48_150_103_136_,27.05_27.00_26.95_26.90_26.85_,43_221_154_199_100_
09:26:59,27.10,3,11187,27.10_27.15_27.20_27.25_27.30_,73_49_150_108_137_,27.05_27.00_26.95_26.90_26.85_,47_225_154_205_100_
09:27:40,27.10,2,11193,27.10_27.15_27.20_27.25_27.30_,73_46_150_108_138_,27.05_27.00_26.95_26.90_26.85_,56_229_155_207_108_
09:28:00,27.10,1,11200,27.10_27.15_27.20_27.25_27.30_,76_48_150_108_153_,27.05_27.00_26.95_26.90_26.85_,55_228_155_207_108_
09:28:10,27.10,1,11200,27.10_27.15_27.20_27.25_27.30_,76_48_151_108_155_,27.05_27.00_26.95_26.90_26.85_,56_228_155_207_108_
09:28:21,27.10,9,11209,27.10_27.15_27.20_27.25_27.30_,74_48_151_108_155_,27.05_27.00_26.95_26.90_26.85_,58_228_105_207_108_
09:28:31,27.10,9,11209,27.10_27.15_27.20_27.25_27.30_,75_48_151_108_157_,27.05_27.00_26.95_26.90_26.85_,59_228_120_207_108_
09:28:41,27.10,2,11211,27.10_27.15_27.20_27.25_27.30_,76_46_151_108_157_,27.05_27.00_26.95_26.90_26.85_,56_228_120_212_108_
09:28:46,27.10,1,11212,27.10_27.15_27.20_27.25_27.30_,80_46_151_108_157_,27.05_27.00_26.95_26.90_26.85_,56_228_120_212_108_
09:29:02,27.10,2,11214,27.10_27.15_27.20_27.25_27.30_,120_46_151_108_157_,27.05_27.00_26.95_26.90_26.85_,108_229_122_212_108_
09:29:12,27.10,2,11216,27.10_27.15_27.20_27.25_27.30_,83_46_151_108_157_,27.05_27.00_26.95_26.90_26.85_,108_236_122_212_108_
09:29:17,27.10,32,11248,27.10_27.15_27.20_27.25_27.30_,51_48_151_108_157_,27.05_27.00_26.95_26.90_26.85_,118_237_122_212_108_
09:29:27,27.10,32,11248,27.10_27.15_27.20_27.25_27.30_,57_45_151_108_157_,27.05_27.00_26.95_26.90_26.85_,108_236_122_213_108_
09:29:37,27.10,16,11309,27.15_27.20_27.25_27.30_27.35_,45_151_108_157_100_,27.10_27.05_27.00_26.95_26.90_,8_107_237_122_215_
09:29:48,27.10,16,11309,27.15_27.20_27.25_27.30_27.35_,81_136_121_151_108_,27.10_27.05_27.00_26.95_26.90_,29_111_247_117_217_
09:29:58,27.10,16,11309,27.15_27.20_27.25_27.30_27.35_,45_172_121_151_108_,27.10_27.05_27.00_26.95_26.90_,34_111_247_127_217_
09:30:08,27.15,45,11375,27.20_27.25_27.30_27.35_27.40_,175_121_151_108_127_,27.15_27.10_27.05_27.00_26.95_,5_35_116_233_127_
09:30:18,27.15,45,11375,27.20_27.25_27.30_27.35_27.40_,139_144_164_102_135_,27.15_27.10_27.05_27.00_26.95_,13_39_118_233_109_
09:30:39,27.20,150,11528,27.20_27.25_27.30_27.35_27.40_,23_144_164_102_135_,27.15_27.10_27.05_27.00_26.95_,13_43_149_234_110_
09:30:49,27.20,7,11550,27.20_27.25_27.30_27.35_27.40_,26_147_164_102_135_,27.15_27.10_27.05_27.00_26.95_,113_44_150_223_110_
09:31:09,27.25,6,11592,27.25_27.30_27.35_27.40_27.45_,139_149_115_108_216_,27.20_27.15_27.10_27.05_27.00_,96_119_44_150_216_
09:31:30,27.25,32,11688,27.25_27.30_27.35_27.40_27.45_,81_118_95_108_216_,27.20_27.15_27.10_27.05_27.00_,64_108_52_150_207_
09:31:40,27.25,42,11747,27.25_27.30_27.35_27.40_27.45_,51_114_95_108_217_,27.20_27.15_27.10_27.05_27.00_,74_104_52_150_209_
09:31:50,27.25,28,11814,27.30_27.35_27.40_27.45_27.50_,117_96_108_217_421_,27.25_27.20_27.15_27.10_27.05_,5_73_109_80_143_
09:32:01,27.25,14,11842,27.25_27.30_27.35_27.40_27.45_,67_117_97_108_217_,27.20_27.15_27.10_27.05_27.00_,80_110_92_143_226_
09:32:11,27.25,14,11888,27.25_27.30_27.35_27.40_27.45_,31_118_99_108_217_,27.20_27.15_27.10_27.05_27.00_,80_10_98_143_226_
09:32:21,27.25,17,11931,27.25_27.30_27.35_27.40_27.45_,13_118_99_108_213_,27.20_27.15_27.10_27.05_27.00_,67_7_99_149_237_
09:32:57,27.25,1,12070,27.30_27.35_27.40_27.45_27.50_,107_84_121_222_422_,27.25_27.20_27.15_27.10_27.05_,11_110_8_101_150_
09:33:07,27.30,10,12081,27.30_27.35_27.40_27.45_27.50_,98_85_131_214_430_,27.25_27.20_27.15_27.10_27.05_,37_117_9_102_149_
09:33:18,27.25,3,12086,27.30_27.35_27.40_27.45_27.50_,102_87_134_222_422_,27.25_27.20_27.15_27.10_27.05_,41_118_9_116_149_
09:33:59,27.20,43,12361,27.25_27.30_27.35_27.40_27.45_,1_134_84_141_225_,27.20_27.15_27.10_27.05_27.00_,45_19_125_150_243_
09:34:09,27.20,1,12364,27.25_27.30_27.35_27.40_27.45_,128_152_99_128_191_,27.20_27.15_27.10_27.05_27.00_,46_19_131_149_244_
09:34:19,27.20,11,12388,27.25_27.30_27.35_27.40_27.45_,135_150_97_127_191_,27.20_27.15_27.10_27.05_27.00_,31_18_142_164_244_
09:34:29,27.25,20,12438,27.25_27.30_27.35_27.40_27.45_,85_150_97_127_191_,27.20_27.15_27.10_27.05_27.00_,31_18_142_164_244_
09:34:50,27.25,2,12458,27.25_27.30_27.35_27.40_27.45_,82_147_98_127_201_,27.20_27.15_27.10_27.05_27.00_,31_21_143_164_252_
09:35:00,27.25,5,12470,27.25_27.30_27.35_27.40_27.45_,127_150_98_127_411_,27.20_27.15_27.10_27.05_27.00_,28_36_139_174_252_
09:35:05,27.25,2,12472,27.25_27.30_27.35_27.40_27.45_,127_153_98_127_411_,27.20_27.15_27.10_27.05_27.00_,28_35_139_174_253_
09:35:21,27.20,1,12478,27.25_27.30_27.35_27.40_27.45_,125_150_98_127_411_,27.20_27.15_27.10_27.05_27.00_,27_40_140_174_254_
09:35:31,27.20,8,12486,27.25_27.30_27.35_27.40_27.45_,125_150_96_126_411_,27.20_27.15_27.10_27.05_27.00_,35_40_140_174_255_
09:35:41,27.25,8,12500,27.25_27.30_27.35_27.40_27.45_,118_150_96_126_411_,27.20_27.15_27.10_27.05_27.00_,40_40_140_175_255_
09:35:51,27.20,1,12511,27.25_27.30_27.35_27.40_27.45_,133_150_111_126_411_,27.20_27.15_27.10_27.05_27.00_,53_40_140_175_256_
09:37:08,27.20,2,12558,27.25_27.30_27.35_27.40_27.45_,137_132_113_126_412_,27.20_27.15_27.10_27.05_27.00_,68_46_143_175_260_
09:37:18,27.20,1,12562,27.25_27.30_27.35_27.40_27.45_,138_135_113_126_412_,27.20_27.15_27.10_27.05_27.00_,66_46_143_175_260_
09:37:39,27.25,2,12564,27.25_27.30_27.35_27.40_27.45_,136_135_113_126_412_,27.20_27.15_27.10_27.05_27.00_,74_46_143_175_262_
09:37:59,27.25,3,12567,27.25_27.30_27.35_27.40_27.45_,140_132_113_127_412_,27.20_27.15_27.10_27.05_27.00_,83_46_149_175_262_
09:38:20,27.20,1,12644,27.25_27.30_27.35_27.40_27.45_,63_132_113_126_412_,27.20_27.15_27.10_27.05_27.00_,88_46_148_175_262_
09:38:30,27.25,4,12653,27.25_27.30_27.35_27.40_27.45_,60_132_113_126_412_,27.20_27.15_27.10_27.05_27.00_,83_46_148_175_263_
09:39:01,27.25,8,12666,27.25_27.30_27.35_27.40_27.45_,53_134_113_126_362_,27.20_27.15_27.10_27.05_27.00_,86_46_149_176_263_
09:39:26,27.25,2,12671,27.25_27.30_27.35_27.40_27.45_,51_136_113_126_362_,27.20_27.15_27.10_27.05_27.00_,91_47_149_178_262_
09:39:37,27.25,1,12675,27.25_27.30_27.35_27.40_27.45_,47_136_113_126_364_,27.20_27.15_27.10_27.05_27.00_,92_47_150_178_262_
09:39:47,27.25,10,12687,27.25_27.30_27.35_27.40_27.45_,42_135_113_126_364_,27.20_27.15_27.10_27.05_27.00_,90_47_150_178_262_
09:40:07,27.20,1,12689,27.25_27.30_27.35_27.40_27.45_,59_135_113_127_364_,27.20_27.15_27.10_27.05_27.00_,103_47_139_178_262_
09:40:18,27.20,1,12689,27.25_27.30_27.35_27.40_27.45_,64_135_113_127_364_,27.20_27.15_27.10_27.05_27.00_,104_47_139_177_262_
09:40:23,27.20,1,12690,27.25_27.30_27.35_27.40_27.45_,64_135_113_127_367_,27.20_27.15_27.10_27.05_27.00_,104_47_139_177_262_
09:40:48,27.25,2,12692,27.25_27.30_27.35_27.40_27.45_,72_137_112_128_367_,27.20_27.15_27.10_27.05_27.00_,111_47_145_177_263_
09:40:59,27.25,12,12706,27.25_27.30_27.35_27.40_27.45_,76_135_112_128_367_,27.20_27.15_27.10_27.05_27.00_,109_47_145_177_264_
09:41:09,27.25,1,12709,27.25_27.30_27.35_27.40_27.45_,76_136_112_128_367_,27.20_27.15_27.10_27.05_27.00_,109_47_145_177_265_
09:41:14,27.25,1,12709,27.25_27.30_27.35_27.40_27.45_,79_136_112_128_367_,27.20_27.15_27.10_27.05_27.00_,106_47_145_177_265_
09:41:29,27.25,4,12713,27.25_27.30_27.35_27.40_27.45_,76_156_112_128_367_,27.20_27.15_27.10_27.05_27.00_,106_47_145_177_266_
09:41:50,27.25,10,12725,27.25_27.30_27.35_27.40_27.45_,69_158_112_128_369_,27.20_27.15_27.10_27.05_27.00_,138_47_115_177_271_
09:42:00,27.20,6,12734,27.25_27.30_27.35_27.40_27.45_,66_168_112_128_369_,27.20_27.15_27.10_27.05_27.00_,135_47_114_177_271_
09:42:31,27.20,30,12768,27.25_27.30_27.35_27.40_27.45_,109_166_112_128_369_,27.20_27.15_27.10_27.05_27.00_,102_48_114_177_275_
09:43:07,27.20,1,12785,27.25_27.30_27.35_27.40_27.45_,100_169_112_129_369_,27.20_27.15_27.10_27.05_27.00_,118_48_106_172_275_
09:43:22,27.25,10,12795,27.25_27.30_27.35_27.40_27.45_,97_172_112_129_369_,27.20_27.15_27.10_27.05_27.00_,123_48_106_172_272_
09:43:48,27.25,10,12814,27.25_27.30_27.35_27.40_27.45_,90_169_112_129_371_,27.20_27.15_27.10_27.05_27.00_,109_48_106_172_274_
09:43:58,27.25,1,12815,27.25_27.30_27.35_27.40_27.45_,92_164_112_129_371_,27.20_27.15_27.10_27.05_27.00_,110_48_106_172_274_
09:44:08,27.25,1,12815,27.25_27.30_27.35_27.40_27.45_,95_164_112_129_371_,27.20_27.15_27.10_27.05_27.00_,112_48_106_172_275_
09:44:18,27.25,5,12820,27.25_27.30_27.35_27.40_27.45_,93_164_112_129_371_,27.20_27.15_27.10_27.05_27.00_,112_48_106_172_275_
09:44:29,27.20,2,12822,27.25_27.30_27.35_27.40_27.45_,94_166_102_119_161_,27.20_27.15_27.10_27.05_27.00_,106_48_106_171_275_
09:44:39,27.25,4,12836,27.25_27.30_27.35_27.40_27.45_,82_169_102_119_171_,27.20_27.15_27.10_27.05_27.00_,104_48_106_171_276_
09:44:49,27.20,3,12840,27.25_27.30_27.35_27.40_27.45_,81_169_102_119_171_,27.20_27.15_27.10_27.05_27.00_,101_48_106_171_276_
09:44:59,27.20,1,12841,27.25_27.30_27.35_27.40_27.45_,84_177_102_119_171_,27.20_27.15_27.10_27.05_27.00_,102_48_106_171_276_
09:45:10,27.20,3,12844,27.25_27.30_27.35_27.40_27.45_,84_177_102_119_169_,27.20_27.15_27.10_27.05_27.00_,102_49_106_171_276_
09:45:30,27.25,5,12850,27.25_27.30_27.35_27.40_27.45_,84_178_97_119_169_,27.20_27.15_27.10_27.05_27.00_,104_49_106_171_275_
09:45:41,27.25,2,12852,27.25_27.30_27.35_27.40_27.45_,82_180_97_119_169_,27.20_27.15_27.10_27.05_27.00_,112_49_109_171_278_
09:45:51,27.25,1,12854,27.25_27.30_27.35_27.40_27.45_,84_180_97_119_169_,27.20_27.15_27.10_27.05_27.00_,116_49_109_171_278_
09:46:01,27.25,7,12861,27.25_27.30_27.35_27.40_27.45_,77_180_97_119_169_,27.20_27.15_27.10_27.05_27.00_,117_49_109_171_279_
09:46:06,27.25,4,12865,27.25_27.30_27.35_27.40_27.45_,74_180_97_119_169_,27.20_27.15_27.10_27.05_27.00_,118_49_109_171_279_
09:46:16,27.20,1,12872,27.25_27.30_27.35_27.40_27.45_,73_180_97_119_169_,27.20_27.15_27.10_27.05_27.00_,114_49_109_171_279_
09:46:27,27.20,1,12881,27.25_27.30_27.35_27.40_27.45_,85_178_97_119_169_,27.20_27.15_27.10_27.05_27.00_,113_49_109_171_282_
09:46:47,27.25,30,12914,27.25_27.30_27.35_27.40_27.45_,55_183_100_119_166_,27.20_27.15_27.10_27.05_27.00_,128_75_107_171_285_
09:46:57,27.25,10,12955,27.25_27.30_27.35_27.40_27.45_,15_202_102_119_166_,27.20_27.15_27.10_27.05_27.00_,132_75_107_171_285_
09:47:08,27.20,5,12970,27.25_27.30_27.35_27.40_27.45_,4_203_102_119_166_,27.20_27.15_27.10_27.05_27.00_,131_70_107_171_285_
09:47:38,27.30,2,12986,27.30_27.35_27.40_27.45_27.50_,195_87_132_160_489_,27.25_27.20_27.15_27.10_27.05_,5_135_70_102_222_
09:47:59,27.25,5,13004,27.30_27.35_27.40_27.45_27.50_,203_102_132_161_489_,27.25_27.20_27.15_27.10_27.05_,21_112_70_112_222_
09:48:09,27.25,2,13006,27.30_27.35_27.40_27.45_27.50_,203_102_147_161_489_,27.25_27.20_27.15_27.10_27.05_,21_114_70_112_222_
09:48:19,27.30,7,13019,27.30_27.35_27.40_27.45_27.50_,201_102_147_176_489_,27.25_27.20_27.15_27.10_27.05_,20_113_70_112_222_
09:48:30,27.25,8,13032,27.30_27.35_27.40_27.45_27.50_,201_107_147_176_489_,27.25_27.20_27.15_27.10_27.05_,9_111_70_111_222_
09:48:40,27.25,6,13049,27.30_27.35_27.40_27.45_27.50_,202_107_147_176_489_,27.25_27.20_27.15_27.10_27.05_,22_111_71_111_222_
09:48:50,27.25,6,13062,27.30_27.35_27.40_27.45_27.50_,202_109_147_176_484_,27.25_27.20_27.15_27.10_27.05_,19_80_76_111_222_
09:49:00,27.25,5,13073,27.30_27.35_27.40_27.45_27.50_,202_109_146_176_484_,27.25_27.20_27.15_27.10_27.05_,16_80_76_111_222_
09:49:21,27.25,1,13092,27.25_27.30_27.35_27.40_27.45_,16_201_125_133_182_,27.20_27.15_27.10_27.05_27.00_,85_76_118_221_312_
09:49:46,27.20,1,13093,27.25_27.30_27.35_27.40_27.45_,45_196_122_133_182_,27.20_27.15_27.10_27.05_27.00_,84_76_121_221_313_
09:50:07,27.20,1,13094,27.25_27.30_27.35_27.40_27.45_,62_196_122_133_182_,27.20_27.15_27.10_27.05_27.00_,92_76_122_221_311_
09:50:27,27.20,1,13094,27.25_27.30_27.35_27.40_27.45_,70_198_122_133_182_,27.20_27.15_27.10_27.05_27.00_,94_96_130_221_306_
09:50:48,27.20,3,13129,27.25_27.30_27.35_27.40_27.45_,72_197_122_133_182_,27.20_27.15_27.10_27.05_27.00_,65_97_130_221_306_
09:51:08,27.20,13,13176,27.25_27.30_27.35_27.40_27.45_,77_195_122_133_182_,27.20_27.15_27.10_27.05_27.00_,19_88_138_221_306_
09:51:29,27.25,8,13202,27.25_27.30_27.35_27.40_27.45_,71_194_122_133_182_,27.20_27.15_27.10_27.05_27.00_,12_88_148_226_305_
09:51:49,27.25,2,13223,27.25_27.30_27.35_27.40_27.45_,50_197_122_141_174_,27.20_27.15_27.10_27.05_27.00_,30_88_147_226_309_
09:52:00,27.25,4,13227,27.25_27.30_27.35_27.40_27.45_,45_197_122_141_174_,27.20_27.15_27.10_27.05_27.00_,32_88_149_226_309_
09:52:05,27.25,4,13227,27.25_27.30_27.35_27.40_27.45_,45_197_122_141_174_,27.20_27.15_27.10_27.05_27.00_,34_88_149_226_309_
09:52:20,27.25,3,13230,27.25_27.30_27.35_27.40_27.45_,45_197_122_141_174_,27.20_27.15_27.10_27.05_27.00_,35_88_149_226_309_
09:52:41,27.20,2,13232,27.25_27.30_27.35_27.40_27.45_,49_196_122_141_174_,27.20_27.15_27.10_27.05_27.00_,37_88_149_227_319_
09:53:01,27.25,43,13277,27.25_27.30_27.35_27.40_27.45_,12_173_122_133_183_,27.20_27.15_27.10_27.05_27.00_,43_88_149_227_319_
09:53:16,27.25,3,13281,27.25_27.30_27.35_27.40_27.45_,11_172_123_141_175_,27.20_27.15_27.10_27.05_27.00_,43_88_149_227_320_
09:53:27,27.25,1,13282,27.25_27.30_27.35_27.40_27.45_,30_172_124_141_175_,27.20_27.15_27.10_27.05_27.00_,39_88_151_227_319_
09:53:37,27.20,1,13283,27.25_27.30_27.35_27.40_27.45_,40_172_124_133_183_,27.20_27.15_27.10_27.05_27.00_,39_88_155_227_319_
09:53:47,27.25,5,13291,27.25_27.30_27.35_27.40_27.45_,38_172_124_141_175_,27.20_27.15_27.10_27.05_27.00_,37_88_155_227_319_
09:53:58,27.25,9,13330,27.25_27.30_27.35_27.40_27.45_,1_174_124_134_183_,27.20_27.15_27.10_27.05_27.00_,48_88_155_227_323_
09:54:08,27.20,1,13332,27.30_27.35_27.40_27.45_27.50_,174_109_147_185_451_,27.20_27.15_27.10_27.05_27.00_,49_88_155_229_322_
09:54:28,27.20,1,13332,27.25_27.30_27.35_27.40_27.45_,6_172_113_151_185_,27.20_27.15_27.10_27.05_27.00_,49_86_154_229_322_
09:54:39,27.25,2,13334,27.25_27.30_27.35_27.40_27.45_,9_172_128_146_176_,27.20_27.15_27.10_27.05_27.00_,51_89_154_229_322_
09:54:49,27.25,3,13339,27.25_27.30_27.35_27.40_27.45_,8_172_125_146_176_,27.20_27.15_27.10_27.05_27.00_,50_89_154_229_322_
09:55:20,27.20,1,13351,27.25_27.30_27.35_27.40_27.45_,13_184_124_136_184_,27.20_27.15_27.10_27.05_27.00_,51_87_154_229_344_
09:55:30,27.20,1,13352,27.25_27.30_27.35_27.40_27.45_,14_184_124_136_184_,27.20_27.15_27.10_27.05_27.00_,50_87_154_231_344_
09:55:40,27.25,12,13365,27.25_27.30_27.35_27.40_27.45_,4_184_124_143_176_,27.20_27.15_27.10_27.05_27.00_,48_87_154_231_344_
09:56:37,27.10,21,13691,27.10_27.15_27.20_27.25_27.30_,137_24_77_4_209_,27.05_27.00_26.95_26.90_26.85_,255_330_132_253_90_
09:56:47,27.10,20,13718,27.10_27.15_27.20_27.25_27.30_,112_24_77_59_209_,27.05_27.00_26.95_26.90_26.85_,257_298_132_258_90_
09:57:07,27.10,10,13775,27.10_27.15_27.20_27.25_27.30_,63_24_77_59_216_,27.05_27.00_26.95_26.90_26.85_,259_299_134_262_95_
09:57:18,27.10,21,13811,27.10_27.15_27.20_27.25_27.30_,33_27_80_59_216_,27.05_27.00_26.95_26.90_26.85_,260_299_134_262_95_
09:57:28,27.10,13,13850,27.15_27.20_27.25_27.30_27.35_,26_80_60_216_109_,27.10_27.05_27.00_26.95_26.90_,17_270_297_135_262_
09:57:59,27.10,1,13900,27.10_27.15_27.20_27.25_27.30_,59_24_80_60_216_,27.05_27.00_26.95_26.90_26.85_,273_295_136_263_95_
09:58:09,27.05,10,13965,27.10_27.15_27.20_27.25_27.30_,104_24_80_60_217_,27.05_27.00_26.95_26.90_26.85_,257_295_136_263_95_
09:58:19,27.10,31,14001,27.10_27.15_27.20_27.25_27.30_,74_27_80_65_217_,27.05_27.00_26.95_26.90_26.85_,257_306_136_263_95_
09:58:29,27.10,2,14005,27.10_27.15_27.20_27.25_27.30_,71_27_80_65_217_,27.05_27.00_26.95_26.90_26.85_,257_306_121_263_105_
09:58:40,27.10,25,14036,27.15_27.20_27.25_27.30_27.35_,27_80_65_217_109_,27.10_27.05_27.00_26.95_26.90_,1_254_306_121_262_
09:59:10,27.15,5,14047,27.15_27.20_27.25_27.30_27.35_,24_67_78_212_116_,27.10_27.05_27.00_26.95_26.90_,131_244_311_121_259_
10:00:02,27.15,5,14081,27.15_27.20_27.25_27.30_27.35_,17_165_178_202_116_,27.10_27.05_27.00_26.95_26.90_,58_247_318_122_259_
10:00:07,27.15,1,14082,27.15_27.20_27.25_27.30_27.35_,17_165_178_202_116_,27.10_27.05_27.00_26.95_26.90_,59_247_318_122_259_
10:00:48,27.15,1,14106,27.20_27.25_27.30_27.35_27.40_,163_165_195_110_147_,27.15_27.10_27.05_27.00_26.95_,18_49_249_318_126_
10:00:58,27.15,2,14108,27.20_27.25_27.30_27.35_27.40_,166_175_196_110_147_,27.15_27.10_27.05_27.00_26.95_,15_51_254_331_126_
10:01:08,27.15,1,14109,27.20_27.25_27.30_27.35_27.40_,176_177_196_110_147_,27.15_27.10_27.05_27.00_26.95_,16_51_254_331_131_
10:01:23,27.15,1,14110,27.20_27.25_27.30_27.35_27.40_,179_178_196_110_147_,27.15_27.10_27.05_27.00_26.95_,15_69_254_331_131_
10:01:39,27.20,4,14114,27.20_27.25_27.30_27.35_27.40_,175_179_196_110_147_,27.15_27.10_27.05_27.00_26.95_,14_70_254_331_131_
10:01:49,27.20,3,14117,27.20_27.25_27.30_27.35_27.40_,176_176_196_110_147_,27.15_27.10_27.05_27.00_26.95_,20_70_254_331_131_
10:02:20,27.15,1,14120,27.20_27.25_27.30_27.35_27.40_,178_198_196_110_147_,27.15_27.10_27.05_27.00_26.95_,41_75_254_330_131_
10:02:25,27.15,1,14120,27.20_27.25_27.30_27.35_27.40_,178_198_196_110_147_,27.15_27.10_27.05_27.00_26.95_,41_75_254_332_133_
10:02:40,27.20,2,14125,27.20_27.25_27.30_27.35_27.40_,177_198_196_110_147_,27.15_27.10_27.05_27.00_26.95_,37_76_254_322_133_
10:02:55,27.20,2,14127,27.20_27.25_27.30_27.35_27.40_,182_196_196_110_147_,27.15_27.10_27.05_27.00_26.95_,37_76_255_312_133_
10:03:06,27.20,10,14137,27.20_27.25_27.30_27.35_27.40_,173_196_196_110_147_,27.15_27.10_27.05_27.00_26.95_,40_99_255_312_133_
10:03:26,27.20,1,14138,27.20_27.25_27.30_27.35_27.40_,175_196_196_111_147_,27.15_27.10_27.05_27.00_26.95_,39_105_255_314_133_
10:03:37,27.15,10,14148,27.20_27.25_27.30_27.35_27.40_,175_196_196_111_147_,27.15_27.10_27.05_27.00_26.95_,78_117_255_309_153_
10:03:47,27.20,2,14150,27.20_27.25_27.30_27.35_27.40_,175_199_196_111_147_,27.15_27.10_27.05_27.00_26.95_,76_120_255_311_153_
10:03:57,27.15,2,14152,27.20_27.25_27.30_27.35_27.40_,177_201_196_111_147_,27.15_27.10_27.05_27.00_26.95_,75_115_255_312_153_
10:04:02,27.15,2,14154,27.20_27.25_27.30_27.35_27.40_,177_201_196_111_147_,27.15_27.10_27.05_27.00_26.95_,75_117_255_312_153_
10:04:23,27.20,20,14174,27.20_27.25_27.30_27.35_27.40_,162_196_196_111_148_,27.15_27.10_27.05_27.00_26.95_,76_117_255_313_153_
10:04:49,27.20,6,14182,27.20_27.25_27.30_27.35_27.40_,156_198_197_111_148_,27.15_27.10_27.05_27.00_26.95_,79_117_255_313_153_
10:05:09,27.20,50,14233,27.20_27.25_27.30_27.35_27.40_,107_198_197_111_148_,27.15_27.10_27.05_27.00_26.95_,80_117_255_304_153_
10:05:40,27.20,2,14240,27.20_27.25_27.30_27.35_27.40_,129_197_197_111_148_,27.15_27.10_27.05_27.00_26.95_,86_117_255_304_153_
10:06:11,27.20,2,14267,27.20_27.25_27.30_27.35_27.40_,108_211_196_112_149_,27.15_27.10_27.05_27.00_26.95_,100_117_255_306_153_
10:06:21,27.20,10,14280,27.20_27.25_27.30_27.35_27.40_,100_206_206_112_139_,27.15_27.10_27.05_27.00_26.95_,99_118_255_306_154_
10:06:31,27.15,23,14306,27.20_27.25_27.30_27.35_27.40_,97_206_206_112_139_,27.15_27.10_27.05_27.00_26.95_,77_118_254_306_154_
10:07:38,27.20,2,14326,27.20_27.25_27.30_27.35_27.40_,98_189_206_112_139_,27.15_27.10_27.05_27.00_26.95_,77_132_251_309_154_
10:07:48,27.15,3,14351,27.20_27.25_27.30_27.35_27.40_,99_189_206_112_139_,27.15_27.10_27.05_27.00_26.95_,53_130_255_312_154_
10:08:19,27.20,5,14364,27.20_27.25_27.30_27.35_27.40_,113_186_206_112_139_,27.15_27.10_27.05_27.00_26.95_,83_130_253_323_153_
10:09:56,27.15,85,14489,27.15_27.20_27.25_27.30_27.35_,16_111_96_206_112_,27.10_27.05_27.00_26.95_26.90_,134_250_331_151_248_
10:10:06,27.15,85,14489,27.15_27.20_27.25_27.30_27.35_,36_94_110_193_118_,27.10_27.05_27.00_26.95_26.90_,139_248_331_149_250_
10:10:17,27.10,5,14635,27.10_27.15_27.20_27.25_27.30_,152_6_81_97_220_,27.05_27.00_26.95_26.90_26.85_,246_331_149_248_104_
10:10:37,27.10,15,14656,27.10_27.15_27.20_27.25_27.30_,153_1_69_98_220_,27.05_27.00_26.95_26.90_26.85_,246_330_149_247_104_
10:10:58,27.10,4,14737,27.10_27.15_27.20_27.25_27.30_,82_1_69_98_220_,27.05_27.00_26.95_26.90_26.85_,252_340_149_250_104_
10:12:09,27.10,1,14847,27.20_27.25_27.30_27.35_27.40_,58_96_206_127_134_,27.10_27.05_27.00_26.95_26.90_,66_238_335_154_261_
10:12:20,27.10,1,14847,27.20_27.25_27.30_27.35_27.40_,57_96_206_126_134_,27.10_27.05_27.00_26.95_26.90_,72_240_340_154_261_
10:12:30,27.10,1,14847,27.15_27.20_27.25_27.30_27.35_,1_57_97_206_126_,27.10_27.05_27.00_26.95_26.90_,89_240_359_154_261_
10:12:51,27.10,10,14862,27.15_27.20_27.25_27.30_27.35_,1_45_97_208_126_,27.10_27.05_27.00_26.95_26.90_,84_246_360_154_261_
10:13:06,27.10,1,14866,27.20_27.25_27.30_27.35_27.40_,45_97_211_126_137_,27.10_27.05_27.00_26.95_26.90_,99_244_360_154_261_
10:13:16,27.10,1,14866,27.20_27.25_27.30_27.35_27.40_,48_100_211_118_145_,27.15_27.10_27.05_27.00_26.95_,4_99_242_360_156_
10:13:27,27.20,2,14868,27.20_27.25_27.30_27.35_27.40_,46_103_211_118_145_,27.15_27.10_27.05_27.00_26.95_,5_103_242_360_157_
10:13:37,27.15,1,14869,27.20_27.25_27.30_27.35_27.40_,48_104_211_118_145_,27.15_27.10_27.05_27.00_26.95_,4_103_245_360_157_
10:13:47,27.15,4,14873,27.15_27.20_27.25_27.30_27.35_,4_49_119_198_124_,27.10_27.05_27.00_26.95_26.90_,106_246_360_155_261_
10:13:57,27.10,20,14893,27.15_27.20_27.25_27.30_27.35_,8_51_116_199_124_,27.10_27.05_27.00_26.95_26.90_,112_246_361_155_261_
10:14:08,27.10,1,14895,27.15_27.20_27.25_27.30_27.35_,9_54_116_199_124_,27.10_27.05_27.00_26.95_26.90_,128_247_361_155_261_
10:14:18,27.10,1,14895,27.15_27.20_27.25_27.30_27.35_,13_54_116_198_124_,27.10_27.05_27.00_26.95_26.90_,129_261_361_155_261_
10:14:28,27.10,1,14896,27.15_27.20_27.25_27.30_27.35_,16_54_117_198_124_,27.10_27.05_27.00_26.95_26.90_,126_261_375_155_261_
10:14:38,27.15,3,14899,27.15_27.20_27.25_27.30_27.35_,14_54_117_198_124_,27.10_27.05_27.00_26.95_26.90_,123_261_375_155_261_
10:14:49,27.15,2,14907,27.15_27.20_27.25_27.30_27.35_,13_54_117_198_124_,27.10_27.05_27.00_26.95_26.90_,144_261_375_168_261_
10:14:59,27.15,11,14920,27.20_27.25_27.30_27.35_27.40_,54_117_198_124_137_,27.15_27.10_27.05_27.00_26.95_,1_150_261_375_168_
10:15:19,27.15,1,14921,27.20_27.25_27.30_27.35_27.40_,54_102_211_122_145_,27.15_27.10_27.05_27.00_26.95_,9_149_261_375_157_
10:15:30,27.20,2,14925,27.20_27.25_27.30_27.35_27.40_,48_102_211_122_145_,27.15_27.10_27.05_27.00_26.95_,7_151_261_375_157_
10:15:50,27.20,2,14929,27.20_27.25_27.30_27.35_27.40_,48_143_211_120_145_,27.15_27.10_27.05_27.00_26.95_,36_145_250_375_157_
10:16:11,27.15,6,14936,27.20_27.25_27.30_27.35_27.40_,47_145_211_115_145_,27.15_27.10_27.05_27.00_26.95_,40_147_253_375_157_
10:16:31,27.15,1,14938,27.20_27.25_27.30_27.35_27.40_,47_145_211_115_145_,27.15_27.10_27.05_27.00_26.95_,38_159_253_375_157_
10:16:41,27.20,2,14940,27.20_27.25_27.30_27.35_27.40_,46_145_211_115_145_,27.15_27.10_27.05_27.00_26.95_,36_159_253_375_157_
10:16:47,27.20,2,14940,27.20_27.25_27.30_27.35_27.40_,47_145_211_115_145_,27.15_27.10_27.05_27.00_26.95_,36_159_253_375_159_
10:17:58,27.20,2,14956,27.20_27.25_27.30_27.35_27.40_,46_144_291_115_148_,27.15_27.10_27.05_27.00_26.95_,38_153_253_377_159_
10:18:08,27.20,2,14956,27.20_27.25_27.30_27.35_27.40_,67_144_291_115_148_,27.15_27.10_27.05_27.00_26.95_,49_153_253_377_159_
10:18:29,27.20,2,14959,27.20_27.25_27.30_27.35_27.40_,70_142_291_115_148_,27.15_27.10_27.05_27.00_26.95_,50_153_255_377_159_
10:18:34,27.20,2,14961,27.20_27.25_27.30_27.35_27.40_,68_142_291_115_148_,27.15_27.10_27.05_27.00_26.95_,48_153_255_377_159_
10:18:59,27.15,1,14964,27.20_27.25_27.30_27.35_27.40_,73_141_291_115_148_,27.15_27.10_27.05_27.00_26.95_,50_153_255_381_159_
10:19:51,27.20,2,14973,27.20_27.25_27.30_27.35_27.40_,98_164_291_115_145_,27.15_27.10_27.05_27.00_26.95_,39_145_241_364_163_
10:20:01,27.20,2,14973,27.20_27.25_27.30_27.35_27.40_,99_164_291_115_145_,27.15_27.10_27.05_27.00_26.95_,39_145_250_370_163_
10:20:11,27.15,1,14974,27.20_27.25_27.30_27.35_27.40_,106_164_291_115_145_,27.15_27.10_27.05_27.00_26.95_,52_145_250_370_163_
10:20:16,27.15,1,14974,27.20_27.25_27.30_27.35_27.40_,109_164_291_115_145_,27.15_27.10_27.05_27.00_26.95_,52_148_250_380_163_
10:20:27,27.20,2,14976,27.20_27.25_27.30_27.35_27.40_,109_162_291_115_145_,27.15_27.10_27.05_27.00_26.95_,52_148_250_385_163_
10:20:37,27.15,2,14979,27.20_27.25_27.30_27.35_27.40_,109_162_291_115_145_,27.15_27.10_27.05_27.00_26.95_,49_148_250_385_163_
10:20:57,27.20,4,14983,27.20_27.25_27.30_27.35_27.40_,107_163_291_115_145_,27.15_27.10_27.05_27.00_26.95_,50_155_250_385_163_
10:21:28,27.20,1,14989,27.20_27.25_27.30_27.35_27.40_,108_166_291_147_145_,27.15_27.10_27.05_27.00_26.95_,50_154_249_385_163_
10:21:38,27.20,2,14991,27.20_27.25_27.30_27.35_27.40_,110_166_291_147_145_,27.15_27.10_27.05_27.00_26.95_,48_154_249_385_163_
10:21:59,27.15,2,14994,27.20_27.25_27.30_27.35_27.40_,125_166_291_147_146_,27.15_27.10_27.05_27.00_26.95_,51_154_249_388_163_
10:22:09,27.15,1,14995,27.20_27.25_27.30_27.35_27.40_,124_166_291_147_146_,27.15_27.10_27.05_27.00_26.95_,56_154_249_388_163_
10:22:19,27.15,5,15000,27.20_27.25_27.30_27.35_27.40_,154_166_291_147_146_,27.15_27.10_27.05_27.00_26.95_,51_154_249_388_163_
10:22:30,27.15,1,15001,27.20_27.25_27.30_27.35_27.40_,158_163_291_147_146_,27.15_27.10_27.05_27.00_26.95_,50_154_249_398_163_
10:22:50,27.10,4,15062,27.15_27.20_27.25_27.30_27.35_,10_153_177_278_153_,27.10_27.05_27.00_26.95_26.90_,146_249_398_161_261_
10:23:00,27.15,12,15074,27.15_27.20_27.25_27.30_27.35_,31_136_177_278_152_,27.10_27.05_27.00_26.95_26.90_,146_249_399_172_261_
10:23:11,27.15,2,15076,27.15_27.20_27.25_27.30_27.35_,29_121_177_278_152_,27.10_27.05_27.00_26.95_26.90_,150_247_409_172_261_
10:23:16,27.15,2,15076,27.15_27.20_27.25_27.30_27.35_,50_99_177_278_152_,27.10_27.05_27.00_26.95_26.90_,150_247_409_172_261_
10:23:36,27.15,2,15076,27.15_27.20_27.25_27.30_27.35_,51_98_177_278_152_,27.10_27.05_27.00_26.95_26.90_,157_248_409_172_264_
10:23:47,27.15,4,15080,27.15_27.20_27.25_27.30_27.35_,51_98_177_278_153_,27.10_27.05_27.00_26.95_26.90_,154_248_410_172_264_
10:24:07,27.10,1,15086,27.15_27.20_27.25_27.30_27.35_,51_103_177_270_153_,27.10_27.05_27.00_26.95_26.90_,172_248_410_172_266_
10:24:17,27.15,12,15098,27.15_27.20_27.25_27.30_27.35_,50_113_177_260_153_,27.10_27.05_27.00_26.95_26.90_,174_248_410_172_266_
10:24:28,27.15,12,15098,27.15_27.20_27.25_27.30_27.35_,60_213_177_260_153_,27.10_27.05_27.00_26.95_26.90_,176_248_410_172_266_
10:24:38,27.15,2,15100,27.15_27.20_27.25_27.30_27.35_,60_213_177_260_153_,27.10_27.05_27.00_26.95_26.90_,179_248_410_172_266_
10:24:48,27.15,2,15102,27.15_27.20_27.25_27.30_27.35_,60_214_177_260_153_,27.10_27.05_27.00_26.95_26.90_,173_247_410_172_266_
10:24:58,27.15,2,15105,27.15_27.20_27.25_27.30_27.35_,60_212_177_260_153_,27.10_27.05_27.00_26.95_26.90_,165_238_400_161_266_
10:25:39,27.20,2,15176,27.20_27.25_27.30_27.35_27.40_,205_163_273_159_139_,27.10_27.05_27.00_26.95_26.90_,194_263_451_161_265_
10:25:50,27.20,36,15212,27.15_27.20_27.25_27.30_27.35_,2_169_163_277_159_,27.10_27.05_27.00_26.95_26.90_,193_263_452_205_265_
10:26:00,27.15,1,15215,27.15_27.20_27.25_27.30_27.35_,1_167_177_264_157_,27.10_27.05_27.00_26.95_26.90_,195_263_452_205_265_
10:26:10,27.15,1,15216,27.20_27.25_27.30_27.35_27.40_,187_177_264_157_139_,27.15_27.10_27.05_27.00_26.95_,2_198_262_452_205_
10:26:20,27.15,3,15221,27.20_27.25_27.30_27.35_27.40_,191_162_272_151_147_,27.15_27.10_27.05_27.00_26.95_,21_196_262_452_163_
10:26:31,27.15,3,15221,27.20_27.25_27.30_27.35_27.40_,194_162_272_151_147_,27.15_27.10_27.05_27.00_26.95_,25_195_262_452_163_
10:26:41,27.15,5,15226,27.20_27.25_27.30_27.35_27.40_,194_162_272_151_148_,27.15_27.10_27.05_27.00_26.95_,31_194_262_452_163_
10:27:12,27.15,1,15229,27.20_27.25_27.30_27.35_27.40_,194_162_272_151_148_,27.15_27.10_27.05_27.00_26.95_,33_194_268_452_163_
10:27:17,27.15,1,15229,27.20_27.25_27.30_27.35_27.40_,549_165_272_151_148_,27.15_27.10_27.05_27.00_26.95_,33_194_268_457_163_
10:27:37,27.25,32,15820,27.25_27.30_27.35_27.40_27.45_,132_257_164_142_205_,27.20_27.15_27.10_27.05_27.00_,957_470_194_280_476_
10:27:48,27.25,66,15939,27.25_27.30_27.35_27.40_27.45_,47_290_164_142_205_,27.20_27.15_27.10_27.05_27.00_,967_470_174_280_430_
10:28:08,27.30,57,16130,27.30_27.35_27.40_27.45_27.50_,185_146_162_157_434_,27.25_27.20_27.15_27.10_27.05_,718_1181_471_172_257_
10:28:18,27.30,36,16220,27.30_27.35_27.40_27.45_27.50_,102_179_162_172_434_,27.25_27.20_27.15_27.10_27.05_,720_1181_471_172_238_
10:28:28,27.30,71,16364,27.35_27.40_27.45_27.50_27.55_,171_142_164_464_70_,27.30_27.25_27.20_27.15_27.10_,5_720_1181_461_172_
10:28:39,27.30,51,16425,27.35_27.40_27.45_27.50_27.55_,171_127_179_458_78_,27.30_27.25_27.20_27.15_27.10_,223_717_1181_470_169_
10:28:49,27.30,44,16532,27.30_27.35_27.40_27.45_27.50_,70_174_144_174_456_,27.25_27.20_27.15_27.10_27.05_,54_1181_470_167_239_
10:28:59,27.25,22,16574,27.30_27.35_27.40_27.45_27.50_,235_176_133_166_465_,27.25_27.20_27.15_27.10_27.05_,52_1181_470_167_239_
10:29:30,27.10,46,16807,27.25_27.30_27.35_27.40_27.45_,78_245_187_154_149_,27.10_27.05_27.00_26.95_26.90_,178_253_434_128_288_
10:29:40,27.10,42,16851,27.15_27.20_27.25_27.30_27.35_,1_5_78_143_182_,27.10_27.05_27.00_26.95_26.90_,137_254_455_126_290_
10:29:50,27.20,10,16867,27.25_27.30_27.35_27.40_27.45_,76_143_175_167_194_,27.20_27.15_27.10_27.05_27.00_,10_65_187_260_497_
10:30:01,27.25,1,16877,27.25_27.30_27.35_27.40_27.45_,75_126_188_169_194_,27.15_27.10_27.05_27.00_26.95_,65_195_293_488_233_
10:31:07,27.25,1,16911,27.25_27.30_27.35_27.40_27.45_,84_133_190_180_211_,27.20_27.15_27.10_27.05_27.00_,23_97_187_277_480_
10:31:17,27.25,2,16913,27.25_27.30_27.35_27.40_27.45_,82_136_190_180_211_,27.20_27.15_27.10_27.05_27.00_,23_97_187_278_482_
10:31:28,27.25,2,16913,27.25_27.30_27.35_27.40_27.45_,105_134_190_172_219_,27.20_27.15_27.10_27.05_27.00_,24_97_202_278_482_
10:31:38,27.25,3,16916,27.25_27.30_27.35_27.40_27.45_,103_137_190_172_219_,27.20_27.15_27.10_27.05_27.00_,27_97_202_278_486_
10:32:09,27.30,2,17028,27.30_27.35_27.40_27.45_27.50_,132_175_163_176_452_,27.25_27.20_27.15_27.10_27.05_,9_59_99_225_280_
10:32:40,27.30,19,17100,27.30_27.35_27.40_27.45_27.50_,60_181_163_181_452_,27.25_27.20_27.15_27.10_27.05_,268_279_119_226_282_
10:33:00,27.35,13,17251,27.35_27.40_27.45_27.50_27.55_,123_148_186_465_66_,27.30_27.25_27.20_27.15_27.10_,112_282_297_109_249_
10:33:21,27.40,43,17418,27.40_27.45_27.50_27.55_27.60_,145_160_480_76_349_,27.35_27.30_27.25_27.20_27.15_,111_336_278_297_146_
10:33:31,27.35,27,17456,27.40_27.45_27.50_27.55_27.60_,181_160_480_76_349_,27.35_27.30_27.25_27.20_27.15_,88_337_278_297_146_
10:33:46,27.30,15,17569,27.35_27.40_27.45_27.50_27.55_,118_190_174_465_69_,27.30_27.25_27.20_27.15_27.10_,89_278_297_150_281_
10:33:57,27.35,34,17693,27.35_27.40_27.45_27.50_27.55_,86_206_169_455_69_,27.30_27.25_27.20_27.15_27.10_,27_58_77_150_278_
10:34:07,27.35,92,17789,27.40_27.45_27.50_27.55_27.60_,190_174_465_66_349_,27.35_27.30_27.25_27.20_27.15_,108_7_61_79_150_
10:34:17,27.35,2,17797,27.40_27.45_27.50_27.55_27.60_,191_159_467_76_367_,27.35_27.30_27.25_27.20_27.15_,203_12_62_79_152_
10:34:27,27.35,74,17927,27.40_27.45_27.50_27.55_27.60_,190_161_467_83_367_,27.35_27.30_27.25_27.20_27.15_,81_11_62_79_152_
10:35:39,27.35,1,18070,27.40_27.45_27.50_27.55_27.60_,149_152_464_71_367_,27.35_27.30_27.25_27.20_27.15_,4_147_82_86_149_
10:35:49,27.40,4,18074,27.40_27.45_27.50_27.55_27.60_,148_137_469_83_367_,27.35_27.30_27.25_27.20_27.15_,5_161_82_86_152_
10:36:00,27.40,12,18086,27.40_27.45_27.50_27.55_27.60_,147_122_434_84_367_,27.35_27.30_27.25_27.20_27.15_,9_161_82_88_152_
10:36:10,27.40,1,18087,27.40_27.45_27.50_27.55_27.60_,150_122_434_84_367_,27.35_27.30_27.25_27.20_27.15_,25_156_82_87_153_
10:36:20,27.40,11,18098,27.40_27.45_27.50_27.55_27.60_,147_122_434_86_367_,27.35_27.30_27.25_27.20_27.15_,37_156_82_87_153_
10:36:41,27.35,2,18109,27.40_27.45_27.50_27.55_27.60_,168_122_436_86_367_,27.35_27.30_27.25_27.20_27.15_,43_170_82_88_153_
10:36:51,27.35,6,18115,27.40_27.45_27.50_27.55_27.60_,175_122_436_86_367_,27.35_27.30_27.25_27.20_27.15_,56_162_83_88_153_
10:37:01,27.35,12,18177,27.40_27.45_27.50_27.55_27.60_,179_124_436_86_367_,27.35_27.30_27.25_27.20_27.15_,10_162_98_88_153_
10:37:06,27.35,12,18189,27.35_27.40_27.45_27.50_27.55_,46_179_124_436_86_,27.30_27.25_27.20_27.15_27.10_,164_98_86_153_326_
10:37:17,27.35,4,18239,27.35_27.40_27.45_27.50_27.55_,9_157_139_431_74_,27.30_27.25_27.20_27.15_27.10_,165_98_99_150_328_
10:37:47,27.35,8,18257,27.35_27.40_27.45_27.50_27.55_,18_152_136_430_74_,27.30_27.25_27.20_27.15_27.10_,164_98_98_212_328_
10:37:58,27.35,3,18262,27.35_27.40_27.45_27.50_27.55_,26_151_139_430_74_,27.30_27.25_27.20_27.15_27.10_,164_98_99_212_328_
10:38:08,27.35,10,18272,27.35_27.40_27.45_27.50_27.55_,26_151_139_427_74_,27.30_27.25_27.20_27.15_27.10_,166_98_99_212_328_
10:38:18,27.35,5,18279,27.35_27.40_27.45_27.50_27.55_,30_151_139_427_72_,27.30_27.25_27.20_27.15_27.10_,166_98_99_212_328_
10:38:39,27.35,7,18318,27.40_27.45_27.50_27.55_27.60_,151_124_432_83_377_,27.35_27.30_27.25_27.20_27.15_,10_165_98_114_215_
10:39:09,27.35,2,18333,27.40_27.45_27.50_27.55_27.60_,152_129_434_83_368_,27.35_27.30_27.25_27.20_27.15_,16_165_98_114_208_
10:39:20,27.35,9,18353,27.40_27.45_27.50_27.55_27.60_,159_129_434_83_368_,27.35_27.30_27.25_27.20_27.15_,7_165_98_114_208_
10:40:31,27.40,11,18419,27.40_27.45_27.50_27.55_27.60_,120_133_440_85_367_,27.35_27.30_27.25_27.20_27.15_,21_170_104_114_212_
10:40:36,27.40,45,18464,27.40_27.45_27.50_27.55_27.60_,95_138_440_85_367_,27.35_27.30_27.25_27.20_27.15_,21_170_104_114_212_
10:40:47,27.40,6,18480,27.40_27.45_27.50_27.55_27.60_,94_138_439_85_366_,27.35_27.30_27.25_27.20_27.15_,18_171_104_114_212_
10:40:57,27.40,1,18481,27.40_27.45_27.50_27.55_27.60_,97_140_439_85_366_,27.35_27.30_27.25_27.20_27.15_,20_171_104_114_222_
10:41:07,27.35,1,18484,27.40_27.45_27.50_27.55_27.60_,95_147_439_85_366_,27.35_27.30_27.25_27.20_27.15_,21_170_105_114_222_
10:41:17,27.35,1,18484,27.40_27.45_27.50_27.55_27.60_,96_147_439_85_366_,27.35_27.30_27.25_27.20_27.15_,22_170_105_114_222_
10:41:28,27.35,10,18494,27.40_27.45_27.50_27.55_27.60_,98_146_436_85_366_,27.35_27.30_27.25_27.20_27.15_,13_171_105_114_222_
10:41:38,27.35,9,18515,27.40_27.45_27.50_27.55_27.60_,73_144_440_85_366_,27.35_27.30_27.25_27.20_27.15_,10_171_105_114_222_
10:41:58,27.35,5,18555,27.35_27.40_27.45_27.50_27.55_,6_61_158_436_75_,27.30_27.25_27.20_27.15_27.10_,172_104_114_219_328_
10:42:09,27.30,1,18559,27.35_27.40_27.45_27.50_27.55_,7_61_158_433_75_,27.30_27.25_27.20_27.15_27.10_,173_105_114_230_327_
10:42:19,27.35,7,18574,27.35_27.40_27.45_27.50_27.55_,15_56_158_433_75_,27.30_27.25_27.20_27.15_27.10_,175_90_101_219_327_
10:42:29,27.35,18,18593,27.40_27.45_27.50_27.55_27.60_,56_158_419_75_376_,27.35_27.30_27.25_27.20_27.15_,2_177_90_101_229_
10:43:31,27.40,3,18627,27.40_27.45_27.50_27.55_27.60_,61_159_425_84_376_,27.35_27.30_27.25_27.20_27.15_,83_173_105_114_232_
10:43:41,27.40,1,18641,27.40_27.45_27.50_27.55_27.60_,48_159_417_84_376_,27.35_27.30_27.25_27.20_27.15_,76_173_105_114_232_
10:43:46,27.40,10,18651,27.40_27.45_27.50_27.55_27.60_,39_159_418_84_376_,27.35_27.30_27.25_27.20_27.15_,76_179_105_114_232_
10:44:17,27.40,6,18672,27.40_27.45_27.50_27.55_27.60_,28_157_419_84_379_,27.35_27.30_27.25_27.20_27.15_,86_179_105_114_232_
10:44:27,27.40,29,18701,27.45_27.50_27.55_27.60_27.65_,162_404_89_338_135_,27.40_27.35_27.30_27.25_27.20_,28_84_179_105_134_
10:44:58,27.45,1,18713,27.45_27.50_27.55_27.60_27.65_,171_406_89_338_134_,27.40_27.35_27.30_27.25_27.20_,30_525_415_325_121_
10:45:28,27.40,16,18750,27.40_27.45_27.50_27.55_27.60_,4_202_407_90_336_,27.35_27.30_27.25_27.20_27.15_,85_197_105_121_240_
10:45:39,27.40,6,18763,27.45_27.50_27.55_27.60_27.65_,199_408_90_336_135_,27.40_27.35_27.30_27.25_27.20_,9_85_199_105_121_
10:45:49,27.40,10,18773,27.45_27.50_27.55_27.60_27.65_,175_410_90_334_135_,27.40_27.35_27.30_27.25_27.20_,7_85_199_105_122_
10:45:59,27.40,1,18776,27.45_27.50_27.55_27.60_27.65_,178_405_90_336_135_,27.40_27.35_27.30_27.25_27.20_,30_87_199_105_125_
10:46:20,27.40,1,18813,27.40_27.45_27.50_27.55_27.60_,11_205_404_90_336_,27.35_27.30_27.25_27.20_27.15_,87_199_105_124_238_
10:46:30,27.40,6,18835,27.45_27.50_27.55_27.60_27.65_,201_404_90_336_136_,27.40_27.35_27.30_27.25_27.20_,14_88_199_105_124_
10:46:50,27.40,1,18838,27.45_27.50_27.55_27.60_27.65_,188_405_89_336_136_,27.40_27.35_27.30_27.25_27.20_,14_88_199_111_125_
10:47:11,27.40,4,18863,27.40_27.45_27.50_27.55_27.60_,31_181_420_83_326_,27.35_27.30_27.25_27.20_27.15_,87_197_116_142_234_
10:47:31,27.40,6,18871,27.40_27.45_27.50_27.55_27.60_,39_190_408_83_326_,27.35_27.30_27.25_27.20_27.15_,89_197_116_155_234_
10:48:18,27.40,10,18906,27.40_27.45_27.50_27.55_27.60_,7_193_412_84_331_,27.35_27.30_27.25_27.20_27.15_,85_177_104_142_223_
10:48:48,27.40,1,18922,27.45_27.50_27.55_27.60_27.65_,196_402_89_341_136_,27.40_27.35_27.30_27.25_27.20_,18_86_182_104_145_
10:49:09,27.40,2,18926,27.45_27.50_27.55_27.60_27.65_,197_393_89_341_136_,27.40_27.35_27.30_27.25_27.20_,23_85_175_109_145_
10:49:19,27.40,2,18928,27.45_27.50_27.55_27.60_27.65_,197_403_89_341_136_,27.40_27.35_27.30_27.25_27.20_,52_85_175_109_145_
10:49:29,27.40,53,18981,27.40_27.45_27.50_27.55_27.60_,2_197_403_89_341_,27.35_27.30_27.25_27.20_27.15_,55_175_109_145_220_
10:49:40,27.40,2,18985,27.40_27.45_27.50_27.55_27.60_,5_194_418_84_331_,27.35_27.30_27.25_27.20_27.15_,55_175_109_142_223_
10:49:50,27.40,1,18988,27.40_27.45_27.50_27.55_27.60_,11_195_418_84_331_,27.35_27.30_27.25_27.20_27.15_,55_175_109_144_223_
10:50:10,27.40,1,18991,27.40_27.45_27.50_27.55_27.60_,15_193_418_84_331_,27.35_27.30_27.25_27.20_27.15_,56_175_109_144_216_
10:50:31,27.35,3,18996,27.40_27.45_27.50_27.55_27.60_,46_193_418_84_331_,27.35_27.30_27.25_27.20_27.15_,61_175_109_144_216_
10:51:07,27.40,1,19011,27.40_27.45_27.50_27.55_27.60_,18_190_428_84_331_,27.35_27.30_27.25_27.20_27.15_,83_178_99_145_206_
10:51:17,27.40,2,19034,27.45_27.50_27.55_27.60_27.65_,193_413_89_341_136_,27.40_27.35_27.30_27.25_27.20_,2_81_188_99_148_
10:51:37,27.40,3,19043,27.45_27.50_27.55_27.60_27.65_,193_403_79_331_126_,27.40_27.35_27.30_27.25_27.20_,19_80_188_99_147_
10:51:48,27.40,3,19046,27.45_27.50_27.55_27.60_27.65_,205_403_79_331_126_,27.40_27.35_27.30_27.25_27.20_,25_78_185_99_146_
10:52:08,27.45,1,19049,27.45_27.50_27.55_27.60_27.65_,205_384_94_331_121_,27.40_27.35_27.30_27.25_27.20_,26_81_185_99_146_
10:52:18,27.40,2,19051,27.45_27.50_27.55_27.60_27.65_,235_374_94_331_121_,27.40_27.35_27.30_27.25_27.20_,24_81_185_99_146_
10:52:28,27.40,23,19074,27.45_27.50_27.55_27.60_27.65_,237_376_93_334_121_,27.40_27.35_27.30_27.25_27.20_,3_80_185_99_146_
10:52:39,27.45,2,19077,27.45_27.50_27.55_27.60_27.65_,235_378_93_334_121_,27.40_27.35_27.30_27.25_27.20_,45_80_185_99_146_
10:52:49,27.40,45,19124,27.40_27.45_27.50_27.55_27.60_,5_236_380_93_334_,27.35_27.30_27.25_27.20_27.15_,80_182_99_146_202_
10:53:09,27.40,1,19132,27.40_27.45_27.50_27.55_27.60_,14_222_395_88_324_,27.35_27.30_27.25_27.20_27.15_,84_203_99_145_186_
10:53:40,27.45,2,19159,27.45_27.50_27.55_27.60_27.65_,222_394_88_324_121_,27.35_27.30_27.25_27.20_27.15_,92_203_99_131_191_
10:53:51,27.35,1,19161,27.45_27.50_27.55_27.60_27.65_,221_382_93_332_121_,27.35_27.30_27.25_27.20_27.15_,91_203_99_131_191_
10:54:01,27.35,1,19161,27.40_27.45_27.50_27.55_27.60_,7_221_395_88_328_,27.35_27.30_27.25_27.20_27.15_,93_203_99_124_191_
10:54:06,27.40,1,19162,27.40_27.45_27.50_27.55_27.60_,6_219_395_88_328_,27.35_27.30_27.25_27.20_27.15_,96_201_99_124_191_
10:54:16,27.40,1,19162,27.40_27.45_27.50_27.55_27.60_,8_218_395_88_328_,27.35_27.30_27.25_27.20_27.15_,105_201_96_124_191_
10:54:37,27.40,12,19178,27.40_27.45_27.50_27.55_27.60_,4_218_395_88_328_,27.35_27.30_27.25_27.20_27.15_,102_196_91_123_191_
10:54:47,27.40,7,19185,27.40_27.45_27.50_27.55_27.60_,54_229_395_88_328_,27.35_27.30_27.25_27.20_27.15_,103_196_91_123_191_
10:54:57,27.40,57,19242,27.45_27.50_27.55_27.60_27.65_,229_380_93_338_121_,27.40_27.35_27.30_27.25_27.20_,45_103_196_91_127_
10:55:18,27.45,30,19509,27.50_27.55_27.60_27.65_27.70_,380_78_343_131_129_,27.45_27.40_27.35_27.30_27.25_,332_31_92_186_95_
10:55:59,27.50,24,19825,27.50_27.55_27.60_27.65_27.70_,91_80_235_221_149_,27.45_27.40_27.35_27.30_27.25_,350_44_89_187_93_
10:56:19,27.50,4,19929,27.50_27.55_27.60_27.65_27.70_,84_86_236_220_149_,27.45_27.40_27.35_27.30_27.25_,352_48_99_197_93_
10:57:00,27.55,22,20172,27.60_27.65_27.70_27.75_27.80_,235_210_149_195_187_,27.55_27.50_27.45_27.40_27.35_,14_80_356_53_103_
10:57:11,27.55,48,20247,27.55_27.60_27.65_27.70_27.75_,102_247_231_134_185_,27.50_27.45_27.40_27.35_27.30_,91_352_52_99_253_
10:57:21,27.55,23,20283,27.55_27.60_27.65_27.70_27.75_,98_246_230_134_185_,27.50_27.45_27.40_27.35_27.30_,88_352_52_99_262_
10:57:36,27.55,4,20300,27.55_27.60_27.65_27.70_27.75_,100_245_230_137_186_,27.50_27.45_27.40_27.35_27.30_,82_352_55_99_262_
10:57:52,27.55,5,20417,27.60_27.65_27.70_27.75_27.80_,250_230_137_185_187_,27.55_27.50_27.45_27.40_27.35_,7_80_352_55_99_
10:58:07,27.55,23,20477,27.60_27.65_27.70_27.75_27.80_,249_230_118_185_204_,27.55_27.50_27.45_27.40_27.35_,12_79_352_55_99_
10:58:27,27.55,34,20545,27.55_27.60_27.65_27.70_27.75_,5_247_232_116_185_,27.50_27.45_27.40_27.35_27.30_,116_352_57_99_262_
10:58:48,27.55,7,20577,27.60_27.65_27.70_27.75_27.80_,261_232_118_187_204_,27.55_27.50_27.45_27.40_27.35_,31_117_352_59_98_
10:59:08,27.60,45,20756,27.60_27.65_27.70_27.75_27.80_,94_219_127_197_213_,27.55_27.50_27.45_27.40_27.35_,62_106_355_69_92_
10:59:19,27.60,60,20865,27.65_27.70_27.75_27.80_27.85_,219_128_197_212_107_,27.60_27.55_27.50_27.45_27.40_,31_66_117_355_69_
10:59:29,27.60,32,20908,27.65_27.70_27.75_27.80_27.85_,218_113_197_222_107_,27.60_27.55_27.50_27.45_27.40_,72_61_107_354_73_
10:59:39,27.60,18,20963,27.60_27.65_27.70_27.75_27.80_,198_218_128_192_212_,27.55_27.50_27.45_27.40_27.35_,58_107_354_69_102_
10:59:49,27.60,1,20998,27.60_27.65_27.70_27.75_27.80_,137_218_129_192_212_,27.55_27.50_27.45_27.40_27.35_,63_106_354_65_102_
11:00:00,27.55,10,21014,27.60_27.65_27.70_27.75_27.80_,145_219_129_192_212_,27.55_27.50_27.45_27.40_27.35_,70_108_352_65_102_
11:00:10,27.60,3,21031,27.60_27.65_27.70_27.75_27.80_,164_219_129_192_212_,27.55_27.50_27.45_27.40_27.35_,63_102_362_55_102_
11:00:20,27.60,6,21039,27.60_27.65_27.70_27.75_27.80_,163_219_129_192_213_,27.55_27.50_27.45_27.40_27.35_,61_102_362_54_102_
11:00:30,27.60,22,21066,27.60_27.65_27.70_27.75_27.80_,157_219_129_192_213_,27.55_27.50_27.45_27.40_27.35_,63_115_362_54_102_
11:00:41,27.60,5,21081,27.60_27.65_27.70_27.75_27.80_,146_219_130_192_213_,27.55_27.50_27.45_27.40_27.35_,63_116_362_54_113_
11:00:51,27.55,4,21095,27.60_27.65_27.70_27.75_27.80_,149_219_130_192_217_,27.55_27.50_27.45_27.40_27.35_,70_116_362_54_113_
11:01:01,27.60,1,21111,27.60_27.65_27.70_27.75_27.80_,149_219_130_194_218_,27.55_27.50_27.45_27.40_27.35_,68_129_362_54_113_
11:01:16,27.55,2,21123,27.60_27.65_27.70_27.75_27.80_,152_220_131_194_218_,27.55_27.50_27.45_27.40_27.35_,67_144_376_55_113_
11:01:27,27.55,1,21128,27.60_27.65_27.70_27.75_27.80_,154_220_132_196_209_,27.55_27.50_27.45_27.40_27.35_,63_145_376_55_113_
11:02:28,27.55,6,21297,27.55_27.60_27.65_27.70_27.75_,125_124_233_133_186_,27.50_27.45_27.40_27.35_27.30_,106_377_68_127_301_
11:02:49,27.55,31,21393,27.55_27.60_27.65_27.70_27.75_,45_124_233_140_186_,27.50_27.45_27.40_27.35_27.30_,129_376_68_127_305_
11:03:20,27.55,4,21464,27.60_27.65_27.70_27.75_27.80_,110_219_147_196_220_,27.55_27.50_27.45_27.40_27.35_,32_140_372_74_111_
11:03:30,27.55,10,21479,27.60_27.65_27.70_27.75_27.80_,108_219_147_196_220_,27.55_27.50_27.45_27.40_27.35_,25_141_376_74_111_
11:03:40,27.60,10,21499,27.60_27.65_27.70_27.75_27.80_,209_220_147_196_220_,27.55_27.50_27.45_27.40_27.35_,26_142_376_79_111_
11:03:50,27.55,1,21501,27.60_27.65_27.70_27.75_27.80_,230_220_147_196_220_,27.55_27.50_27.45_27.40_27.35_,24_148_376_104_111_
11:04:01,27.55,4,21507,27.60_27.65_27.70_27.75_27.80_,228_221_147_196_220_,27.55_27.50_27.45_27.40_27.35_,28_148_377_104_111_
11:04:21,27.60,2,21524,27.60_27.65_27.70_27.75_27.80_,229_223_147_196_220_,27.55_27.50_27.45_27.40_27.35_,35_148_378_104_111_
11:04:41,27.60,63,21602,27.60_27.65_27.70_27.75_27.80_,178_224_150_196_220_,27.55_27.50_27.45_27.40_27.35_,60_148_378_104_111_
11:04:47,27.60,62,21664,27.60_27.65_27.70_27.75_27.80_,126_224_150_196_220_,27.55_27.50_27.45_27.40_27.35_,65_148_378_104_111_
11:05:02,27.60,4,21676,27.60_27.65_27.70_27.75_27.80_,120_218_150_196_220_,27.55_27.50_27.45_27.40_27.35_,97_163_379_104_111_
11:05:12,27.55,5,21702,27.60_27.65_27.70_27.75_27.80_,130_218_150_196_220_,27.55_27.50_27.45_27.40_27.35_,99_164_379_104_111_
11:05:17,27.55,5,21702,27.60_27.65_27.70_27.75_27.80_,132_216_150_196_220_,27.55_27.50_27.45_27.40_27.35_,101_164_379_104_111_
11:05:28,27.60,20,21764,27.60_27.65_27.70_27.75_27.80_,82_213_150_199_220_,27.55_27.50_27.45_27.40_27.35_,102_165_379_104_109_
11:05:38,27.60,7,21797,27.60_27.65_27.70_27.75_27.80_,49_216_151_199_220_,27.55_27.50_27.45_27.40_27.35_,111_166_379_104_109_
11:05:48,27.60,5,21847,27.65_27.70_27.75_27.80_27.85_,216_151_199_220_105_,27.60_27.55_27.50_27.45_27.40_,10_111_185_379_104_
11:05:58,27.65,101,21950,27.65_27.70_27.75_27.80_27.85_,115_136_205_231_105_,27.60_27.55_27.50_27.45_27.40_,34_129_186_379_95_
11:06:50,27.70,31,22145,27.70_27.75_27.80_27.85_27.90_,78_185_208_115_200_,27.65_27.60_27.55_27.50_27.45_,118_78_123_184_366_
11:07:00,27.70,68,22232,27.75_27.80_27.85_27.90_27.95_,185_206_116_200_76_,27.70_27.65_27.60_27.55_27.50_,39_117_78_123_189_
11:07:10,27.70,29,22320,27.75_27.80_27.85_27.90_27.95_,143_188_121_158_86_,27.70_27.65_27.60_27.55_27.50_,71_120_75_122_188_
11:07:41,27.75,17,22671,27.75_27.80_27.85_27.90_27.95_,13_177_130_149_86_,27.70_27.65_27.60_27.55_27.50_,95_123_28_104_181_
11:07:46,27.75,13,22684,27.80_27.85_27.90_27.95_28.00_,178_130_149_86_364_,27.75_27.70_27.65_27.60_27.55_,40_97_125_28_104_
11:07:57,27.75,65,22782,27.80_27.85_27.90_27.95_28.00_,182_115_154_99_344_,27.75_27.70_27.65_27.60_27.55_,61_93_117_28_108_
11:08:07,27.80,31,22888,27.80_27.85_27.90_27.95_28.00_,156_114_154_104_341_,27.75_27.70_27.65_27.60_27.55_,68_68_68_54_108_
11:08:17,27.75,47,23048,27.80_27.85_27.90_27.95_28.00_,192_113_166_105_344_,27.75_27.70_27.65_27.60_27.55_,16_68_70_62_108_
11:08:37,27.70,36,23221,27.70_27.75_27.80_27.85_27.90_,7_208_194_178_185_,27.65_27.60_27.55_27.50_27.45_,71_68_117_162_41_
11:08:48,27.65,8,23263,27.70_27.75_27.80_27.85_27.90_,34_186_202_173_165_,27.65_27.60_27.55_27.50_27.45_,62_68_117_158_45_
11:08:58,27.70,3,23273,27.70_27.75_27.80_27.85_27.90_,162_86_184_173_165_,27.65_27.60_27.55_27.50_27.45_,58_68_118_189_46_
11:09:08,27.70,30,23303,27.70_27.75_27.80_27.85_27.90_,135_95_182_173_165_,27.65_27.60_27.55_27.50_27.45_,81_68_118_189_46_
11:09:18,27.70,3,23306,27.70_27.75_27.80_27.85_27.90_,131_93_184_183_165_,27.65_27.60_27.55_27.50_27.45_,85_74_118_190_46_
11:09:29,27.65,2,23313,27.70_27.75_27.80_27.85_27.90_,128_107_186_174_165_,27.65_27.60_27.55_27.50_27.45_,89_75_118_190_46_
11:09:49,27.70,25,23364,27.70_27.75_27.80_27.85_27.90_,105_106_186_174_171_,27.65_27.60_27.55_27.50_27.45_,138_85_118_185_46_
11:09:59,27.70,109,23481,27.75_27.80_27.85_27.90_27.95_,106_186_174_171_110_,27.70_27.65_27.60_27.55_27.50_,80_119_85_118_184_
11:10:10,27.75,96,23577,27.80_27.85_27.90_27.95_28.00_,171_179_181_110_328_,27.70_27.65_27.60_27.55_27.50_,141_126_100_118_165_
11:10:20,27.80,2,23585,27.80_27.85_27.90_27.95_28.00_,163_166_206_120_338_,27.75_27.70_27.65_27.60_27.55_,27_132_126_105_122_
11:10:40,27.75,21,23660,27.75_27.80_27.85_27.90_27.95_,1_161_183_187_112_,27.70_27.65_27.60_27.55_27.50_,151_128_103_103_165_
11:10:51,27.75,8,23691,27.75_27.80_27.85_27.90_27.95_,1_168_182_187_112_,27.70_27.65_27.60_27.55_27.50_,152_128_103_118_156_
11:11:01,27.75,10,23709,27.80_27.85_27.90_27.95_28.00_,178_179_193_121_358_,27.75_27.70_27.65_27.60_27.55_,11_158_129_104_118_
11:11:06,27.80,2,23711,27.80_27.85_27.90_27.95_28.00_,193_177_193_123_360_,27.75_27.70_27.65_27.60_27.55_,45_155_128_104_122_
11:11:16,27.75,6,23725,27.80_27.85_27.90_27.95_28.00_,182_176_193_123_361_,27.75_27.70_27.65_27.60_27.55_,32_155_128_107_107_
11:11:27,27.75,8,23733,27.80_27.85_27.90_27.95_28.00_,197_176_194_138_362_,27.75_27.70_27.65_27.60_27.55_,37_159_128_107_107_
11:11:37,27.80,6,23745,27.80_27.85_27.90_27.95_28.00_,200_177_191_138_364_,27.75_27.70_27.65_27.60_27.55_,59_166_128_104_107_
11:12:08,27.80,10,23784,27.80_27.85_27.90_27.95_28.00_,217_177_186_148_364_,27.75_27.70_27.65_27.60_27.55_,86_168_128_104_105_
11:12:18,27.75,6,23798,27.80_27.85_27.90_27.95_28.00_,217_177_186_148_364_,27.75_27.70_27.65_27.60_27.55_,100_168_113_104_105_
11:13:09,27.75,7,24187,27.80_27.85_27.90_27.95_28.00_,77_180_184_159_376_,27.75_27.70_27.65_27.60_27.55_,34_176_143_111_105_
11:13:19,27.80,3,24190,27.80_27.85_27.90_27.95_28.00_,67_181_185_159_376_,27.75_27.70_27.65_27.60_27.55_,36_181_148_111_103_
11:13:30,27.80,61,24266,27.80_27.85_27.90_27.95_28.00_,17_181_187_159_377_,27.75_27.70_27.65_27.60_27.55_,57_185_148_111_103_
11:13:40,27.80,4,24288,27.85_27.90_27.95_28.00_28.05_,181_172_164_392_98_,27.80_27.75_27.70_27.65_27.60_,78_118_183_148_115_
11:14:00,27.80,1,24304,27.85_27.90_27.95_28.00_28.05_,181_165_176_395_98_,27.80_27.75_27.70_27.65_27.60_,87_122_193_148_89_
11:14:11,27.85,5,24313,27.85_27.90_27.95_28.00_28.05_,197_165_176_395_98_,27.80_27.75_27.70_27.65_27.60_,82_109_174_138_89_
11:14:31,27.85,7,24369,27.85_27.90_27.95_28.00_28.05_,163_167_176_397_98_,27.80_27.75_27.70_27.65_27.60_,123_135_174_139_99_
11:14:57,27.80,5,24392,27.85_27.90_27.95_28.00_28.05_,165_167_181_390_98_,27.80_27.75_27.70_27.65_27.60_,306_136_202_190_99_
11:15:07,27.80,10,24402,27.85_27.90_27.95_28.00_28.05_,158_165_171_390_98_,27.80_27.75_27.70_27.65_27.60_,301_136_202_192_99_
11:15:17,27.85,122,24529,27.85_27.90_27.95_28.00_28.05_,34_175_172_395_98_,27.80_27.75_27.70_27.65_27.60_,301_136_202_192_99_
11:15:28,27.85,23,24615,27.90_27.95_28.00_28.05_28.10_,205_172_346_98_193_,27.85_27.80_27.75_27.70_27.65_,17_311_135_230_192_
11:15:38,27.90,101,24730,27.90_27.95_28.00_28.05_28.10_,102_162_332_60_212_,27.85_27.80_27.75_27.70_27.65_,56_307_129_290_145_
11:15:59,27.95,54,24992,27.95_28.00_28.05_28.10_28.15_,43_317_65_225_25_,27.90_27.85_27.80_27.75_27.70_,77_61_295_127_265_
11:16:09,27.95,22,25054,28.00_28.05_28.10_28.15_28.20_,317_90_226_27_137_,27.95_27.90_27.85_27.80_27.75_,64_84_66_294_226_
11:16:19,28.00,323,25404,28.00_28.05_28.10_28.15_28.20_,17_75_229_37_137_,27.95_27.90_27.85_27.80_27.75_,93_73_66_299_284_
11:16:29,28.05,77,25508,28.10_28.15_28.20_28.25_28.30_,182_44_147_20_170_,28.05_28.00_27.95_27.90_27.85_,17_132_93_69_66_
11:16:40,28.10,55,25584,28.10_28.15_28.20_28.25_28.30_,148_28_115_30_224_,28.05_28.00_27.95_27.90_27.85_,67_159_86_68_65_
11:16:50,28.05,34,25634,28.10_28.15_28.20_28.25_28.30_,151_41_114_30_239_,28.05_28.00_27.95_27.90_27.85_,66_148_84_74_52_
11:17:10,28.00,58,25832,28.05_28.10_28.15_28.20_28.25_,154_174_53_112_31_,28.00_27.95_27.90_27.85_27.80_,146_83_64_48_291_
11:17:21,28.05,117,26023,28.05_28.10_28.15_28.20_28.25_,80_175_56_112_33_,28.00_27.95_27.90_27.85_27.80_,123_91_99_48_301_
11:17:41,28.05,30,26145,28.05_28.10_28.15_28.20_28.25_,87_176_64_112_35_,28.00_27.95_27.90_27.85_27.80_,118_127_89_47_292_
11:17:51,28.00,110,26296,28.05_28.10_28.15_28.20_28.25_,100_177_64_112_48_,28.00_27.95_27.90_27.85_27.80_,88_126_94_47_289_
11:18:02,28.00,35,26361,28.05_28.10_28.15_28.20_28.25_,103_158_63_112_48_,28.00_27.95_27.90_27.85_27.80_,58_126_95_53_289_
11:18:07,28.00,61,26422,28.05_28.10_28.15_28.20_28.25_,133_158_63_112_48_,28.00_27.95_27.90_27.85_27.80_,51_126_95_58_289_
11:18:17,28.00,31,26523,28.05_28.10_28.15_28.20_28.25_,139_160_63_132_48_,28.00_27.95_27.90_27.85_27.80_,108_126_96_58_289_
11:18:27,28.00,8,26649,28.00_28.05_28.10_28.15_28.20_,17_194_215_57_122_,27.95_27.90_27.85_27.80_27.75_,136_71_63_285_277_
11:18:37,28.00,11,26678,28.00_28.05_28.10_28.15_28.20_,23_177_256_177_126_,27.95_27.90_27.85_27.80_27.75_,125_71_72_295_277_
11:18:48,27.95,13,26704,28.00_28.05_28.10_28.15_28.20_,57_178_301_178_127_,27.95_27.90_27.85_27.80_27.75_,111_71_72_311_277_
11:19:08,27.90,16,26856,27.95_28.00_28.05_28.10_28.15_,45_177_193_300_168_,27.90_27.85_27.80_27.75_27.70_,42_77_312_273_345_
11:19:39,27.85,30,26977,27.90_27.95_28.00_28.05_28.10_,12_37_212_186_340_,27.85_27.80_27.75_27.70_27.65_,73_112_273_333_218_
11:19:49,27.85,23,27005,27.90_27.95_28.00_28.05_28.10_,18_39_211_183_344_,27.85_27.80_27.75_27.70_27.65_,60_112_282_333_218_
11:20:51,27.90,15,27222,27.90_27.95_28.00_28.05_28.10_,2_38_220_149_359_,27.85_27.80_27.75_27.70_27.65_,68_113_265_349_213_
11:20:56,27.85,20,27242,27.90_27.95_28.00_28.05_28.10_,2_38_220_149_359_,27.85_27.80_27.75_27.70_27.65_,55_133_265_349_213_
11:21:06,27.95,3,27285,27.95_28.00_28.05_28.10_28.15_,32_198_154_367_219_,27.90_27.85_27.80_27.75_27.70_,13_71_133_264_350_
11:21:21,27.90,7,27316,27.90_27.95_28.00_28.05_28.10_,14_31_198_154_369_,27.85_27.80_27.75_27.70_27.65_,92_175_264_345_209_
11:21:26,27.90,3,27319,27.90_27.95_28.00_28.05_28.10_,36_28_213_149_358_,27.85_27.80_27.75_27.70_27.65_,93_184_315_341_214_
11:21:47,27.90,3,27365,27.95_28.00_28.05_28.10_28.15_,32_162_149_366_222_,27.90_27.85_27.80_27.75_27.70_,2_100_189_323_341_
11:21:57,27.90,7,27378,27.95_28.00_28.05_28.10_28.15_,9_147_154_371_222_,27.90_27.85_27.80_27.75_27.70_,6_105_191_325_315_
11:22:07,27.90,4,27388,27.95_28.00_28.05_28.10_28.15_,116_146_155_371_222_,27.90_27.85_27.80_27.75_27.70_,33_105_191_324_315_
11:22:18,27.95,10,27432,27.95_28.00_28.05_28.10_28.15_,124_156_155_372_222_,27.90_27.85_27.80_27.75_27.70_,9_105_191_324_316_
11:22:38,27.95,15,27468,27.95_28.00_28.05_28.10_28.15_,123_164_155_372_222_,27.90_27.85_27.80_27.75_27.70_,4_104_198_318_315_
11:22:48,27.90,7,27485,27.95_28.00_28.05_28.10_28.15_,117_164_155_372_223_,27.90_27.85_27.80_27.75_27.70_,10_104_198_319_305_
11:22:59,27.95,4,27500,27.95_28.00_28.05_28.10_28.15_,118_167_155_372_223_,27.90_27.85_27.80_27.75_27.70_,7_104_208_319_306_
11:23:30,27.85,5,27536,27.90_27.95_28.00_28.05_28.10_,118_53_195_148_378_,27.85_27.80_27.75_27.70_27.65_,107_204_321_302_238_
11:23:50,27.85,20,27559,27.90_27.95_28.00_28.05_28.10_,118_59_194_148_382_,27.85_27.80_27.75_27.70_27.65_,82_206_321_316_238_
11:24:00,27.90,2,27561,27.90_27.95_28.00_28.05_28.10_,117_69_205_148_384_,27.85_27.80_27.75_27.70_27.65_,84_206_321_316_238_
11:24:21,27.90,2,27574,27.90_27.95_28.00_28.05_28.10_,112_78_209_157_399_,27.85_27.80_27.75_27.70_27.65_,90_208_323_316_239_
11:24:26,27.85,3,27577,27.90_27.95_28.00_28.05_28.10_,111_78_209_157_399_,27.85_27.80_27.75_27.70_27.65_,97_208_323_316_239_
11:24:41,27.90,24,27603,27.90_27.95_28.00_28.05_28.10_,94_73_199_157_412_,27.85_27.80_27.75_27.70_27.65_,94_213_323_316_240_
11:24:52,27.90,34,27637,27.90_27.95_28.00_28.05_28.10_,62_74_199_157_418_,27.85_27.80_27.75_27.70_27.65_,94_213_323_311_240_
11:25:02,27.90,9,27652,27.90_27.95_28.00_28.05_28.10_,79_74_200_157_414_,27.85_27.80_27.75_27.70_27.65_,96_213_323_311_240_
11:25:07,27.90,1,27653,27.90_27.95_28.00_28.05_28.10_,81_74_200_157_414_,27.85_27.80_27.75_27.70_27.65_,96_213_323_311_240_
11:26:29,27.90,2,27729,27.90_27.95_28.00_28.05_28.10_,98_93_216_169_408_,27.85_27.80_27.75_27.70_27.65_,117_214_326_310_244_
11:26:39,27.90,1,27732,27.90_27.95_28.00_28.05_28.10_,109_93_223_169_408_,27.85_27.80_27.75_27.70_27.65_,117_214_326_310_244_
11:26:49,27.90,2,27734,27.90_27.95_28.00_28.05_28.10_,105_84_224_169_414_,27.85_27.80_27.75_27.70_27.65_,115_217_326_310_244_
11:27:00,27.85,5,27741,27.90_27.95_28.00_28.05_28.10_,108_82_225_168_415_,27.85_27.80_27.75_27.70_27.65_,113_217_327_310_244_
11:27:10,27.90,30,27771,27.90_27.95_28.00_28.05_28.10_,79_83_216_168_416_,27.85_27.80_27.75_27.70_27.65_,126_227_327_312_244_
11:27:30,27.90,22,27806,27.90_27.95_28.00_28.05_28.10_,54_83_216_167_416_,27.85_27.80_27.75_27.70_27.65_,128_227_337_324_254_
11:27:51,27.95,2,27936,27.95_28.00_28.05_28.10_28.15_,155_217_167_413_221_,27.90_27.85_27.80_27.75_27.70_,4_127_220_329_307_
11:28:01,27.90,5,27945,27.95_28.00_28.05_28.10_28.15_,151_204_172_424_221_,27.90_27.85_27.80_27.75_27.70_,21_129_220_329_311_
11:28:27,27.90,7,27963,27.95_28.00_28.05_28.10_28.15_,152_205_172_425_221_,27.90_27.85_27.80_27.75_27.70_,15_129_225_347_313_
11:28:37,27.90,10,27974,27.95_28.00_28.05_28.10_28.15_,153_203_172_436_221_,27.90_27.85_27.80_27.75_27.70_,15_130_225_347_313_
11:28:57,27.85,5,28001,27.90_27.95_28.00_28.05_28.10_,83_150_218_167_427_,27.85_27.80_27.75_27.70_27.65_,136_226_347_309_259_
11:29:08,27.85,5,28001,27.90_27.95_28.00_28.05_28.10_,84_164_216_167_427_,27.85_27.80_27.75_27.70_27.65_,138_226_347_331_259_
11:29:28,27.85,2,28004,27.90_27.95_28.00_28.05_28.10_,116_146_218_167_427_,27.85_27.80_27.75_27.70_27.65_,141_238_347_331_259_
11:29:38,27.90,22,28029,27.90_27.95_28.00_28.05_28.10_,94_146_218_167_427_,27.85_27.80_27.75_27.70_27.65_,159_238_347_331_259_
11:29:59,27.90,3,28126,27.95_28.00_28.05_28.10_28.15_,146_204_172_437_231_,27.90_27.85_27.80_27.75_27.70_,28_156_238_347_305_
11:30:09,27.90,2,28128,27.95_28.00_28.05_28.10_28.15_,146_204_172_437_231_,27.90_27.85_27.80_27.75_27.70_,39_156_239_347_305_
11:30:19,27.90,1,28170,27.90_27.95_28.00_28.05_28.10_,1_146_217_159_435_,27.85_27.80_27.75_27.70_27.65_,156_239_347_301_259_
11:30:29,27.90,18,28191,27.90_27.95_28.00_28.05_28.10_,25_74_218_167_427_,27.85_27.80_27.75_27.70_27.65_,156_239_347_322_259_
11:30:40,27.90,5,28212,27.90_27.95_28.00_28.05_28.10_,17_74_216_167_427_,27.85_27.80_27.75_27.70_27.65_,156_239_347_322_259_
11:30:50,27.90,3,28216,27.90_27.95_28.00_28.05_28.10_,13_74_218_167_428_,27.85_27.80_27.75_27.70_27.65_,156_239_347_322_260_
11:31:00,27.90,11,28227,27.90_27.95_28.00_28.05_28.10_,45_76_220_167_428_,27.85_27.80_27.75_27.70_27.65_,156_239_347_322_260_
11:31:21,27.95,27,28387,27.95_28.00_28.05_28.10_28.15_,26_208_172_438_231_,27.90_27.85_27.80_27.75_27.70_,9_156_245_347_305_
11:31:41,27.95,1,28388,27.95_28.00_28.05_28.10_28.15_,20_210_172_440_233_,27.90_27.85_27.80_27.75_27.70_,16_155_243_347_245_
11:31:51,27.95,2,28390,27.95_28.00_28.05_28.10_28.15_,20_219_172_440_235_,27.90_27.85_27.80_27.75_27.70_,30_154_243_347_245_
11:31:56,27.95,2,28390,27.95_28.00_28.05_28.10_28.15_,20_219_172_470_240_,27.90_27.85_27.80_27.75_27.70_,32_155_243_347_245_
11:32:07,27.95,1,28391,27.95_28.00_28.05_28.10_28.15_,55_219_172_470_240_,27.90_27.85_27.80_27.75_27.70_,36_155_244_347_245_
11:32:27,27.95,2,28393,27.95_28.00_28.05_28.10_28.15_,78_220_162_481_240_,27.90_27.85_27.80_27.75_27.70_,94_164_244_347_245_
11:32:37,27.95,14,28409,27.95_28.00_28.05_28.10_28.15_,63_222_163_482_240_,27.90_27.85_27.80_27.75_27.70_,94_164_244_347_245_
11:32:48,27.95,23,28447,27.95_28.00_28.05_28.10_28.15_,22_224_163_482_240_,27.90_27.85_27.80_27.75_27.70_,94_164_244_347_245_
11:32:58,27.95,15,28462,27.95_28.00_28.05_28.10_28.15_,21_224_163_482_238_,27.90_27.85_27.80_27.75_27.70_,100_161_244_347_245_
11:33:39,27.90,5,28503,27.95_28.00_28.05_28.10_28.15_,17_232_169_482_240_,27.90_27.85_27.80_27.75_27.70_,120_162_249_347_255_
11:33:49,27.95,2,28512,27.95_28.00_28.05_28.10_28.15_,8_232_165_482_240_,27.90_27.85_27.80_27.75_27.70_,120_154_249_347_255_
11:33:59,27.95,5,28518,27.95_28.00_28.05_28.10_28.15_,3_232_166_492_240_,27.90_27.85_27.80_27.75_27.70_,122_154_249_347_255_
11:34:10,27.95,6,28538,28.00_28.05_28.10_28.15_28.20_,247_151_477_198_155_,27.95_27.90_27.85_27.80_27.75_,24_113_154_244_351_
11:34:20,28.00,4,28542,28.00_28.05_28.10_28.15_28.20_,226_151_477_198_155_,27.95_27.90_27.85_27.80_27.75_,27_113_154_243_334_
11:34:51,27.95,16,28582,28.00_28.05_28.10_28.15_28.20_,229_154_476_199_179_,27.95_27.90_27.85_27.80_27.75_,14_168_153_245_334_
11:34:56,27.95,24,28606,28.00_28.05_28.10_28.15_28.20_,249_154_477_199_179_,27.95_27.90_27.85_27.80_27.75_,16_167_153_245_334_
11:35:16,27.95,17,28639,28.00_28.05_28.10_28.15_28.20_,276_154_477_200_179_,27.95_27.90_27.85_27.80_27.75_,15_167_164_245_334_
11:35:27,28.00,2,28641,28.00_28.05_28.10_28.15_28.20_,277_154_478_200_180_,27.95_27.90_27.85_27.80_27.75_,26_167_164_245_334_
11:35:37,27.95,6,28660,28.00_28.05_28.10_28.15_28.20_,263_156_478_200_180_,27.95_27.90_27.85_27.80_27.75_,50_167_164_245_334_
11:36:18,27.95,4,28740,27.95_28.00_28.05_28.10_28.15_,16_256_165_476_190_,27.90_27.85_27.80_27.75_27.70_,119_164_250_345_263_
11:36:28,27.95,22,28767,27.95_28.00_28.05_28.10_28.15_,45_257_168_476_190_,27.90_27.85_27.80_27.75_27.70_,130_164_250_345_263_
11:36:38,27.95,2,28772,27.95_28.00_28.05_28.10_28.15_,55_261_167_476_190_,27.90_27.85_27.80_27.75_27.70_,128_164_250_345_263_
11:36:49,27.95,2,28775,27.95_28.00_28.05_28.10_28.15_,63_261_167_501_190_,27.90_27.85_27.80_27.75_27.70_,130_164_250_345_263_
11:37:20,27.95,10,28797,27.95_28.00_28.05_28.10_28.15_,63_271_188_486_190_,27.90_27.85_27.80_27.75_27.70_,142_168_240_348_263_
11:37:30,27.95,2,28802,27.95_28.00_28.05_28.10_28.15_,61_271_188_486_190_,27.90_27.85_27.80_27.75_27.70_,139_168_240_348_263_
11:37:50,27.95,1,28826,27.95_28.00_28.05_28.10_28.15_,50_272_187_487_191_,27.90_27.85_27.80_27.75_27.70_,137_158_240_348_263_
11:38:01,27.95,7,28833,27.95_28.00_28.05_28.10_28.15_,52_276_189_490_191_,27.90_27.85_27.80_27.75_27.70_,137_158_240_348_263_
11:38:16,27.95,1,28846,27.95_28.00_28.05_28.10_28.15_,54_282_190_490_192_,27.90_27.85_27.80_27.75_27.70_,127_158_240_348_263_
11:38:26,27.95,7,28853,27.95_28.00_28.05_28.10_28.15_,47_285_190_490_192_,27.90_27.85_27.80_27.75_27.70_,127_158_240_346_263_
11:38:47,27.95,2,28869,27.95_28.00_28.05_28.10_28.15_,50_287_190_490_192_,27.90_27.85_27.80_27.75_27.70_,123_158_240_346_263_
11:39:07,27.90,5,28875,27.95_28.00_28.05_28.10_28.15_,77_297_190_491_192_,27.90_27.85_27.80_27.75_27.70_,121_158_240_346_264_
11:39:22,27.95,1,28876,27.95_28.00_28.05_28.10_28.15_,86_297_191_491_192_,27.90_27.85_27.80_27.75_27.70_,124_158_240_346_264_
11:39:28,27.95,3,28879,27.95_28.00_28.05_28.10_28.15_,83_297_191_491_192_,27.90_27.85_27.80_27.75_27.70_,124_158_240_346_264_
11:39:38,27.95,2,28886,27.95_28.00_28.05_28.10_28.15_,81_297_191_491_192_,27.90_27.85_27.80_27.75_27.70_,116_158_240_346_264_
11:39:58,27.95,3,28894,27.95_28.00_28.05_28.10_28.15_,79_299_190_492_192_,27.90_27.85_27.80_27.75_27.70_,105_158_241_346_264_
11:40:08,27.95,15,28913,27.95_28.00_28.05_28.10_28.15_,112_300_190_493_194_,27.90_27.85_27.80_27.75_27.70_,107_159_241_346_264_
11:40:39,27.95,2,28989,27.95_28.00_28.05_28.10_28.15_,65_310_190_494_195_,27.90_27.85_27.80_27.75_27.70_,42_159_241_346_263_
11:41:00,27.90,13,29022,27.95_28.00_28.05_28.10_28.15_,79_311_195_494_194_,27.90_27.85_27.80_27.75_27.70_,34_159_240_336_263_
11:41:10,27.95,2,29031,27.95_28.00_28.05_28.10_28.15_,87_312_195_494_194_,27.90_27.85_27.80_27.75_27.70_,41_159_240_336_263_
11:41:41,27.95,1,29040,27.95_28.00_28.05_28.10_28.15_,125_309_195_492_196_,27.90_27.85_27.80_27.75_27.70_,52_165_224_322_263_
11:42:01,27.90,2,29059,27.95_28.00_28.05_28.10_28.15_,138_310_195_492_196_,27.90_27.85_27.80_27.75_27.70_,95_182_224_272_263_
11:42:06,27.95,3,29062,27.95_28.00_28.05_28.10_28.15_,135_311_190_492_197_,27.90_27.85_27.80_27.75_27.70_,94_182_248_272_263_
11:42:47,27.90,5,29116,27.95_28.00_28.05_28.10_28.15_,151_331_187_491_198_,27.90_27.85_27.80_27.75_27.70_,95_182_248_296_263_
11:42:58,27.95,16,29134,27.95_28.00_28.05_28.10_28.15_,139_331_187_493_198_,27.90_27.85_27.80_27.75_27.70_,99_182_249_296_263_
11:43:18,27.95,51,29186,27.95_28.00_28.05_28.10_28.15_,98_333_187_493_198_,27.90_27.85_27.80_27.75_27.70_,105_182_249_296_263_
11:43:28,27.95,20,29208,27.95_28.00_28.05_28.10_28.15_,76_336_190_493_208_,27.90_27.85_27.80_27.75_27.70_,107_182_249_296_263_
11:43:44,27.95,5,29222,27.95_28.00_28.05_28.10_28.15_,62_333_190_503_208_,27.90_27.85_27.80_27.75_27.70_,103_182_249_296_263_
11:43:59,27.95,7,29229,27.95_28.00_28.05_28.10_28.15_,60_335_190_503_208_,27.90_27.85_27.80_27.75_27.70_,107_184_249_296_263_
11:44:40,27.95,3,29252,27.95_28.00_28.05_28.10_28.15_,77_356_191_505_208_,27.90_27.85_27.80_27.75_27.70_,112_190_248_298_263_
11:44:51,27.95,3,29333,28.00_28.05_28.10_28.15_28.20_,351_183_510_218_204_,27.95_27.90_27.85_27.80_27.75_,177_111_190_248_302_
11:45:11,28.00,1,29351,28.00_28.05_28.10_28.15_28.20_,354_182_510_216_206_,27.95_27.90_27.85_27.80_27.75_,180_123_188_248_278_
11:45:16,28.00,4,29355,28.00_28.05_28.10_28.15_28.20_,350_182_510_216_206_,27.95_27.90_27.85_27.80_27.75_,190_123_195_248_278_
11:45:26,28.00,10,29367,28.00_28.05_28.10_28.15_28.20_,339_182_510_216_206_,27.95_27.90_27.85_27.80_27.75_,197_117_194_248_278_
11:45:47,28.05,75,29836,28.05_28.10_28.15_28.20_28.25_,39_415_99_216_58_,28.00_27.95_27.90_27.85_27.80_,42_93_138_194_228_
11:46:18,28.20,75,30827,28.20_28.25_28.30_28.35_28.40_,29_64_197_37_111_,28.15_28.10_28.05_28.00_27.95_,29_47_111_143_189_
11:46:28,28.20,85,30960,28.20_28.25_28.30_28.35_28.40_,2_62_187_37_471_,28.15_28.10_28.05_28.00_27.95_,22_46_104_44_89_
11:46:38,28.15,33,31026,28.20_28.25_28.30_28.35_28.40_,15_67_187_37_562_,28.15_28.10_28.05_28.00_27.95_,2_71_104_63_99_
11:47:09,28.15,19,31140,28.15_28.20_28.25_28.30_28.35_,9_33_88_194_65_,28.10_28.05_28.00_27.95_27.90_,82_114_126_93_135_
11:47:19,28.15,17,31183,28.20_28.25_28.30_28.35_28.40_,27_77_197_75_569_,28.15_28.10_28.05_28.00_27.95_,11_82_124_126_97_
11:47:29,28.15,13,31204,28.15_28.20_28.25_28.30_28.35_,7_30_77_197_75_,28.10_28.05_28.00_27.95_27.90_,88_124_117_97_131_
11:47:40,28.20,3,31253,28.20_28.25_28.30_28.35_28.40_,18_76_197_75_569_,28.15_28.10_28.05_28.00_27.95_,1_90_124_118_97_
11:47:50,28.20,11,31271,28.20_28.25_28.30_28.35_28.40_,23_77_179_76_588_,28.15_28.10_28.05_28.00_27.95_,56_95_124_119_97_
11:48:00,28.20,22,31316,28.25_28.30_28.35_28.40_28.45_,91_179_106_591_332_,28.20_28.15_28.10_28.05_28.00_,9_58_96_135_109_
11:48:10,28.20,15,31352,28.20_28.25_28.30_28.35_28.40_,58_93_169_109_550_,28.15_28.10_28.05_28.00_27.95_,69_96_135_114_93_
11:48:26,28.20,33,31395,28.20_28.25_28.30_28.35_28.40_,161_95_180_107_540_,28.15_28.10_28.05_28.00_27.95_,69_99_150_112_107_
11:48:36,28.20,7,31402,28.20_28.25_28.30_28.35_28.40_,159_95_180_110_540_,28.15_28.10_28.05_28.00_27.95_,87_88_117_79_57_
11:48:46,28.15,18,31425,28.20_28.25_28.30_28.35_28.40_,174_95_180_110_540_,28.15_28.10_28.05_28.00_27.95_,80_88_118_89_57_
11:49:07,28.10,2,31577,28.15_28.20_28.25_28.30_28.35_,163_217_104_217_81_,28.10_28.05_28.00_27.95_27.90_,111_117_88_53_151_
11:49:27,28.10,18,31628,28.15_28.20_28.25_28.30_28.35_,236_200_105_217_81_,28.10_28.05_28.00_27.95_27.90_,98_143_127_53_151_
11:49:48,28.10,7,31765,28.15_28.20_28.25_28.30_28.35_,143_198_105_218_81_,28.10_28.05_28.00_27.95_27.90_,96_72_107_79_162_
11:49:58,28.15,11,31794,28.15_28.20_28.25_28.30_28.35_,129_208_105_218_81_,28.10_28.05_28.00_27.95_27.90_,103_72_107_79_162_
11:50:08,28.10,10,31814,28.15_28.20_28.25_28.30_28.35_,143_217_105_221_81_,28.10_28.05_28.00_27.95_27.90_,109_72_107_79_162_
11:50:29,28.10,20,31857,28.15_28.20_28.25_28.30_28.35_,129_209_107_221_81_,28.10_28.05_28.00_27.95_27.90_,103_73_103_89_167_
11:50:49,28.15,141,32074,28.15_28.20_28.25_28.30_28.35_,40_217_109_221_79_,28.10_28.05_28.00_27.95_27.90_,42_83_105_89_212_
11:51:10,28.15,1,32086,28.15_28.20_28.25_28.30_28.35_,43_213_110_224_79_,28.10_28.05_28.00_27.95_27.90_,98_83_105_89_162_
11:51:30,28.20,46,32192,28.20_28.25_28.30_28.35_28.40_,161_99_228_87_537_,28.15_28.10_28.05_28.00_27.95_,95_96_83_105_67_
11:51:40,28.20,4,32260,28.20_28.25_28.30_28.35_28.40_,107_99_238_89_537_,28.15_28.10_28.05_28.00_27.95_,91_111_83_105_67_
11:52:16,28.25,33,32571,28.25_28.30_28.35_28.40_28.45_,9_207_85_549_339_,28.20_28.15_28.10_28.05_28.00_,50_94_106_62_73_
11:52:47,28.20,17,32752,28.25_28.30_28.35_28.40_28.45_,102_207_96_545_329_,28.20_28.15_28.10_28.05_28.00_,8_100_51_47_78_
11:53:07,28.20,19,32789,28.25_28.30_28.35_28.40_28.45_,112_207_101_546_302_,28.20_28.15_28.10_28.05_28.00_,9_106_51_56_89_
11:53:18,28.20,11,32819,28.20_28.25_28.30_28.35_28.40_,46_92_220_98_536_,28.15_28.10_28.05_28.00_27.95_,91_51_56_84_68_
11:53:59,28.20,4,32967,28.25_28.30_28.35_28.40_28.45_,81_220_102_546_302_,28.20_28.15_28.10_28.05_28.00_,20_99_51_56_90_
11:54:19,28.25,10,33017,28.25_28.30_28.35_28.40_28.45_,72_214_102_547_302_,28.20_28.15_28.10_28.05_28.00_,51_90_51_56_91_
11:54:40,28.25,16,33075,28.25_28.30_28.35_28.40_28.45_,86_221_102_547_302_,28.20_28.15_28.10_28.05_28.00_,50_92_51_56_97_
11:55:00,28.25,2,33131,28.25_28.30_28.35_28.40_28.45_,54_220_113_547_302_,28.20_28.15_28.10_28.05_28.00_,82_91_51_56_97_
11:55:11,28.25,20,33167,28.25_28.30_28.35_28.40_28.45_,59_220_118_557_302_,28.20_28.15_28.10_28.05_28.00_,82_91_51_56_97_
11:55:31,28.25,10,33185,28.25_28.30_28.35_28.40_28.45_,77_226_119_557_304_,28.20_28.15_28.10_28.05_28.00_,89_91_51_57_97_
11:55:36,28.25,3,33188,28.25_28.30_28.35_28.40_28.45_,74_226_119_557_304_,28.20_28.15_28.10_28.05_28.00_,89_91_51_57_97_
11:56:27,28.20,13,33270,28.25_28.30_28.35_28.40_28.45_,82_223_121_587_304_,28.20_28.15_28.10_28.05_28.00_,71_81_39_58_158_
11:56:38,28.25,6,33293,28.25_28.30_28.35_28.40_28.45_,61_226_123_587_303_,28.20_28.15_28.10_28.05_28.00_,72_80_61_78_138_
11:56:48,28.20,11,33344,28.25_28.30_28.35_28.40_28.45_,45_227_123_587_303_,28.20_28.15_28.10_28.05_28.00_,66_80_61_78_138_
11:56:58,28.25,2,33348,28.25_28.30_28.35_28.40_28.45_,45_234_113_587_313_,28.20_28.15_28.10_28.05_28.00_,64_80_67_78_138_
11:57:08,28.25,13,33367,28.25_28.30_28.35_28.40_28.45_,32_236_113_587_313_,28.20_28.15_28.10_28.05_28.00_,62_90_83_78_138_
11:57:19,28.25,6,33381,28.25_28.30_28.35_28.40_28.45_,64_237_172_586_312_,28.20_28.15_28.10_28.05_28.00_,64_90_83_78_143_
11:57:29,28.20,10,33406,28.25_28.30_28.35_28.40_28.45_,69_237_172_586_312_,28.20_28.15_28.10_28.05_28.00_,32_91_83_78_143_
11:57:39,28.20,16,33445,28.20_28.25_28.30_28.35_28.40_,12_70_237_172_586_,28.15_28.10_28.05_28.00_27.95_,91_83_78_144_66_
11:57:49,28.20,4,33455,28.20_28.25_28.30_28.35_28.40_,42_70_248_169_577_,28.15_28.10_28.05_28.00_27.95_,89_84_80_139_69_
11:58:00,28.20,4,33455,28.20_28.25_28.30_28.35_28.40_,55_92_246_167_577_,28.15_28.10_28.05_28.00_27.95_,90_84_80_143_69_
11:58:10,28.20,5,33477,28.20_28.25_28.30_28.35_28.40_,45_93_246_167_577_,28.15_28.10_28.05_28.00_27.95_,92_84_80_143_69_
11:58:40,28.10,9,33584,28.15_28.20_28.25_28.30_28.35_,21_51_115_245_156_,28.10_28.05_28.00_27.95_27.90_,75_81_133_65_129_
11:58:45,28.15,5,33589,28.15_28.20_28.25_28.30_28.35_,20_51_114_245_156_,28.10_28.05_28.00_27.95_27.90_,76_81_134_69_129_
11:59:11,28.15,5,33622,28.20_28.25_28.30_28.35_28.40_,76_116_246_156_566_,28.15_28.10_28.05_28.00_27.95_,6_76_82_135_69_
11:59:26,28.15,2,33631,28.20_28.25_28.30_28.35_28.40_,81_105_250_171_564_,28.15_28.10_28.05_28.00_27.95_,7_73_82_135_69_
11:59:57,28.15,1,33654,28.15_28.20_28.25_28.30_28.35_,6_87_114_248_161_,28.10_28.05_28.00_27.95_27.90_,76_82_135_70_139_
12:00:48,28.10,4,33749,28.10_28.15_28.20_28.25_28.30_,8_64_104_110_256_,28.05_28.00_27.95_27.90_27.85_,81_135_73_135_221_
12:00:59,28.05,2,33751,28.10_28.15_28.20_28.25_28.30_,55_64_104_109_256_,28.05_28.00_27.95_27.90_27.85_,82_135_70_139_221_
12:01:09,28.05,2,33754,28.10_28.15_28.20_28.25_28.30_,58_85_105_109_254_,28.05_28.00_27.95_27.90_27.85_,80_138_58_139_221_
12:01:29,28.05,2,33762,28.10_28.15_28.20_28.25_28.30_,57_87_135_109_254_,28.05_28.00_27.95_27.90_27.85_,85_137_58_139_221_
12:01:39,28.10,3,33765,28.10_28.15_28.20_28.25_28.30_,55_85_140_110_254_,28.05_28.00_27.95_27.90_27.85_,84_138_58_139_221_
12:01:50,28.10,2,33772,28.10_28.15_28.20_28.25_28.30_,53_93_142_110_204_,28.05_28.00_27.95_27.90_27.85_,80_140_58_139_221_
12:02:10,28.00,25,33918,28.05_28.10_28.15_28.20_28.25_,46_42_106_137_153_,28.00_27.95_27.90_27.85_27.80_,83_60_139_217_327_
12:02:20,28.00,14,33940,28.05_28.10_28.15_28.20_28.25_,47_40_106_137_153_,28.00_27.95_27.90_27.85_27.80_,65_60_129_222_337_
12:02:31,28.00,7,33950,28.05_28.10_28.15_28.20_28.25_,50_46_106_137_174_,28.00_27.95_27.90_27.85_27.80_,55_58_129_222_337_
12:03:27,28.00,1,34047,28.00_28.05_28.10_28.15_28.20_,23_100_62_60_160_,27.95_27.90_27.85_27.80_27.75_,63_127_219_291_324_
12:03:37,28.00,1,34048,28.00_28.05_28.10_28.15_28.20_,45_85_62_52_160_,27.95_27.90_27.85_27.80_27.75_,74_128_220_291_324_
12:04:08,28.00,14,34121,28.00_28.05_28.10_28.15_28.20_,47_82_63_52_160_,27.95_27.90_27.85_27.80_27.75_,78_128_220_291_324_
12:04:28,28.00,7,34175,28.05_28.10_28.15_28.20_28.25_,82_63_44_160_174_,28.00_27.95_27.90_27.85_27.80_,39_97_128_220_291_
12:04:39,28.00,5,34181,28.05_28.10_28.15_28.20_28.25_,61_48_49_170_174_,28.00_27.95_27.90_27.85_27.80_,53_95_129_220_296_
12:05:09,28.05,13,34244,28.05_28.10_28.15_28.20_28.25_,65_48_51_172_174_,28.00_27.95_27.90_27.85_27.80_,35_87_140_221_297_
12:05:30,28.00,1,34246,28.05_28.10_28.15_28.20_28.25_,68_48_51_175_174_,28.00_27.95_27.90_27.85_27.80_,42_88_142_219_276_
12:05:45,28.05,2,34255,28.05_28.10_28.15_28.20_28.25_,69_63_51_176_176_,28.00_27.95_27.90_27.85_27.80_,57_88_142_219_277_
12:06:01,28.00,7,34263,28.05_28.10_28.15_28.20_28.25_,76_65_51_176_177_,28.00_27.95_27.90_27.85_27.80_,53_88_142_219_277_
12:06:11,28.05,21,34284,28.05_28.10_28.15_28.20_28.25_,56_67_51_178_178_,28.00_27.95_27.90_27.85_27.80_,63_80_142_219_277_
12:06:26,28.00,5,34289,28.05_28.10_28.15_28.20_28.25_,56_67_51_178_178_,28.00_27.95_27.90_27.85_27.80_,63_80_143_219_287_
12:06:37,28.00,1,34290,28.05_28.10_28.15_28.20_28.25_,58_67_51_178_180_,28.00_27.95_27.90_27.85_27.80_,63_132_143_219_287_
12:06:57,28.00,6,34301,28.05_28.10_28.15_28.20_28.25_,64_67_51_179_182_,28.00_27.95_27.90_27.85_27.80_,61_133_143_219_287_
12:07:07,28.05,10,34312,28.05_28.10_28.15_28.20_28.25_,56_77_51_179_182_,28.00_27.95_27.90_27.85_27.80_,65_133_143_219_287_
12:07:18,28.05,2,34314,28.05_28.10_28.15_28.20_28.25_,56_77_51_179_182_,28.00_27.95_27.90_27.85_27.80_,68_131_143_219_287_
12:07:38,28.05,7,34329,28.05_28.10_28.15_28.20_28.25_,50_75_51_179_182_,28.00_27.95_27.90_27.85_27.80_,72_131_141_219_287_
12:07:48,28.05,15,34346,28.05_28.10_28.15_28.20_28.25_,33_75_51_179_182_,28.00_27.95_27.90_27.85_27.80_,81_131_141_219_287_
12:07:58,28.00,4,34351,28.05_28.10_28.15_28.20_28.25_,33_76_51_184_182_,28.00_27.95_27.90_27.85_27.80_,76_131_141_219_275_
12:08:29,28.00,23,34375,28.05_28.10_28.15_28.20_28.25_,35_77_53_188_183_,28.00_27.95_27.90_27.85_27.80_,69_130_141_219_275_
12:09:10,28.00,10,34439,28.05_28.10_28.15_28.20_28.25_,47_77_68_179_183_,28.00_27.95_27.90_27.85_27.80_,15_81_141_219_275_
12:09:20,28.00,8,34450,28.05_28.10_28.15_28.20_28.25_,45_77_68_179_183_,28.00_27.95_27.90_27.85_27.80_,4_81_141_219_275_
12:09:40,28.00,3,34460,28.05_28.10_28.15_28.20_28.25_,50_75_68_179_183_,28.00_27.95_27.90_27.85_27.80_,8_84_146_219_275_
12:09:51,27.95,15,34476,28.00_28.05_28.10_28.15_28.20_,1_50_75_118_187_,27.95_27.90_27.85_27.80_27.75_,76_146_219_275_319_
12:10:01,28.00,3,34479,28.00_28.05_28.10_28.15_28.20_,14_43_89_108_177_,27.95_27.90_27.85_27.80_27.75_,77_146_219_270_323_
12:10:11,27.95,76,34555,28.00_28.05_28.10_28.15_28.20_,47_31_89_108_187_,27.95_27.90_27.85_27.80_27.75_,23_195_219_270_323_
12:10:47,27.95,6,34603,27.95_28.00_28.05_28.10_28.15_,61_31_68_85_98_,27.90_27.85_27.80_27.75_27.70_,128_229_249_266_304_
12:11:07,27.95,1,34637,27.95_28.00_28.05_28.10_28.15_,61_29_81_85_98_,27.90_27.85_27.80_27.75_27.70_,113_232_252_266_304_
12:11:28,27.95,15,34675,27.95_28.00_28.05_28.10_28.15_,33_31_46_85_96_,27.90_27.85_27.80_27.75_27.70_,162_232_252_271_304_
12:11:38,27.95,4,34687,27.95_28.00_28.05_28.10_28.15_,21_34_46_86_96_,27.90_27.85_27.80_27.75_27.70_,160_232_252_271_304_
12:12:09,28.00,3,34716,28.00_28.05_28.10_28.15_28.20_,39_32_61_106_199_,27.95_27.90_27.85_27.80_27.75_,27_158_231_252_272_
12:12:19,28.00,2,34729,28.00_28.05_28.10_28.15_28.20_,28_52_61_106_199_,27.95_27.90_27.85_27.80_27.75_,55_158_221_252_272_
12:12:29,27.95,1,34730,28.00_28.05_28.10_28.15_28.20_,37_48_67_107_199_,27.95_27.90_27.85_27.80_27.75_,111_108_221_251_271_
12:12:50,28.00,4,34744,28.00_28.05_28.10_28.15_28.20_,109_48_67_107_209_,27.95_27.90_27.85_27.80_27.75_,58_102_221_251_277_
12:13:00,28.00,4,34748,28.00_28.05_28.10_28.15_28.20_,129_48_167_107_209_,27.95_27.90_27.85_27.80_27.75_,46_110_221_251_277_
12:13:11,28.00,2,34750,28.00_28.05_28.10_28.15_28.20_,125_48_167_107_209_,27.95_27.90_27.85_27.80_27.75_,46_111_221_256_277_
12:13:31,28.00,1,34785,28.00_28.05_28.10_28.15_28.20_,123_47_168_107_210_,27.95_27.90_27.85_27.80_27.75_,19_115_221_256_277_
12:13:36,27.95,2,34787,28.00_28.05_28.10_28.15_28.20_,127_47_168_107_210_,27.95_27.90_27.85_27.80_27.75_,15_166_220_256_277_
12:13:52,27.95,2,34803,28.00_28.05_28.10_28.15_28.20_,117_47_168_107_211_,27.95_27.90_27.85_27.80_27.75_,13_161_220_256_277_
12:14:17,28.00,4,34809,28.00_28.05_28.10_28.15_28.20_,112_47_175_107_217_,27.95_27.90_27.85_27.80_27.75_,22_163_222_256_277_
12:14:27,28.00,1,34812,28.00_28.05_28.10_28.15_28.20_,83_47_175_106_217_,27.95_27.90_27.85_27.80_27.75_,23_163_222_256_277_
12:14:38,28.00,2,34815,28.00_28.05_28.10_28.15_28.20_,82_49_175_106_217_,27.95_27.90_27.85_27.80_27.75_,20_163_222_256_277_
12:14:48,27.95,7,34842,27.95_28.00_28.05_28.10_28.15_,8_83_64_171_96_,27.90_27.85_27.80_27.75_27.70_,116_223_256_273_304_
12:15:09,27.95,3,34854,27.95_28.00_28.05_28.10_28.15_,30_65_62_171_96_,27.90_27.85_27.80_27.75_27.70_,121_223_256_277_304_
12:15:29,27.95,5,34879,28.00_28.05_28.10_28.15_28.20_,96_42_176_106_219_,27.95_27.90_27.85_27.80_27.75_,15_121_223_260_281_
12:15:39,28.00,2,34891,28.00_28.05_28.10_28.15_28.20_,101_42_176_106_219_,27.95_27.90_27.85_27.80_27.75_,5_121_223_260_280_
12:16:00,28.00,1,34899,28.00_28.05_28.10_28.15_28.20_,103_42_176_106_219_,27.95_27.90_27.85_27.80_27.75_,12_121_222_260_280_
12:16:10,27.95,1,34907,28.00_28.05_28.10_28.15_28.20_,105_42_176_106_219_,27.95_27.90_27.85_27.80_27.75_,5_121_222_260_280_
12:16:20,28.00,4,34911,28.00_28.05_28.10_28.15_28.20_,108_42_176_106_216_,27.95_27.90_27.85_27.80_27.75_,25_121_222_260_280_
12:16:30,27.95,2,34914,28.00_28.05_28.10_28.15_28.20_,111_44_176_106_218_,27.95_27.90_27.85_27.80_27.75_,24_121_222_260_280_
12:16:41,28.00,2,34916,28.00_28.05_28.10_28.15_28.20_,112_44_176_106_218_,27.95_27.90_27.85_27.80_27.75_,25_121_222_260_280_
12:16:51,28.00,2,34918,28.00_28.05_28.10_28.15_28.20_,112_46_177_106_219_,27.95_27.90_27.85_27.80_27.75_,36_121_222_260_280_
12:17:11,27.95,10,34928,28.00_28.05_28.10_28.15_28.20_,113_46_177_106_219_,27.95_27.90_27.85_27.80_27.75_,30_119_218_258_277_
12:17:27,27.95,1,34932,28.00_28.05_28.10_28.15_28.20_,117_56_177_106_219_,27.95_27.90_27.85_27.80_27.75_,27_174_218_258_277_
12:17:37,28.00,2,34936,28.00_28.05_28.10_28.15_28.20_,116_56_177_106_219_,27.95_27.90_27.85_27.80_27.75_,29_172_222_259_277_
12:17:58,28.00,2,34941,28.00_28.05_28.10_28.15_28.20_,117_56_177_106_239_,27.95_27.90_27.85_27.80_27.75_,32_166_222_262_277_
12:18:49,28.00,91,35055,28.00_28.05_28.10_28.15_28.20_,32_54_178_106_259_,27.95_27.90_27.85_27.80_27.75_,28_166_222_266_277_
12:18:59,28.00,91,35055,28.00_28.05_28.10_28.15_28.20_,33_56_178_106_259_,27.95_27.90_27.85_27.80_27.75_,30_166_222_266_277_
12:19:09,28.00,91,35055,28.00_28.05_28.10_28.15_28.20_,36_56_178_106_261_,27.95_27.90_27.85_27.80_27.75_,31_166_223_266_277_
12:19:19,28.00,12,35070,28.00_28.05_28.10_28.15_28.20_,23_43_177_106_261_,27.95_27.90_27.85_27.80_27.75_,82_231_223_267_277_
12:19:30,28.00,10,35087,28.00_28.05_28.10_28.15_28.20_,23_43_162_106_261_,27.95_27.90_27.85_27.80_27.75_,82_231_223_267_277_
12:19:50,28.00,2,35126,28.05_28.10_28.15_28.20_28.25_,43_148_111_271_253_,28.00_27.95_27.90_27.85_27.80_,5_96_231_218_288_
12:20:00,28.05,1,35127,28.05_28.10_28.15_28.20_28.25_,47_148_111_271_253_,28.00_27.95_27.90_27.85_27.80_,11_96_182_218_288_
12:20:21,28.00,5,35145,28.05_28.10_28.15_28.20_28.25_,44_168_98_276_253_,27.95_27.90_27.85_27.80_27.75_,170_182_218_284_277_
12:20:26,28.05,2,35147,28.05_28.10_28.15_28.20_28.25_,43_168_98_277_253_,27.95_27.90_27.85_27.80_27.75_,170_182_218_284_277_
12:20:41,28.00,3,35151,28.05_28.10_28.15_28.20_28.25_,44_176_98_277_254_,28.00_27.95_27.90_27.85_27.80_,4_170_182_218_284_
12:20:57,28.00,6,35158,28.05_28.10_28.15_28.20_28.25_,46_161_113_280_254_,28.00_27.95_27.90_27.85_27.80_,7_120_181_218_289_
12:21:07,28.00,1,35160,28.05_28.10_28.15_28.20_28.25_,46_162_113_278_254_,28.00_27.95_27.90_27.85_27.80_,15_122_182_218_288_
12:21:17,28.00,2,35163,28.05_28.10_28.15_28.20_28.25_,47_162_113_278_254_,28.00_27.95_27.90_27.85_27.80_,14_168_188_218_288_
12:21:27,28.05,10,35173,28.05_28.10_28.15_28.20_28.25_,41_163_113_278_254_,28.00_27.95_27.90_27.85_27.80_,34_168_188_218_288_
12:21:48,28.00,20,35207,28.05_28.10_28.15_28.20_28.25_,43_165_113_278_254_,28.00_27.95_27.90_27.85_27.80_,10_170_188_218_288_
12:22:09,28.05,5,35213,28.05_28.10_28.15_28.20_28.25_,75_167_114_275_254_,28.00_27.95_27.90_27.85_27.80_,36_170_188_218_288_
12:22:19,28.05,5,35213,28.05_28.10_28.15_28.20_28.25_,76_167_114_275_254_,28.00_27.95_27.90_27.85_27.80_,42_170_188_218_288_
12:23:00,28.05,2,35263,28.05_28.10_28.15_28.20_28.25_,71_166_125_274_257_,28.00_27.95_27.90_27.85_27.80_,39_170_188_218_288_
12:23:20,28.00,5,35269,28.05_28.10_28.15_28.20_28.25_,79_203_124_274_258_,28.00_27.95_27.90_27.85_27.80_,36_170_188_218_288_
12:23:41,28.05,7,35299,28.05_28.10_28.15_28.20_28.25_,66_207_114_274_268_,28.00_27.95_27.90_27.85_27.80_,33_169_184_214_288_
12:24:07,28.05,3,35313,28.05_28.10_28.15_28.20_28.25_,61_207_119_276_268_,28.00_27.95_27.90_27.85_27.80_,45_172_183_214_288_
12:24:17,28.00,2,35319,28.05_28.10_28.15_28.20_28.25_,59_212_119_276_269_,28.00_27.95_27.90_27.85_27.80_,50_172_188_214_288_
12:24:48,28.05,6,35343,28.05_28.10_28.15_28.20_28.25_,56_227_119_276_268_,28.00_27.95_27.90_27.85_27.80_,40_171_194_213_288_
12:24:58,28.00,6,35349,28.05_28.10_28.15_28.20_28.25_,57_227_120_276_282_,28.00_27.95_27.90_27.85_27.80_,34_171_194_213_288_
12:25:29,28.05,2,35354,28.05_28.10_28.15_28.20_28.25_,86_227_140_277_282_,28.00_27.95_27.90_27.85_27.80_,81_172_194_213_288_
12:25:39,28.05,42,35398,28.05_28.10_28.15_28.20_28.25_,43_227_140_277_282_,28.00_27.95_27.90_27.85_27.80_,82_173_194_213_288_
12:26:30,28.05,1,35417,28.05_28.10_28.15_28.20_28.25_,42_228_141_283_286_,28.00_27.95_27.90_27.85_27.80_,63_174_198_214_288_
12:26:41,28.05,5,35424,28.05_28.10_28.15_28.20_28.25_,36_228_141_283_286_,28.00_27.95_27.90_27.85_27.80_,62_174_198_214_288_
12:26:56,28.05,2,35432,28.05_28.10_28.15_28.20_28.25_,35_232_143_283_286_,28.00_27.95_27.90_27.85_27.80_,62_124_197_214_288_
12:27:06,28.05,2,35432,28.05_28.10_28.15_28.20_28.25_,35_232_134_283_286_,28.00_27.95_27.90_27.85_27.80_,66_123_197_214_288_
12:27:16,28.05,1,35433,28.05_28.10_28.15_28.20_28.25_,38_242_134_283_286_,28.00_27.95_27.90_27.85_27.80_,83_123_194_214_288_
12:27:42,28.10,5,35479,28.10_28.15_28.20_28.25_28.30_,236_124_267_242_152_,28.05_28.00_27.95_27.90_27.85_,26_79_123_194_214_
12:27:47,28.10,12,35491,28.10_28.15_28.20_28.25_28.30_,226_124_268_242_152_,28.05_28.00_27.95_27.90_27.85_,33_75_120_194_214_
12:27:57,28.10,2,35494,28.10_28.15_28.20_28.25_28.30_,227_124_268_242_152_,28.05_28.00_27.95_27.90_27.85_,33_76_120_193_214_
12:28:18,28.10,2,35496,28.10_28.15_28.20_28.25_28.30_,226_124_270_242_152_,28.05_28.00_27.95_27.90_27.85_,27_113_119_193_214_
12:28:28,28.10,2,35498,28.10_28.15_28.20_28.25_28.30_,225_124_270_243_152_,28.05_28.00_27.95_27.90_27.85_,27_116_119_193_214_
12:28:38,28.10,6,35507,28.10_28.15_28.20_28.25_28.30_,216_124_271_243_152_,28.05_28.00_27.95_27.90_27.85_,25_116_119_193_214_
12:29:09,28.05,1,35517,28.10_28.15_28.20_28.25_28.30_,219_122_270_246_152_,28.05_28.00_27.95_27.90_27.85_,26_121_118_193_214_
12:29:30,28.05,1,35523,28.10_28.15_28.20_28.25_28.30_,225_122_269_251_154_,28.05_28.00_27.95_27.90_27.85_,25_123_121_193_215_
12:29:40,28.10,2,35525,28.10_28.15_28.20_28.25_28.30_,225_122_270_251_154_,28.05_28.00_27.95_27.90_27.85_,23_123_121_193_215_
12:29:50,28.10,1,35526,28.10_28.15_28.20_28.25_28.30_,228_124_270_251_154_,28.05_28.00_27.95_27.90_27.85_,24_123_121_193_215_
12:30:00,28.05,6,35535,28.10_28.15_28.20_28.25_28.30_,237_124_270_251_154_,28.05_28.00_27.95_27.90_27.85_,23_123_121_193_215_
12:30:05,28.10,2,35537,28.10_28.15_28.20_28.25_28.30_,241_124_270_251_154_,28.05_28.00_27.95_27.90_27.85_,20_120_116_188_215_
12:30:31,28.05,1,35542,28.10_28.15_28.20_28.25_28.30_,242_134_266_256_156_,28.05_28.00_27.95_27.90_27.85_,19_120_117_188_214_
12:30:46,28.05,8,35563,28.10_28.15_28.20_28.25_28.30_,265_134_265_255_156_,28.00_27.95_27.90_27.85_27.80_,127_117_188_214_283_
12:30:57,28.00,1,35565,28.10_28.15_28.20_28.25_28.30_,265_150_252_253_156_,28.00_27.95_27.90_27.85_27.80_,126_118_188_210_288_
12:31:27,28.10,4,35604,28.10_28.15_28.20_28.25_28.30_,252_153_242_254_156_,28.00_27.95_27.90_27.85_27.80_,115_117_187_210_288_
12:31:37,28.10,4,35624,28.10_28.15_28.20_28.25_28.30_,233_154_242_254_156_,28.00_27.95_27.90_27.85_27.80_,94_117_187_210_288_
12:31:43,28.00,1,35625,28.10_28.15_28.20_28.25_28.30_,233_154_242_254_151_,28.00_27.95_27.90_27.85_27.80_,93_117_187_210_288_
12:32:08,28.10,1,35627,28.10_28.15_28.20_28.25_28.30_,233_153_244_254_151_,28.00_27.95_27.90_27.85_27.80_,96_167_189_210_288_
12:32:39,28.10,2,35643,28.10_28.15_28.20_28.25_28.30_,238_160_244_254_151_,28.00_27.95_27.90_27.85_27.80_,93_174_189_210_289_
12:32:49,28.00,2,35647,28.10_28.15_28.20_28.25_28.30_,237_162_244_254_151_,28.00_27.95_27.90_27.85_27.80_,96_168_189_210_289_
12:32:59,28.10,20,35667,28.10_28.15_28.20_28.25_28.30_,218_162_244_252_151_,28.00_27.95_27.90_27.85_27.80_,100_169_189_210_289_
12:33:10,28.05,1,35668,28.05_28.10_28.15_28.20_28.25_,20_197_162_244_252_,28.00_27.95_27.90_27.85_27.80_,100_169_189_210_289_
12:33:20,28.05,7,35722,28.05_28.10_28.15_28.20_28.25_,8_174_142_257_254_,28.00_27.95_27.90_27.85_27.80_,98_169_189_214_285_
12:34:01,28.05,7,35757,28.10_28.15_28.20_28.25_28.30_,181_155_260_254_165_,28.05_28.00_27.95_27.90_27.85_,35_150_118_184_214_
12:34:16,28.05,22,35811,28.05_28.10_28.15_28.20_28.25_,98_230_155_260_254_,28.00_27.95_27.90_27.85_27.80_,150_118_184_214_285_
12:34:27,28.05,27,35838,28.05_28.10_28.15_28.20_28.25_,82_228_168_256_244_,28.00_27.95_27.90_27.85_27.80_,99_118_184_210_289_
12:34:37,28.05,12,35850,28.05_28.10_28.15_28.20_28.25_,76_228_168_256_244_,28.00_27.95_27.90_27.85_27.80_,99_118_184_210_289_
12:34:47,28.05,3,35863,28.05_28.10_28.15_28.20_28.25_,69_223_168_256_244_,28.00_27.95_27.90_27.85_27.80_,100_118_184_210_290_
12:34:57,28.05,2,35870,28.05_28.10_28.15_28.20_28.25_,69_223_168_256_244_,28.00_27.95_27.90_27.85_27.80_,100_168_184_210_290_
12:35:18,28.05,3,35877,28.05_28.10_28.15_28.20_28.25_,74_240_168_256_244_,28.00_27.95_27.90_27.85_27.80_,104_169_187_210_290_
12:35:38,28.05,12,35901,28.05_28.10_28.15_28.20_28.25_,56_246_172_256_244_,28.00_27.95_27.90_27.85_27.80_,104_169_187_210_290_
12:35:59,28.05,20,35924,28.05_28.10_28.15_28.20_28.25_,36_247_172_258_243_,28.00_27.95_27.90_27.85_27.80_,114_169_189_210_290_
12:36:09,28.05,1,35927,28.05_28.10_28.15_28.20_28.25_,36_247_172_258_243_,28.00_27.95_27.90_27.85_27.80_,117_169_189_210_292_
12:36:30,28.05,13,35954,28.05_28.10_28.15_28.20_28.25_,18_246_172_258_243_,28.00_27.95_27.90_27.85_27.80_,167_118_189_210_292_
12:36:40,28.05,2,35974,28.10_28.15_28.20_28.25_28.30_,229_157_263_253_165_,28.05_28.00_27.95_27.90_27.85_,22_164_118_191_215_
12:36:50,28.10,2,35976,28.10_28.15_28.20_28.25_28.30_,227_157_263_253_165_,28.05_28.00_27.95_27.90_27.85_,25_166_118_191_215_
12:37:11,28.10,120,36098,28.10_28.15_28.20_28.25_28.30_,110_157_263_253_165_,28.05_28.00_27.95_27.90_27.85_,75_166_117_192_215_
12:37:21,28.10,9,36109,28.10_28.15_28.20_28.25_28.30_,111_157_263_253_165_,28.05_28.00_27.95_27.90_27.85_,75_164_117_192_215_
12:37:31,28.10,1,36113,28.10_28.15_28.20_28.25_28.30_,108_158_263_253_165_,28.05_28.00_27.95_27.90_27.85_,58_115_117_192_215_
12:37:37,28.10,8,36121,28.10_28.15_28.20_28.25_28.30_,100_158_265_253_165_,28.05_28.00_27.95_27.90_27.85_,113_115_111_192_215_
12:37:47,28.10,2,36123,28.10_28.15_28.20_28.25_28.30_,101_158_265_257_165_,28.05_28.00_27.95_27.90_27.85_,117_117_111_192_209_
12:37:57,28.05,1,36125,28.10_28.15_28.20_28.25_28.30_,99_167_265_257_165_,28.05_28.00_27.95_27.90_27.85_,66_117_111_192_209_
12:38:07,28.10,2,36127,28.10_28.15_28.20_28.25_28.30_,97_167_265_257_165_,28.05_28.00_27.95_27.90_27.85_,75_117_111_190_209_
12:38:17,28.10,2,36127,28.10_28.15_28.20_28.25_28.30_,101_167_265_257_165_,28.05_28.00_27.95_27.90_27.85_,76_167_111_190_209_
12:38:48,28.10,7,36149,28.10_28.15_28.20_28.25_28.30_,80_169_263_258_165_,28.05_28.00_27.95_27.90_27.85_,73_167_112_190_209_
12:39:19,28.05,1,36167,28.10_28.15_28.20_28.25_28.30_,84_167_261_260_165_,28.05_28.00_27.95_27.90_27.85_,61_167_111_191_209_
12:39:39,28.10,12,36187,28.10_28.15_28.20_28.25_28.30_,90_187_264_258_166_,28.05_28.00_27.95_27.90_27.85_,53_168_111_191_209_
12:39:50,28.10,12,36187,28.10_28.15_28.20_28.25_28.30_,91_189_264_258_166_,28.05_28.00_27.95_27.90_27.85_,53_168_111_191_209_
12:40:30,28.05,1,36201,28.10_28.15_28.20_28.25_28.30_,79_194_263_258_166_,28.05_28.00_27.95_27.90_27.85_,58_168_111_191_209_
12:40:41,28.10,2,36203,28.10_28.15_28.20_28.25_28.30_,91_194_263_258_167_,28.05_28.00_27.95_27.90_27.85_,57_168_112_191_209_
12:40:51,28.10,1,36207,28.10_28.15_28.20_28.25_28.30_,90_192_263_258_165_,28.05_28.00_27.95_27.90_27.85_,58_151_112_191_209_
12:40:56,28.10,1,36208,28.10_28.15_28.20_28.25_28.30_,89_192_263_258_165_,28.05_28.00_27.95_27.90_27.85_,58_151_112_191_209_
12:41:06,28.10,1,36208,28.10_28.15_28.20_28.25_28.30_,78_192_263_258_165_,28.05_28.00_27.95_27.90_27.85_,58_151_112_191_209_
12:41:27,28.10,2,36223,28.10_28.15_28.20_28.25_28.30_,140_192_263_261_164_,28.05_28.00_27.95_27.90_27.85_,59_150_112_191_209_
12:41:47,28.05,1,36231,28.10_28.15_28.20_28.25_28.30_,138_202_273_271_164_,28.05_28.00_27.95_27.90_27.85_,56_151_112_191_209_
12:42:18,28.10,2,36293,28.10_28.15_28.20_28.25_28.30_,157_219_260_268_189_,28.00_27.95_27.90_27.85_27.80_,111_105_199_204_296_
12:42:28,28.00,10,36303,28.10_28.15_28.20_28.25_28.30_,182_219_275_268_189_,28.00_27.95_27.90_27.85_27.80_,109_107_199_204_296_
12:42:39,28.10,1,36314,28.10_28.15_28.20_28.25_28.30_,181_219_275_269_189_,28.00_27.95_27.90_27.85_27.80_,104_107_199_204_293_
12:42:59,28.05,1,36315,28.10_28.15_28.20_28.25_28.30_,190_237_288_271_189_,28.00_27.95_27.90_27.85_27.80_,104_107_200_208_288_
12:43:20,28.05,5,36328,28.05_28.10_28.15_28.20_28.25_,48_133_248_283_261_,28.00_27.95_27.90_27.85_27.80_,104_107_200_204_292_
12:43:40,28.00,24,36353,28.05_28.10_28.15_28.20_28.25_,61_112_247_282_261_,28.00_27.95_27.90_27.85_27.80_,81_107_200_204_292_
12:43:51,28.00,23,36389,28.05_28.10_28.15_28.20_28.25_,85_109_248_281_261_,28.00_27.95_27.90_27.85_27.80_,60_107_200_204_292_
12:44:01,28.05,1,36396,28.05_28.10_28.15_28.20_28.25_,86_108_248_281_261_,28.00_27.95_27.90_27.85_27.80_,57_107_200_204_292_
12:44:06,28.05,1,36397,28.05_28.10_28.15_28.20_28.25_,105_107_248_281_261_,28.00_27.95_27.90_27.85_27.80_,56_107_200_204_292_
12:44:26,28.00,10,36409,28.05_28.10_28.15_28.20_28.25_,113_104_248_280_256_,28.00_27.95_27.90_27.85_27.80_,53_108_201_204_292_
12:44:57,27.95,11,36477,28.00_28.05_28.10_28.15_28.20_,97_51_119_243_289_,27.95_27.90_27.85_27.80_27.75_,100_201_204_289_321_
12:45:07,27.95,10,36491,28.00_28.05_28.10_28.15_28.20_,105_50_126_242_289_,27.95_27.90_27.85_27.80_27.75_,90_201_204_289_321_
12:45:28,27.95,5,36507,28.00_28.05_28.10_28.15_28.20_,104_35_114_241_287_,27.95_27.90_27.85_27.80_27.75_,94_193_204_279_321_
12:45:38,27.95,60,36578,28.00_28.05_28.10_28.15_28.20_,105_34_119_241_279_,27.95_27.90_27.85_27.80_27.75_,27_193_204_279_321_
12:45:59,27.90,1,36667,27.95_28.00_28.05_28.10_28.15_,149_33_30_116_231_,27.90_27.85_27.80_27.75_27.70_,137_203_272_264_307_
12:46:09,27.90,53,36736,27.95_28.00_28.05_28.10_28.15_,129_55_30_118_231_,27.90_27.85_27.80_27.75_27.70_,67_209_272_265_309_
12:46:19,27.90,31,36807,27.90_27.95_28.00_28.05_28.10_,10_136_52_43_117_,27.85_27.80_27.75_27.70_27.65_,209_273_265_309_177_
12:46:29,27.90,26,36833,27.90_27.95_28.00_28.05_28.10_,90_83_66_38_124_,27.85_27.80_27.75_27.70_27.65_,208_277_268_305_181_
12:46:40,27.90,1,36840,27.90_27.95_28.00_28.05_28.10_,105_77_66_40_150_,27.85_27.80_27.75_27.70_27.65_,113_277_268_305_181_
12:47:00,27.90,3,36853,27.90_27.95_28.00_28.05_28.10_,99_49_66_35_149_,27.85_27.80_27.75_27.70_27.65_,120_277_270_305_181_
12:47:16,27.85,9,36888,27.90_27.95_28.00_28.05_28.10_,119_49_66_35_160_,27.85_27.80_27.75_27.70_27.65_,89_272_270_311_181_
12:47:26,27.85,3,36899,27.90_27.95_28.00_28.05_28.10_,119_34_66_39_165_,27.85_27.80_27.75_27.70_27.65_,97_277_274_315_185_
12:47:46,27.85,17,36975,27.90_27.95_28.00_28.05_28.10_,117_34_82_109_160_,27.85_27.80_27.75_27.70_27.65_,48_234_275_357_189_
12:48:07,27.85,3,36988,27.90_27.95_28.00_28.05_28.10_,107_34_85_110_160_,27.85_27.80_27.75_27.70_27.65_,63_240_275_358_189_
12:48:17,27.90,5,36993,27.90_27.95_28.00_28.05_28.10_,105_34_85_110_174_,27.85_27.80_27.75_27.70_27.65_,89_258_275_363_189_
12:48:27,27.85,6,36999,27.90_27.95_28.00_28.05_28.10_,114_34_88_110_174_,27.85_27.80_27.75_27.70_27.65_,106_278_285_378_204_
12:48:37,27.85,10,37009,27.90_27.95_28.00_28.05_28.10_,114_34_89_110_174_,27.85_27.80_27.75_27.70_27.65_,98_273_285_378_204_
12:49:08,27.85,2,37019,27.90_27.95_28.00_28.05_28.10_,116_34_97_106_175_,27.85_27.80_27.75_27.70_27.65_,123_272_285_378_204_
12:49:18,27.85,5,37026,27.90_27.95_28.00_28.05_28.10_,116_34_92_106_174_,27.85_27.80_27.75_27.70_27.65_,119_272_285_378_204_
12:49:29,27.90,1,37028,27.90_27.95_28.00_28.05_28.10_,116_34_98_108_172_,27.85_27.80_27.75_27.70_27.65_,112_273_286_378_204_
12:49:39,27.90,2,37030,27.90_27.95_28.00_28.05_28.10_,104_34_99_108_172_,27.85_27.80_27.75_27.70_27.65_,110_276_286_378_208_
12:49:49,27.85,2,37042,27.90_27.95_28.00_28.05_28.10_,106_34_100_108_172_,27.85_27.80_27.75_27.70_27.65_,94_276_286_378_208_
12:50:30,27.90,7,37080,27.90_27.95_28.00_28.05_28.10_,40_34_114_109_183_,27.85_27.80_27.75_27.70_27.65_,114_275_288_378_208_
12:50:40,27.90,24,37106,27.90_27.95_28.00_28.05_28.10_,15_34_87_109_198_,27.85_27.80_27.75_27.70_27.65_,121_276_288_367_208_
12:50:51,27.90,17,37155,27.95_28.00_28.05_28.10_28.15_,34_89_109_198_252_,27.90_27.85_27.80_27.75_27.70_,2_139_277_288_367_
12:51:01,27.90,35,37190,27.90_27.95_28.00_28.05_28.10_,15_34_60_114_208_,27.85_27.80_27.75_27.70_27.65_,135_276_288_371_200_
12:51:06,27.90,3,37193,27.90_27.95_28.00_28.05_28.10_,12_71_75_110_198_,27.85_27.80_27.75_27.70_27.65_,137_275_288_367_204_
12:51:16,27.85,7,37206,27.90_27.95_28.00_28.05_28.10_,7_71_72_110_198_,27.85_27.80_27.75_27.70_27.65_,130_271_285_368_213_
12:51:27,27.90,1,37207,27.90_27.95_28.00_28.05_28.10_,71_34_69_110_198_,27.85_27.80_27.75_27.70_27.65_,130_271_285_368_213_
12:51:47,27.90,1,37215,27.90_27.95_28.00_28.05_28.10_,69_35_86_110_200_,27.85_27.80_27.75_27.70_27.65_,131_271_285_368_208_
12:51:57,27.90,2,37230,27.90_27.95_28.00_28.05_28.10_,84_35_87_110_200_,27.85_27.80_27.75_27.70_27.65_,135_271_285_370_208_
