09:00:05,9.70,355,355,9.71_9.72_9.73_9.74_9.75_,155_71_2_156_332_,9.70_9.67_9.66_9.65_9.64_,9_5_5_103_3_
09:00:10,9.71,51,406,9.71_9.72_9.73_9.74_9.75_,115_92_2_61_333_,9.70_9.67_9.66_9.65_9.64_,36_5_5_103_3_
09:00:15,9.70,36,442,9.70_9.71_9.72_9.73_9.74_,11_118_72_2_61_,9.67_9.66_9.65_9.64_9.63_,5_5_103_3_154_
09:00:20,9.70,2,444,9.71_9.72_9.73_9.74_9.75_,119_71_2_61_332_,9.70_9.67_9.66_9.65_9.64_,1_55_5_103_3_
09:00:26,9.70,1,445,9.70_9.71_9.72_9.73_9.74_,7_123_72_2_61_,9.67_9.66_9.65_9.64_9.63_,55_5_103_3_154_
09:00:31,9.69,1,446,9.69_9.70_9.71_9.72_9.73_,23_7_119_72_2_,9.67_9.66_9.65_9.64_9.63_,56_5_103_3_154_
09:00:36,9.68,2,448,9.68_9.69_9.70_9.71_9.72_,12_34_1_119_71_,9.67_9.66_9.65_9.64_9.63_,60_5_103_3_154_
09:00:41,9.68,2,448,9.68_9.69_9.71_9.72_9.73_,23_35_119_71_2_,9.67_9.66_9.65_9.64_9.63_,67_5_103_3_154_
09:00:46,9.68,5,453,9.68_9.69_9.71_9.72_9.73_,25_34_119_71_2_,9.67_9.66_9.65_9.64_9.63_,67_5_103_3_154_
09:00:51,9.68,1,454,9.68_9.69_9.71_9.72_9.73_,25_36_119_71_2_,9.67_9.66_9.65_9.64_9.63_,69_5_103_53_154_
09:01:01,9.68,1,454,9.68_9.69_9.71_9.72_9.73_,25_36_119_71_2_,9.67_9.66_9.65_9.64_9.63_,72_5_103_53_154_
09:01:07,9.68,1,454,9.68_9.69_9.71_9.72_9.73_,25_36_119_71_5_,9.67_9.66_9.65_9.64_9.63_,72_5_103_53_154_
09:01:12,9.68,1,454,9.68_9.69_9.71_9.72_9.73_,25_36_119_71_5_,9.67_9.66_9.65_9.64_9.63_,72_205_303_53_154_
09:01:17,9.68,5,459,9.68_9.69_9.71_9.72_9.73_,21_36_119_71_5_,9.67_9.66_9.65_9.64_9.63_,272_205_311_53_154_
09:01:22,9.68,21,480,9.69_9.71_9.72_9.73_9.74_,36_119_71_5_61_,9.68_9.67_9.66_9.65_9.64_,184_364_207_327_54_
09:01:27,9.68,11,491,9.69_9.70_9.71_9.72_9.73_,36_2_119_71_5_,9.68_9.67_9.66_9.65_9.64_,243_267_207_327_303_
09:01:32,9.69,15,506,9.69_9.70_9.71_9.72_9.73_,13_2_119_71_242_,9.68_9.67_9.66_9.65_9.64_,255_263_207_305_303_
09:01:37,9.69,3,509,9.69_9.71_9.72_9.73_9.74_,11_119_71_243_61_,9.68_9.67_9.66_9.65_9.64_,256_269_221_306_303_
09:01:42,9.69,3,509,9.69_9.71_9.72_9.73_9.74_,10_121_71_6_298_,9.68_9.67_9.66_9.65_9.64_,256_269_221_306_303_
09:01:47,9.69,3,509,9.69_9.71_9.72_9.73_9.74_,10_122_70_6_298_,9.68_9.67_9.66_9.65_9.64_,256_269_221_306_303_
09:01:53,9.69,20,529,9.69_9.71_9.72_9.73_9.74_,7_122_70_6_298_,9.68_9.67_9.66_9.65_9.64_,256_269_221_306_303_
09:01:58,9.70,7,536,9.71_9.72_9.73_9.74_9.75_,122_70_6_300_322_,9.70_9.69_9.68_9.67_9.66_,195_200_269_273_221_
09:02:03,9.71,10,546,9.71_9.72_9.73_9.74_9.75_,145_70_6_70_604_,9.70_9.69_9.68_9.67_9.66_,266_206_208_255_455_
09:02:08,9.71,10,546,9.71_9.72_9.73_9.74_9.75_,145_71_6_70_624_,9.70_9.69_9.68_9.67_9.66_,277_205_208_255_465_
09:02:13,9.71,10,546,9.71_9.72_9.73_9.74_9.75_,145_71_6_70_624_,9.70_9.69_9.68_9.67_9.66_,300_212_202_255_465_
09:02:18,9.71,10,546,9.71_9.72_9.73_9.74_9.75_,145_71_6_70_624_,9.70_9.69_9.68_9.67_9.66_,307_212_202_255_465_
09:02:23,9.70,2,548,9.71_9.72_9.73_9.74_9.75_,145_71_6_70_624_,9.70_9.69_9.68_9.67_9.66_,305_212_202_255_465_
09:02:28,9.70,2,548,9.71_9.72_9.73_9.74_9.75_,146_71_6_70_624_,9.70_9.69_9.68_9.67_9.66_,306_212_202_255_465_
09:02:34,9.71,1,549,9.71_9.72_9.73_9.74_9.75_,145_71_6_70_624_,9.70_9.69_9.68_9.67_9.66_,306_212_202_255_465_
09:02:39,9.71,1,549,9.71_9.72_9.73_9.74_9.75_,150_71_11_70_624_,9.70_9.69_9.68_9.67_9.66_,306_212_252_255_465_
09:02:44,9.71,5,554,9.71_9.72_9.73_9.74_9.75_,138_71_11_70_626_,9.70_9.69_9.68_9.67_9.66_,311_214_252_255_465_
09:02:49,9.71,5,554,9.71_9.72_9.73_9.74_9.75_,138_71_16_70_626_,9.70_9.69_9.68_9.67_9.66_,313_211_267_255_465_
09:02:54,9.71,5,554,9.71_9.72_9.73_9.74_9.75_,138_71_16_70_626_,9.70_9.69_9.68_9.67_9.66_,313_211_259_255_465_
09:02:59,9.71,5,554,9.71_9.72_9.73_9.74_9.75_,138_71_16_75_631_,9.70_9.69_9.68_9.67_9.66_,313_211_259_255_465_
09:03:04,9.71,4,558,9.71_9.72_9.73_9.74_9.75_,134_78_16_66_631_,9.70_9.69_9.68_9.67_9.66_,313_211_259_255_465_
09:03:09,9.71,4,558,9.71_9.72_9.73_9.74_9.75_,134_78_16_72_631_,9.70_9.69_9.68_9.67_9.66_,323_211_259_255_465_
09:03:15,9.71,4,558,9.71_9.72_9.73_9.74_9.75_,134_78_16_72_631_,9.70_9.69_9.68_9.67_9.66_,326_210_259_255_465_
09:03:20,9.71,4,562,9.71_9.72_9.73_9.74_9.75_,130_78_16_72_731_,9.70_9.69_9.68_9.67_9.66_,331_211_259_255_465_
09:03:25,9.71,4,562,9.71_9.72_9.73_9.74_9.75_,131_78_16_72_731_,9.70_9.69_9.68_9.67_9.66_,333_215_259_255_465_
09:03:30,9.71,4,562,9.71_9.72_9.73_9.74_9.75_,131_78_16_72_731_,9.70_9.69_9.68_9.67_9.66_,334_215_259_255_465_
09:03:35,9.71,4,562,9.71_9.72_9.73_9.74_9.75_,133_77_16_72_731_,9.70_9.69_9.68_9.67_9.66_,334_215_249_255_465_
09:03:40,9.71,4,562,9.71_9.72_9.73_9.74_9.75_,139_77_16_72_731_,9.70_9.69_9.68_9.67_9.66_,334_215_249_255_465_
09:03:45,9.70,6,568,9.71_9.72_9.73_9.74_9.75_,138_77_16_72_731_,9.70_9.69_9.68_9.67_9.66_,328_215_249_255_465_
09:03:56,9.70,7,575,9.71_9.72_9.73_9.74_9.75_,136_77_16_72_731_,9.70_9.69_9.68_9.67_9.66_,321_215_249_255_465_
09:04:01,9.70,4,579,9.71_9.72_9.73_9.74_9.75_,137_77_16_72_731_,9.70_9.69_9.68_9.67_9.66_,317_215_249_255_465_
09:04:06,9.70,17,596,9.71_9.72_9.73_9.74_9.75_,137_77_16_72_731_,9.70_9.69_9.68_9.67_9.66_,311_215_249_255_465_
09:04:11,9.70,11,607,9.71_9.72_9.73_9.74_9.75_,137_77_16_72_731_,9.70_9.69_9.68_9.67_9.66_,300_215_249_255_465_
09:04:16,9.70,4,611,9.71_9.72_9.73_9.74_9.75_,135_79_16_72_731_,9.70_9.69_9.68_9.67_9.66_,296_222_249_255_465_
09:04:21,9.70,5,616,9.71_9.72_9.73_9.74_9.75_,148_79_16_72_731_,9.70_9.69_9.68_9.67_9.66_,381_222_249_255_465_
09:04:26,9.70,4,620,9.71_9.72_9.73_9.74_9.75_,148_79_16_72_731_,9.70_9.69_9.68_9.67_9.66_,401_222_228_255_465_
09:04:31,9.70,12,632,9.71_9.72_9.73_9.74_9.75_,150_77_16_72_731_,9.70_9.69_9.68_9.67_9.66_,396_215_228_255_465_
09:04:37,9.71,11,643,9.71_9.72_9.73_9.74_9.75_,139_77_16_72_731_,9.70_9.69_9.68_9.67_9.66_,396_215_228_255_465_
09:04:42,9.70,4,647,9.71_9.72_9.73_9.74_9.75_,145_77_16_72_731_,9.70_9.69_9.68_9.67_9.66_,395_215_228_255_465_
09:04:47,9.70,4,647,9.71_9.72_9.73_9.74_9.75_,145_77_16_72_736_,9.70_9.69_9.68_9.67_9.66_,395_215_228_255_465_
09:04:57,9.70,5,652,9.71_9.72_9.73_9.74_9.75_,145_77_21_72_736_,9.70_9.69_9.68_9.67_9.66_,390_215_228_255_465_
09:05:02,9.70,5,652,9.71_9.72_9.73_9.74_9.75_,146_77_21_72_736_,9.70_9.69_9.68_9.67_9.66_,390_215_228_255_465_
09:05:07,9.70,3,655,9.71_9.72_9.73_9.74_9.75_,146_77_21_84_736_,9.70_9.69_9.68_9.67_9.66_,387_215_228_255_465_
09:05:12,9.70,80,735,9.71_9.72_9.73_9.74_9.75_,141_77_21_84_736_,9.70_9.69_9.68_9.67_9.66_,307_215_228_255_465_
09:05:18,9.70,7,742,9.71_9.72_9.73_9.74_9.75_,134_77_21_84_736_,9.70_9.69_9.68_9.67_9.66_,310_221_229_255_465_
09:05:23,9.70,158,900,9.71_9.72_9.73_9.74_9.75_,134_77_22_84_736_,9.70_9.69_9.68_9.67_9.66_,176_222_236_256_465_
09:05:28,9.70,2,902,9.71_9.72_9.73_9.74_9.75_,166_77_22_84_736_,9.70_9.69_9.68_9.67_9.66_,188_223_246_256_465_
09:05:33,9.71,1,903,9.71_9.72_9.73_9.74_9.75_,170_77_22_84_736_,9.70_9.69_9.68_9.67_9.66_,233_223_246_264_465_
09:05:38,9.70,3,906,9.71_9.72_9.73_9.74_9.75_,170_82_22_84_736_,9.70_9.69_9.68_9.67_9.66_,242_223_246_256_465_
09:05:43,9.71,34,940,9.71_9.72_9.73_9.74_9.75_,144_82_22_84_736_,9.70_9.69_9.68_9.67_9.66_,215_222_246_256_465_
09:05:48,9.70,5,945,9.71_9.72_9.73_9.74_9.75_,139_82_22_84_736_,9.70_9.69_9.68_9.67_9.66_,216_222_246_256_465_
09:05:53,9.70,3,948,9.71_9.72_9.73_9.74_9.75_,144_82_17_84_736_,9.70_9.69_9.68_9.67_9.66_,615_222_246_256_465_
09:05:58,9.70,10,958,9.71_9.72_9.73_9.74_9.75_,143_88_17_84_736_,9.70_9.69_9.68_9.67_9.66_,735_222_243_256_465_
09:06:04,9.71,5,963,9.71_9.72_9.73_9.74_9.75_,140_117_17_84_669_,9.70_9.69_9.68_9.67_9.66_,741_215_243_256_465_
09:06:09,9.70,12,975,9.71_9.72_9.73_9.74_9.75_,140_117_22_84_669_,9.70_9.69_9.68_9.67_9.66_,730_215_243_256_465_
09:06:14,9.70,12,975,9.71_9.72_9.73_9.74_9.75_,140_117_22_84_669_,9.70_9.69_9.68_9.67_9.66_,640_215_243_256_465_
09:06:19,9.70,12,975,9.71_9.72_9.73_9.74_9.75_,140_119_22_84_669_,9.70_9.69_9.68_9.67_9.66_,640_215_243_256_465_
09:06:24,9.70,2,977,9.71_9.72_9.73_9.74_9.75_,170_119_22_84_769_,9.70_9.69_9.68_9.67_9.66_,638_215_243_256_465_
09:06:29,9.70,2,979,9.71_9.72_9.73_9.74_9.75_,164_119_22_84_769_,9.70_9.69_9.68_9.67_9.66_,638_215_243_256_465_
09:06:35,9.70,2,979,9.71_9.72_9.73_9.74_9.75_,164_119_22_84_769_,9.70_9.69_9.68_9.67_9.66_,639_215_243_256_465_
09:06:45,9.70,2,979,9.71_9.72_9.73_9.74_9.75_,165_119_22_84_769_,9.70_9.69_9.68_9.67_9.66_,639_215_243_256_465_
09:06:50,9.70,2,981,9.71_9.72_9.73_9.74_9.75_,165_119_22_89_769_,9.70_9.69_9.68_9.67_9.66_,637_215_243_256_465_
09:06:55,9.70,2,981,9.71_9.72_9.73_9.74_9.75_,166_119_23_89_769_,9.70_9.69_9.68_9.67_9.66_,637_215_243_256_465_
09:07:00,9.70,3,984,9.71_9.72_9.73_9.74_9.75_,166_119_23_89_769_,9.70_9.69_9.68_9.67_9.66_,634_215_243_256_465_
09:07:05,9.70,3,987,9.71_9.72_9.73_9.74_9.75_,167_119_23_89_769_,9.70_9.69_9.68_9.67_9.66_,631_215_243_256_465_
09:07:10,9.70,3,987,9.71_9.72_9.73_9.74_9.75_,238_119_23_89_769_,9.70_9.69_9.68_9.67_9.66_,631_215_243_256_465_
09:07:16,9.70,8,995,9.71_9.72_9.73_9.74_9.75_,240_117_23_89_769_,9.70_9.69_9.68_9.67_9.66_,626_215_243_256_465_
09:07:21,9.70,6,1001,9.71_9.72_9.73_9.74_9.75_,240_117_23_94_769_,9.70_9.69_9.68_9.67_9.66_,620_215_243_256_465_
09:07:26,9.71,14,1015,9.71_9.72_9.73_9.74_9.75_,226_117_23_94_769_,9.70_9.69_9.68_9.67_9.66_,620_215_243_256_465_
09:07:31,9.71,4,1019,9.71_9.72_9.73_9.74_9.75_,343_116_23_94_774_,9.70_9.69_9.68_9.67_9.66_,621_215_243_256_465_
09:07:36,9.70,4,1023,9.71_9.72_9.73_9.74_9.75_,343_116_38_94_774_,9.70_9.69_9.68_9.67_9.66_,617_215_243_256_465_
09:07:41,9.70,4,1023,9.71_9.72_9.73_9.74_9.75_,348_116_38_96_774_,9.70_9.69_9.68_9.67_9.66_,617_215_243_256_465_
09:07:46,9.70,4,1023,9.71_9.72_9.73_9.74_9.75_,343_116_38_96_774_,9.70_9.69_9.68_9.67_9.66_,617_215_243_256_465_
09:07:51,9.70,4,1023,9.71_9.72_9.73_9.74_9.75_,373_116_38_96_774_,9.70_9.69_9.68_9.67_9.66_,617_215_243_256_465_
09:07:57,9.70,4,1023,9.71_9.72_9.73_9.74_9.75_,375_117_38_96_774_,9.70_9.69_9.68_9.67_9.66_,620_215_243_256_465_
09:08:02,9.70,4,1023,9.71_9.72_9.73_9.74_9.75_,375_117_38_96_764_,9.70_9.69_9.68_9.67_9.66_,620_215_243_256_465_
09:08:07,9.70,4,1023,9.71_9.72_9.73_9.74_9.75_,375_117_38_96_764_,9.70_9.69_9.68_9.67_9.66_,620_222_243_256_465_
09:08:17,9.70,6,1029,9.71_9.72_9.73_9.74_9.75_,375_137_38_96_764_,9.70_9.69_9.68_9.67_9.66_,613_222_243_256_465_
09:08:22,9.70,10,1039,9.71_9.72_9.73_9.74_9.75_,380_137_38_96_764_,9.70_9.69_9.68_9.67_9.66_,611_222_243_256_465_
09:08:27,9.70,4,1043,9.71_9.72_9.73_9.74_9.75_,380_137_38_96_764_,9.70_9.69_9.68_9.67_9.66_,645_222_243_256_465_
09:08:32,9.70,4,1043,9.71_9.72_9.73_9.74_9.75_,380_137_38_96_764_,9.70_9.69_9.68_9.67_9.66_,675_221_228_256_465_
09:08:38,9.70,4,1047,9.71_9.72_9.73_9.74_9.75_,375_137_38_96_764_,9.70_9.69_9.68_9.67_9.66_,681_221_228_256_465_
09:08:43,9.71,1,1048,9.71_9.72_9.73_9.74_9.75_,380_137_38_96_764_,9.70_9.69_9.68_9.67_9.66_,696_221_228_256_465_
09:08:48,9.70,14,1062,9.71_9.72_9.73_9.74_9.75_,377_137_38_96_764_,9.70_9.69_9.68_9.67_9.66_,686_221_228_256_465_
09:08:53,9.70,3,1065,9.71_9.72_9.73_9.74_9.75_,377_137_38_96_764_,9.70_9.69_9.68_9.67_9.66_,684_222_228_256_465_
09:08:58,9.70,3,1068,9.71_9.72_9.73_9.74_9.75_,377_137_38_96_764_,9.70_9.69_9.68_9.67_9.66_,734_222_228_256_465_
09:09:03,9.70,30,1098,9.71_9.72_9.73_9.74_9.75_,376_137_38_96_864_,9.70_9.69_9.68_9.67_9.66_,760_222_229_256_465_
09:09:08,9.70,3,1101,9.71_9.72_9.73_9.74_9.75_,376_137_38_96_864_,9.70_9.69_9.68_9.67_9.66_,763_219_229_256_465_
09:09:13,9.70,23,1124,9.71_9.72_9.73_9.74_9.75_,376_137_38_96_864_,9.70_9.69_9.68_9.67_9.66_,780_219_229_256_465_
09:09:19,9.70,23,1124,9.71_9.72_9.73_9.74_9.75_,378_137_38_96_864_,9.70_9.69_9.68_9.67_9.66_,780_219_229_256_465_
09:09:24,9.70,4,1128,9.71_9.72_9.73_9.74_9.75_,378_132_35_96_864_,9.70_9.69_9.68_9.67_9.66_,777_219_229_256_465_
09:09:29,9.70,2,1130,9.71_9.72_9.73_9.74_9.75_,378_132_35_96_864_,9.70_9.69_9.68_9.67_9.66_,777_219_229_256_465_
09:09:34,9.70,28,1158,9.71_9.72_9.73_9.74_9.75_,377_132_35_96_864_,9.70_9.69_9.68_9.67_9.66_,751_219_229_256_465_
09:09:39,9.71,100,1258,9.71_9.72_9.73_9.74_9.75_,284_132_35_96_864_,9.70_9.69_9.68_9.67_9.66_,791_219_229_256_465_
09:09:44,9.71,132,1390,9.71_9.72_9.73_9.74_9.75_,154_134_35_96_864_,9.70_9.69_9.68_9.67_9.66_,822_218_229_256_465_
09:09:49,9.71,19,1409,9.71_9.72_9.73_9.74_9.75_,230_123_35_96_866_,9.70_9.69_9.68_9.67_9.66_,829_212_238_256_465_
09:09:55,9.71,19,1409,9.71_9.72_9.73_9.74_9.75_,231_123_35_96_871_,9.70_9.69_9.68_9.67_9.66_,826_212_238_256_465_
09:10:00,9.71,29,1438,9.71_9.72_9.73_9.74_9.75_,207_123_35_96_871_,9.70_9.69_9.68_9.67_9.66_,826_212_238_256_465_
09:10:05,9.71,29,1438,9.71_9.72_9.73_9.74_9.75_,207_123_35_96_871_,9.70_9.69_9.68_9.67_9.66_,833_212_238_256_466_
09:10:10,9.70,4,1442,9.71_9.72_9.73_9.74_9.75_,207_123_35_96_871_,9.70_9.69_9.68_9.67_9.66_,830_216_238_256_466_
09:10:15,9.70,3,1445,9.71_9.72_9.73_9.74_9.75_,208_123_35_96_871_,9.70_9.69_9.68_9.67_9.66_,830_216_238_256_466_
09:10:20,9.71,4,1449,9.71_9.72_9.73_9.74_9.75_,204_123_35_96_871_,9.70_9.69_9.68_9.67_9.66_,831_213_238_256_466_
09:10:25,9.70,3,1452,9.71_9.72_9.73_9.74_9.75_,204_123_35_96_871_,9.70_9.69_9.68_9.67_9.66_,829_213_238_256_466_
09:10:31,9.71,28,1480,9.71_9.72_9.73_9.74_9.75_,178_123_35_96_871_,9.70_9.69_9.68_9.67_9.66_,829_213_238_256_466_
09:10:36,9.71,112,1592,9.71_9.72_9.73_9.74_9.75_,68_123_35_96_871_,9.70_9.69_9.68_9.67_9.66_,830_213_238_256_471_
09:10:41,9.71,18,1610,9.71_9.72_9.73_9.74_9.75_,50_123_35_96_871_,9.70_9.69_9.68_9.67_9.66_,857_220_238_256_471_
09:10:46,9.71,18,1610,9.71_9.72_9.73_9.74_9.75_,84_123_35_96_871_,9.70_9.69_9.68_9.67_9.66_,844_220_238_256_471_
09:10:51,9.71,50,1660,9.71_9.72_9.73_9.74_9.75_,36_123_35_96_871_,9.70_9.69_9.68_9.67_9.66_,844_220_238_256_471_
09:10:56,9.71,14,1674,9.71_9.72_9.73_9.74_9.75_,30_128_35_96_871_,9.70_9.69_9.68_9.67_9.66_,844_220_238_256_471_
09:11:01,9.70,12,1686,9.71_9.72_9.73_9.74_9.75_,30_127_35_96_871_,9.70_9.69_9.68_9.67_9.66_,833_220_238_256_471_
09:11:06,9.71,4,1690,9.71_9.72_9.73_9.74_9.75_,28_127_40_96_871_,9.70_9.69_9.68_9.67_9.66_,833_220_238_256_471_
09:11:12,9.71,20,1710,9.71_9.72_9.73_9.74_9.75_,10_127_40_96_871_,9.70_9.69_9.68_9.67_9.66_,833_220_238_261_471_
09:11:17,9.71,10,1720,9.72_9.73_9.74_9.75_9.76_,127_40_96_871_51_,9.71_9.70_9.69_9.68_9.67_,4_830_220_238_261_
09:11:22,9.71,10,1720,9.72_9.73_9.74_9.75_9.76_,127_60_96_634_288_,9.71_9.70_9.69_9.68_9.67_,150_787_211_237_511_
09:11:27,9.71,4,1724,9.72_9.73_9.74_9.75_9.76_,124_83_96_634_288_,9.71_9.70_9.69_9.68_9.67_,157_787_210_237_511_
09:11:32,9.72,22,1746,9.72_9.73_9.74_9.75_9.76_,102_87_126_634_288_,9.71_9.70_9.69_9.68_9.67_,158_787_211_237_511_
09:11:37,9.71,13,1759,9.72_9.73_9.74_9.75_9.76_,204_87_126_634_288_,9.71_9.70_9.69_9.68_9.67_,154_784_211_242_511_
09:11:42,9.71,2,1761,9.72_9.73_9.74_9.75_9.76_,205_86_126_634_288_,9.71_9.70_9.69_9.68_9.67_,153_783_211_242_511_
09:11:47,9.71,2,1761,9.72_9.73_9.74_9.75_9.76_,205_86_126_634_288_,9.71_9.70_9.69_9.68_9.67_,154_783_211_242_511_
09:11:52,9.71,2,1761,9.72_9.73_9.74_9.75_9.76_,205_86_128_634_288_,9.71_9.70_9.69_9.68_9.67_,155_783_211_242_511_
09:12:03,9.72,4,1765,9.72_9.73_9.74_9.75_9.76_,201_86_128_634_288_,9.71_9.70_9.69_9.68_9.67_,156_782_211_242_511_
09:12:13,9.71,9,1774,9.72_9.73_9.74_9.75_9.76_,201_86_128_634_288_,9.71_9.70_9.69_9.68_9.67_,147_782_216_242_511_
09:12:18,9.71,9,1774,9.72_9.73_9.74_9.75_9.76_,201_86_128_635_288_,9.71_9.70_9.69_9.68_9.67_,147_782_216_242_511_
09:12:23,9.71,3,1777,9.72_9.73_9.74_9.75_9.76_,201_86_138_635_288_,9.71_9.70_9.69_9.68_9.67_,144_782_216_242_511_
09:12:28,9.71,3,1777,9.72_9.73_9.74_9.75_9.76_,203_120_138_635_288_,9.71_9.70_9.69_9.68_9.67_,144_782_216_242_511_
09:12:33,9.71,3,1780,9.72_9.73_9.74_9.75_9.76_,204_120_138_635_288_,9.71_9.70_9.69_9.68_9.67_,141_782_216_242_511_
09:12:39,9.71,100,1880,9.72_9.73_9.74_9.75_9.76_,102_120_138_635_288_,9.71_9.70_9.69_9.68_9.67_,41_782_216_242_511_
09:12:44,9.71,2,1882,9.72_9.73_9.74_9.75_9.76_,102_130_148_635_288_,9.71_9.70_9.69_9.68_9.67_,48_780_216_242_511_
09:12:49,9.71,8,1890,9.72_9.73_9.74_9.75_9.76_,102_130_148_635_288_,9.71_9.70_9.69_9.68_9.67_,69_780_216_242_511_
09:12:54,9.71,2,1892,9.72_9.73_9.74_9.75_9.76_,102_130_148_635_288_,9.71_9.70_9.69_9.68_9.67_,73_781_216_242_511_
09:12:59,9.71,1,1893,9.72_9.73_9.74_9.75_9.76_,102_130_148_635_288_,9.71_9.70_9.69_9.68_9.67_,72_781_216_242_511_
09:13:04,9.72,1,1894,9.72_9.73_9.74_9.75_9.76_,101_130_148_636_288_,9.71_9.70_9.69_9.68_9.67_,71_781_216_242_511_
09:13:09,9.72,9,1903,9.72_9.73_9.74_9.75_9.76_,99_125_148_635_288_,9.71_9.70_9.69_9.68_9.67_,70_781_216_233_511_
09:13:14,9.71,16,1919,9.72_9.73_9.74_9.75_9.76_,99_125_148_635_288_,9.71_9.70_9.69_9.68_9.67_,46_781_217_245_511_
09:13:20,9.71,2,1921,9.72_9.73_9.74_9.75_9.76_,99_125_148_635_288_,9.71_9.70_9.69_9.68_9.67_,44_781_217_245_511_
09:13:25,9.71,2,1921,9.72_9.73_9.74_9.75_9.76_,99_125_153_635_288_,9.71_9.70_9.69_9.68_9.67_,44_781_217_245_511_
09:13:30,9.72,4,1925,9.72_9.73_9.74_9.75_9.76_,95_125_153_635_288_,9.71_9.70_9.69_9.68_9.67_,44_781_217_245_511_
09:13:35,9.71,10,1935,9.72_9.73_9.74_9.75_9.76_,95_115_153_635_288_,9.71_9.70_9.69_9.68_9.67_,36_781_217_245_511_
09:13:40,9.71,1,1936,9.72_9.73_9.74_9.75_9.76_,96_115_153_635_288_,9.71_9.70_9.69_9.68_9.67_,40_795_216_245_511_
09:13:45,9.71,1,1936,9.72_9.73_9.74_9.75_9.76_,96_115_153_635_288_,9.71_9.70_9.69_9.68_9.67_,89_795_216_245_511_
09:13:50,9.71,1,1936,9.72_9.73_9.74_9.75_9.76_,96_115_153_635_286_,9.71_9.70_9.69_9.68_9.67_,94_795_216_245_511_
09:13:55,9.71,1,1936,9.72_9.73_9.74_9.75_9.76_,106_115_153_635_286_,9.71_9.70_9.69_9.68_9.67_,102_795_216_233_511_
09:14:01,9.71,1,1936,9.72_9.73_9.74_9.75_9.76_,106_115_153_639_286_,9.71_9.70_9.69_9.68_9.67_,102_795_215_233_511_
09:14:06,9.71,5,1941,9.72_9.73_9.74_9.75_9.76_,110_120_151_639_286_,9.71_9.70_9.69_9.68_9.67_,97_795_215_233_511_
09:14:11,9.71,5,1941,9.72_9.73_9.74_9.75_9.76_,110_120_151_639_286_,9.71_9.70_9.69_9.68_9.67_,97_796_215_233_511_
09:14:16,9.72,35,1976,9.72_9.73_9.74_9.75_9.76_,85_120_151_639_286_,9.71_9.70_9.69_9.68_9.67_,97_796_215_233_511_
09:14:21,9.72,35,1976,9.72_9.73_9.74_9.75_9.76_,132_120_151_639_286_,9.71_9.70_9.69_9.68_9.67_,98_796_218_233_511_
09:14:26,9.72,35,1976,9.72_9.73_9.74_9.75_9.76_,133_120_151_639_286_,9.71_9.70_9.69_9.68_9.67_,98_796_218_233_511_
09:14:31,9.72,35,1976,9.72_9.73_9.74_9.75_9.76_,133_120_176_639_286_,9.71_9.70_9.69_9.68_9.67_,100_796_218_233_511_
09:14:41,9.72,35,1976,9.72_9.73_9.74_9.75_9.76_,133_120_176_639_286_,9.71_9.70_9.69_9.68_9.67_,111_796_218_233_511_
09:14:47,9.71,5,1981,9.72_9.73_9.74_9.75_9.76_,133_120_176_639_288_,9.71_9.70_9.69_9.68_9.67_,106_796_218_233_511_
09:15:02,9.72,4,1985,9.72_9.73_9.74_9.75_9.76_,129_121_176_639_288_,9.71_9.70_9.69_9.68_9.67_,106_798_218_233_511_
09:15:12,9.72,4,1985,9.72_9.73_9.74_9.75_9.76_,129_121_176_639_288_,9.71_9.70_9.69_9.68_9.67_,109_798_218_233_511_
09:15:23,9.72,4,1985,9.72_9.73_9.74_9.75_9.76_,130_121_176_639_288_,9.71_9.70_9.69_9.68_9.67_,109_798_218_237_511_
09:15:28,9.72,1,1986,9.72_9.73_9.74_9.75_9.76_,129_121_181_639_288_,9.71_9.70_9.69_9.68_9.67_,111_797_218_237_511_
09:15:33,9.72,1,1986,9.72_9.73_9.74_9.75_9.76_,129_121_181_639_288_,9.71_9.70_9.69_9.68_9.67_,113_797_218_237_511_
09:15:38,9.72,1,1986,9.72_9.73_9.74_9.75_9.76_,130_121_181_639_288_,9.71_9.70_9.69_9.68_9.67_,113_797_218_237_511_
09:15:43,9.71,1,1987,9.72_9.73_9.74_9.75_9.76_,230_121_181_640_288_,9.71_9.70_9.69_9.68_9.67_,120_797_218_237_511_
09:15:48,9.71,1,1987,9.72_9.73_9.74_9.75_9.76_,232_120_181_640_288_,9.71_9.70_9.69_9.68_9.67_,120_797_218_237_511_
09:15:53,9.71,1,1988,9.72_9.73_9.74_9.75_9.76_,232_120_201_641_288_,9.71_9.70_9.69_9.68_9.67_,118_797_218_237_511_
09:15:59,9.71,1,1988,9.72_9.73_9.74_9.75_9.76_,232_127_201_641_288_,9.71_9.70_9.69_9.68_9.67_,118_797_218_237_511_
09:16:04,9.71,1,1988,9.72_9.73_9.74_9.75_9.76_,237_127_201_641_288_,9.71_9.70_9.69_9.68_9.67_,118_797_218_237_511_
09:16:19,9.71,1,1988,9.72_9.73_9.74_9.75_9.76_,238_122_201_641_288_,9.71_9.70_9.69_9.68_9.67_,118_797_218_237_511_
09:16:24,9.71,1,1988,9.72_9.73_9.74_9.75_9.76_,238_122_201_641_288_,9.71_9.70_9.69_9.68_9.67_,118_798_218_237_511_
09:16:29,9.72,5,1993,9.72_9.73_9.74_9.75_9.76_,233_122_201_641_288_,9.71_9.70_9.69_9.68_9.67_,119_798_218_237_511_
09:16:35,9.72,5,1993,9.72_9.73_9.74_9.75_9.76_,241_122_201_641_288_,9.71_9.70_9.69_9.68_9.67_,125_800_218_237_511_
09:16:50,9.72,5,1993,9.72_9.73_9.74_9.75_9.76_,262_122_201_640_288_,9.71_9.70_9.69_9.68_9.67_,125_800_218_237_511_
09:16:55,9.72,5,1993,9.72_9.73_9.74_9.75_9.76_,263_122_201_640_288_,9.71_9.70_9.69_9.68_9.67_,125_800_218_237_511_
09:17:00,9.72,5,1993,9.72_9.73_9.74_9.75_9.76_,263_122_201_640_288_,9.71_9.70_9.69_9.68_9.67_,126_800_218_237_511_
09:17:05,9.72,5,1993,9.72_9.73_9.74_9.75_9.76_,258_128_201_640_288_,9.71_9.70_9.69_9.68_9.67_,126_800_218_237_511_
09:17:11,9.71,2,1995,9.72_9.73_9.74_9.75_9.76_,258_128_201_640_288_,9.71_9.70_9.69_9.68_9.67_,124_800_218_237_511_
09:17:16,9.72,25,2020,9.72_9.73_9.74_9.75_9.76_,289_127_201_640_288_,9.71_9.70_9.69_9.68_9.67_,124_800_218_237_511_
09:17:21,9.71,1,2021,9.72_9.73_9.74_9.75_9.76_,334_122_205_640_288_,9.71_9.70_9.69_9.68_9.67_,123_800_218_237_511_
09:17:26,9.71,40,2061,9.72_9.73_9.74_9.75_9.76_,341_122_205_640_288_,9.71_9.70_9.69_9.68_9.67_,93_800_218_237_511_
09:17:31,9.71,40,2061,9.72_9.73_9.74_9.75_9.76_,341_126_205_640_288_,9.71_9.70_9.69_9.68_9.67_,105_799_215_237_511_
09:17:36,9.71,40,2061,9.72_9.73_9.74_9.75_9.76_,341_126_205_640_288_,9.71_9.70_9.69_9.68_9.67_,107_799_215_237_511_
09:17:41,9.71,40,2061,9.72_9.73_9.74_9.75_9.76_,341_126_205_640_288_,9.71_9.70_9.69_9.68_9.67_,96_799_215_237_511_
09:17:47,9.71,40,2061,9.72_9.73_9.74_9.75_9.76_,341_126_205_640_288_,9.71_9.70_9.69_9.68_9.67_,102_799_215_237_511_
09:17:57,9.71,40,2061,9.72_9.73_9.74_9.75_9.76_,341_126_205_640_288_,9.71_9.70_9.69_9.68_9.67_,102_799_215_238_511_
09:18:02,9.72,4,2065,9.72_9.73_9.74_9.75_9.76_,336_126_205_640_288_,9.71_9.70_9.69_9.68_9.67_,102_799_215_238_511_
09:18:07,9.72,4,2065,9.72_9.73_9.74_9.75_9.76_,334_126_205_640_288_,9.71_9.70_9.69_9.68_9.67_,102_801_215_238_511_
09:18:12,9.72,4,2065,9.72_9.73_9.74_9.75_9.76_,342_121_205_640_288_,9.71_9.70_9.69_9.68_9.67_,102_801_215_238_511_
09:18:17,9.71,50,2115,9.72_9.73_9.74_9.75_9.76_,342_121_205_640_288_,9.71_9.70_9.69_9.68_9.67_,52_801_215_238_511_
09:18:22,9.72,14,2129,9.72_9.73_9.74_9.75_9.76_,322_121_204_640_288_,9.71_9.70_9.69_9.68_9.67_,47_806_215_238_511_
09:18:27,9.72,14,2129,9.72_9.73_9.74_9.75_9.76_,326_121_204_640_288_,9.71_9.70_9.69_9.68_9.67_,48_806_216_238_511_
09:18:38,9.71,2,2131,9.72_9.73_9.74_9.75_9.76_,327_121_204_640_288_,9.71_9.70_9.69_9.68_9.67_,47_806_216_238_511_
09:18:43,9.71,2,2131,9.72_9.73_9.74_9.75_9.76_,322_121_204_641_288_,9.71_9.70_9.69_9.68_9.67_,47_806_216_238_511_
09:18:48,9.71,2,2131,9.72_9.73_9.74_9.75_9.76_,322_121_204_641_288_,9.71_9.70_9.69_9.68_9.67_,49_806_216_238_511_
09:18:53,9.71,2,2131,9.72_9.73_9.74_9.75_9.76_,322_121_214_641_288_,9.71_9.70_9.69_9.68_9.67_,49_806_216_238_511_
09:18:58,9.71,2,2131,9.72_9.73_9.74_9.75_9.76_,323_121_214_641_288_,9.71_9.70_9.69_9.68_9.67_,49_806_216_238_521_
09:19:03,9.71,2,2131,9.72_9.73_9.74_9.75_9.76_,338_114_210_641_288_,9.71_9.70_9.69_9.68_9.67_,49_806_216_238_521_
09:19:08,9.71,2,2131,9.72_9.73_9.74_9.75_9.76_,339_114_210_641_288_,9.71_9.70_9.69_9.68_9.67_,55_806_216_238_521_
09:19:19,9.72,1,2132,9.72_9.73_9.74_9.75_9.76_,338_114_210_641_288_,9.71_9.70_9.69_9.68_9.67_,55_806_216_238_521_
09:19:24,9.72,1,2132,9.72_9.73_9.74_9.75_9.76_,331_116_210_641_288_,9.71_9.70_9.69_9.68_9.67_,55_806_216_238_521_
09:19:29,9.72,6,2138,9.72_9.73_9.74_9.75_9.76_,332_116_210_641_288_,9.71_9.70_9.69_9.68_9.67_,55_806_216_238_521_
09:19:34,9.72,6,2138,9.72_9.73_9.74_9.75_9.76_,326_116_210_641_288_,9.71_9.70_9.69_9.68_9.67_,56_806_216_238_521_
09:19:39,9.71,6,2144,9.72_9.73_9.74_9.75_9.76_,327_116_210_641_288_,9.71_9.70_9.69_9.68_9.67_,50_806_216_238_521_
09:19:44,9.71,6,2144,9.72_9.73_9.74_9.75_9.76_,335_116_210_641_288_,9.71_9.70_9.69_9.68_9.67_,50_806_216_238_521_
09:19:50,9.71,6,2144,9.72_9.73_9.74_9.75_9.76_,335_112_210_641_288_,9.71_9.70_9.69_9.68_9.67_,50_804_216_238_521_
09:19:55,9.71,6,2144,9.72_9.73_9.74_9.75_9.76_,330_112_210_641_288_,9.71_9.70_9.69_9.68_9.67_,50_804_216_234_521_
09:20:00,9.71,10,2154,9.72_9.73_9.74_9.75_9.76_,330_112_210_641_288_,9.71_9.70_9.69_9.68_9.67_,40_804_216_234_521_
09:20:15,9.72,10,2164,9.72_9.73_9.74_9.75_9.76_,320_112_210_641_288_,9.71_9.70_9.69_9.68_9.67_,42_804_217_234_521_
09:20:20,9.72,10,2164,9.72_9.73_9.74_9.75_9.76_,314_112_210_641_288_,9.71_9.70_9.69_9.68_9.67_,42_804_216_234_521_
09:20:25,9.72,10,2164,9.72_9.73_9.74_9.75_9.76_,315_112_210_641_288_,9.71_9.70_9.69_9.68_9.67_,44_804_216_234_521_
09:20:36,9.72,10,2164,9.72_9.73_9.74_9.75_9.76_,315_112_210_641_288_,9.71_9.70_9.69_9.68_9.67_,46_804_216_234_521_
09:20:41,9.72,10,2164,9.72_9.73_9.74_9.75_9.76_,315_112_210_641_288_,9.71_9.70_9.69_9.68_9.67_,46_809_216_234_521_
09:20:46,9.72,10,2164,9.72_9.73_9.74_9.75_9.76_,316_112_210_641_288_,9.71_9.70_9.69_9.68_9.67_,46_809_216_234_521_
09:20:51,9.72,10,2164,9.72_9.73_9.74_9.75_9.76_,316_112_210_641_288_,9.71_9.70_9.69_9.68_9.67_,57_809_216_234_521_
09:20:56,9.72,10,2164,9.72_9.73_9.74_9.75_9.76_,387_112_210_641_288_,9.71_9.70_9.69_9.68_9.67_,55_809_216_234_521_
09:21:01,9.72,5,2169,9.72_9.73_9.74_9.75_9.76_,390_112_210_641_288_,9.71_9.70_9.69_9.68_9.67_,55_809_216_234_521_
09:21:06,9.72,28,2197,9.72_9.73_9.74_9.75_9.76_,355_112_210_641_288_,9.71_9.70_9.69_9.68_9.67_,53_809_216_234_521_
09:21:12,9.72,28,2197,9.72_9.73_9.74_9.75_9.76_,355_112_210_641_288_,9.71_9.70_9.69_9.68_9.67_,63_809_216_234_521_
09:21:17,9.72,28,2197,9.72_9.73_9.74_9.75_9.76_,355_112_210_641_288_,9.71_9.70_9.69_9.68_9.67_,68_817_216_234_521_
09:21:22,9.72,28,2197,9.72_9.73_9.74_9.75_9.76_,323_112_210_641_288_,9.71_9.70_9.69_9.68_9.67_,69_817_216_234_521_
09:21:37,9.72,28,2197,9.72_9.73_9.74_9.75_9.76_,324_112_210_641_298_,9.71_9.70_9.69_9.68_9.67_,70_822_216_234_521_
09:21:42,9.72,28,2197,9.72_9.73_9.74_9.75_9.76_,323_112_210_641_298_,9.71_9.70_9.69_9.68_9.67_,70_822_216_234_521_
09:21:52,9.72,1,2198,9.72_9.73_9.74_9.75_9.76_,322_112_210_641_298_,9.71_9.70_9.69_9.68_9.67_,70_822_216_234_521_
09:22:03,9.72,5,2203,9.72_9.73_9.74_9.75_9.76_,317_117_210_641_298_,9.71_9.70_9.69_9.68_9.67_,72_822_216_234_521_
09:22:08,9.72,5,2203,9.72_9.73_9.74_9.75_9.76_,368_117_210_641_298_,9.71_9.70_9.69_9.68_9.67_,72_822_216_234_521_
09:22:18,9.72,5,2203,9.72_9.73_9.74_9.75_9.76_,372_147_210_641_298_,9.71_9.70_9.69_9.68_9.67_,73_822_216_234_521_
09:22:23,9.72,5,2203,9.72_9.73_9.74_9.75_9.76_,373_147_210_641_298_,9.71_9.70_9.69_9.68_9.67_,73_822_216_234_521_
09:22:28,9.72,4,2207,9.72_9.73_9.74_9.75_9.76_,371_147_210_641_298_,9.71_9.70_9.69_9.68_9.67_,73_822_216_241_521_
09:22:34,9.72,4,2207,9.72_9.73_9.74_9.75_9.76_,371_147_210_641_298_,9.71_9.70_9.69_9.68_9.67_,79_822_216_241_521_
09:22:39,9.71,2,2209,9.72_9.73_9.74_9.75_9.76_,371_147_210_641_298_,9.71_9.70_9.69_9.68_9.67_,82_822_216_241_521_
09:22:44,9.71,2,2209,9.72_9.73_9.74_9.75_9.76_,378_147_210_641_298_,9.71_9.70_9.69_9.68_9.67_,82_822_226_241_521_
09:22:49,9.71,2,2209,9.72_9.73_9.74_9.75_9.76_,371_147_210_641_298_,9.71_9.70_9.69_9.68_9.67_,84_822_226_234_521_
09:22:54,9.71,2,2209,9.72_9.73_9.74_9.75_9.76_,371_147_210_641_298_,9.71_9.70_9.69_9.68_9.67_,101_822_226_234_521_
09:22:59,9.71,1,2210,9.72_9.73_9.74_9.75_9.76_,365_147_210_640_298_,9.71_9.70_9.69_9.68_9.67_,100_822_226_234_521_
09:23:04,9.71,1,2211,9.72_9.73_9.74_9.75_9.76_,373_147_210_640_298_,9.71_9.70_9.69_9.68_9.67_,99_822_226_234_521_
09:23:09,9.72,2,2213,9.72_9.73_9.74_9.75_9.76_,371_147_210_640_298_,9.71_9.70_9.69_9.68_9.67_,99_822_226_234_521_
09:23:15,9.72,5,2218,9.72_9.73_9.74_9.75_9.76_,358_147_210_640_298_,9.71_9.70_9.69_9.68_9.67_,99_822_226_234_521_
09:23:20,9.72,2,2220,9.72_9.73_9.74_9.75_9.76_,358_147_210_640_298_,9.71_9.70_9.69_9.68_9.67_,99_822_226_234_521_
09:23:25,9.71,2,2222,9.72_9.73_9.74_9.75_9.76_,361_147_210_640_298_,9.71_9.70_9.69_9.68_9.67_,97_822_226_234_521_
09:23:30,9.71,2,2222,9.72_9.73_9.74_9.75_9.76_,371_147_210_640_298_,9.71_9.70_9.69_9.68_9.67_,97_822_226_234_521_
09:23:35,9.71,2,2224,9.72_9.73_9.74_9.75_9.76_,370_147_210_640_298_,9.71_9.70_9.69_9.68_9.67_,96_822_226_234_521_
09:23:40,9.72,41,2265,9.72_9.73_9.74_9.75_9.76_,329_147_210_645_298_,9.71_9.70_9.69_9.68_9.67_,95_822_226_234_521_
09:23:45,9.71,37,2302,9.72_9.73_9.74_9.75_9.76_,290_147_210_645_298_,9.71_9.70_9.69_9.68_9.67_,71_822_231_234_524_
09:23:50,9.71,1,2303,9.72_9.73_9.74_9.75_9.76_,298_147_210_645_298_,9.71_9.70_9.69_9.68_9.67_,97_817_230_234_524_
09:23:56,9.71,1,2303,9.72_9.73_9.74_9.75_9.76_,308_147_210_645_298_,9.71_9.70_9.69_9.68_9.67_,121_817_230_234_524_
09:24:01,9.72,4,2307,9.72_9.73_9.74_9.75_9.76_,298_147_210_645_298_,9.71_9.70_9.69_9.68_9.67_,124_817_230_234_524_
09:24:06,9.71,10,2317,9.72_9.73_9.74_9.75_9.76_,298_147_200_645_298_,9.71_9.70_9.69_9.68_9.67_,114_817_230_234_524_
09:24:11,9.71,1,2318,9.72_9.73_9.74_9.75_9.76_,299_147_200_645_298_,9.71_9.70_9.69_9.68_9.67_,118_818_230_236_524_
09:24:16,9.71,1,2318,9.72_9.73_9.74_9.75_9.76_,307_147_200_645_298_,9.71_9.70_9.69_9.68_9.67_,118_818_230_236_524_
09:24:21,9.71,1,2319,9.72_9.73_9.74_9.75_9.76_,299_147_200_645_298_,9.71_9.70_9.69_9.68_9.67_,117_818_230_236_524_
09:24:26,9.71,1,2319,9.72_9.73_9.74_9.75_9.76_,307_147_200_645_298_,9.71_9.70_9.69_9.68_9.67_,125_818_226_241_524_
09:24:32,9.71,1,2319,9.72_9.73_9.74_9.75_9.76_,300_147_200_645_298_,9.71_9.70_9.69_9.68_9.67_,126_818_226_241_524_
09:24:37,9.71,1,2319,9.72_9.73_9.74_9.75_9.76_,300_147_200_645_298_,9.71_9.70_9.69_9.68_9.67_,128_818_226_241_524_
09:24:47,9.71,1,2319,9.72_9.73_9.74_9.75_9.76_,302_147_200_545_298_,9.71_9.70_9.69_9.68_9.67_,138_818_226_241_524_
09:24:52,9.71,1,2320,9.72_9.73_9.74_9.75_9.76_,302_147_200_545_298_,9.71_9.70_9.69_9.68_9.67_,138_818_226_241_524_
09:25:02,9.71,1,2321,9.72_9.73_9.74_9.75_9.76_,302_147_200_545_298_,9.71_9.70_9.69_9.68_9.67_,137_818_226_241_524_
09:25:07,9.71,1,2321,9.72_9.73_9.74_9.75_9.76_,302_147_200_545_298_,9.71_9.70_9.69_9.68_9.67_,138_818_227_241_529_
09:25:23,9.71,1,2321,9.72_9.73_9.74_9.75_9.76_,301_147_200_545_298_,9.71_9.70_9.69_9.68_9.67_,138_825_225_241_529_
09:25:28,9.71,1,2321,9.72_9.73_9.74_9.75_9.76_,301_147_200_546_298_,9.71_9.70_9.69_9.68_9.67_,148_825_225_241_529_
09:25:33,9.72,7,2328,9.72_9.73_9.74_9.75_9.76_,305_147_200_546_298_,9.71_9.70_9.69_9.68_9.67_,150_825_225_241_529_
09:25:38,9.72,7,2328,9.72_9.73_9.74_9.75_9.76_,305_147_200_546_298_,9.71_9.70_9.69_9.68_9.67_,151_825_225_241_529_
09:25:43,9.72,7,2328,9.72_9.73_9.74_9.75_9.76_,306_147_200_546_298_,9.71_9.70_9.69_9.68_9.67_,151_825_225_241_529_
09:25:54,9.72,7,2328,9.72_9.73_9.74_9.75_9.76_,306_147_200_546_298_,9.71_9.70_9.69_9.68_9.67_,169_830_225_241_529_
09:25:59,9.72,7,2328,9.72_9.73_9.74_9.75_9.76_,305_147_200_546_298_,9.71_9.70_9.69_9.68_9.67_,169_830_225_241_529_
09:26:04,9.72,7,2328,9.72_9.73_9.74_9.75_9.76_,304_147_200_546_298_,9.71_9.70_9.69_9.68_9.67_,179_830_225_241_529_
09:26:09,9.72,20,2348,9.72_9.73_9.74_9.75_9.76_,284_147_200_546_298_,9.71_9.70_9.69_9.68_9.67_,179_830_225_241_529_
09:26:14,9.71,35,2383,9.72_9.73_9.74_9.75_9.76_,283_147_200_546_298_,9.71_9.70_9.69_9.68_9.67_,136_830_225_241_529_
09:26:19,9.71,35,2383,9.72_9.73_9.74_9.75_9.76_,283_147_200_546_298_,9.71_9.70_9.69_9.68_9.67_,122_830_221_241_529_
09:26:25,9.72,10,2393,9.72_9.73_9.74_9.75_9.76_,287_147_200_546_298_,9.71_9.70_9.69_9.68_9.67_,122_830_221_241_529_
09:26:30,9.71,7,2400,9.72_9.73_9.74_9.75_9.76_,287_147_200_546_298_,9.71_9.70_9.69_9.68_9.67_,115_830_221_241_529_
09:26:35,9.71,100,2500,9.72_9.73_9.74_9.75_9.76_,300_147_200_546_298_,9.71_9.70_9.69_9.68_9.67_,18_830_221_241_529_
09:26:40,9.71,4,2504,9.72_9.73_9.74_9.75_9.76_,305_147_200_546_298_,9.71_9.70_9.69_9.68_9.67_,32_829_220_241_529_
09:26:45,9.71,6,2510,9.72_9.73_9.74_9.75_9.76_,305_147_200_546_298_,9.71_9.70_9.69_9.68_9.67_,72_829_228_241_529_
09:26:50,9.71,1,2511,9.72_9.73_9.74_9.75_9.76_,305_147_200_546_298_,9.71_9.70_9.69_9.68_9.67_,71_829_228_241_529_
09:26:55,9.71,1,2511,9.72_9.73_9.74_9.75_9.76_,305_147_200_546_298_,9.71_9.70_9.69_9.68_9.67_,76_832_228_241_529_
09:27:01,9.72,4,2515,9.72_9.73_9.74_9.75_9.76_,302_147_200_546_298_,9.71_9.70_9.69_9.68_9.67_,76_832_228_241_529_
09:27:06,9.72,4,2515,9.72_9.73_9.74_9.75_9.76_,294_147_200_546_298_,9.71_9.70_9.69_9.68_9.67_,80_833_228_241_529_
09:27:11,9.72,4,2515,9.72_9.73_9.74_9.75_9.76_,294_147_200_546_298_,9.71_9.70_9.69_9.68_9.67_,81_833_228_241_529_
09:27:16,9.72,4,2515,9.72_9.73_9.74_9.75_9.76_,295_147_200_546_298_,9.71_9.70_9.69_9.68_9.67_,81_833_228_241_529_
09:27:26,9.71,4,2519,9.72_9.73_9.74_9.75_9.76_,295_147_200_546_298_,9.71_9.70_9.69_9.68_9.67_,77_833_228_241_529_
09:27:31,9.71,38,2557,9.72_9.73_9.74_9.75_9.76_,303_147_200_546_298_,9.71_9.70_9.69_9.68_9.67_,47_833_223_241_529_
09:27:36,9.71,143,2700,9.72_9.73_9.74_9.75_9.76_,303_147_200_546_298_,9.71_9.70_9.69_9.68_9.67_,4_832_223_241_529_
09:27:42,9.71,143,2700,9.72_9.73_9.74_9.75_9.76_,230_133_200_560_308_,9.71_9.70_9.69_9.68_9.67_,9_845_224_241_529_
09:27:47,9.72,38,2738,9.72_9.73_9.74_9.75_9.76_,194_133_200_560_308_,9.71_9.70_9.69_9.68_9.67_,10_845_224_241_529_
09:27:52,9.72,38,2738,9.72_9.73_9.74_9.75_9.76_,186_133_201_559_308_,9.71_9.70_9.69_9.68_9.67_,12_845_228_241_529_
09:27:57,9.72,38,2738,9.72_9.73_9.74_9.75_9.76_,187_133_201_559_308_,9.71_9.70_9.69_9.68_9.67_,12_845_228_241_529_
09:28:02,9.72,1,2739,9.72_9.73_9.74_9.75_9.76_,194_147_201_545_298_,9.71_9.70_9.69_9.68_9.67_,19_845_228_241_529_
09:28:07,9.72,1,2740,9.72_9.73_9.74_9.75_9.76_,194_147_201_545_298_,9.71_9.70_9.69_9.68_9.67_,25_845_228_241_529_
09:28:12,9.72,1,2740,9.72_9.73_9.74_9.75_9.76_,194_147_201_545_298_,9.71_9.70_9.69_9.68_9.67_,27_845_228_241_529_
09:28:23,9.72,1,2740,9.72_9.73_9.74_9.75_9.76_,194_147_201_545_298_,9.71_9.70_9.69_9.68_9.67_,66_845_228_241_529_
09:28:28,9.72,1,2740,9.72_9.73_9.74_9.75_9.76_,194_147_201_545_298_,9.71_9.70_9.69_9.68_9.67_,82_845_227_241_529_
09:28:33,9.71,15,2755,9.72_9.73_9.74_9.75_9.76_,194_147_201_545_298_,9.71_9.70_9.69_9.68_9.67_,71_845_226_241_529_
09:28:38,9.72,3,2758,9.72_9.73_9.74_9.75_9.76_,191_147_201_545_298_,9.71_9.70_9.69_9.68_9.67_,96_832_222_241_529_
09:28:43,9.72,3,2758,9.72_9.73_9.74_9.75_9.76_,191_147_201_555_298_,9.71_9.70_9.69_9.68_9.67_,96_832_222_241_529_
09:28:48,9.72,5,2763,9.72_9.73_9.74_9.75_9.76_,186_147_201_555_298_,9.71_9.70_9.69_9.68_9.67_,96_832_222_241_529_
09:28:54,9.72,2,2765,9.72_9.73_9.74_9.75_9.76_,185_147_201_555_298_,9.71_9.70_9.69_9.68_9.67_,106_833_222_241_529_
09:29:09,9.71,8,2773,9.72_9.73_9.74_9.75_9.76_,186_147_201_555_298_,9.71_9.70_9.69_9.68_9.67_,98_833_222_241_529_
09:29:14,9.72,2,2775,9.72_9.73_9.74_9.75_9.76_,184_147_201_555_298_,9.71_9.70_9.69_9.68_9.67_,103_833_223_241_529_
09:29:19,9.71,1,2776,9.72_9.73_9.74_9.75_9.76_,191_147_201_555_298_,9.71_9.70_9.69_9.68_9.67_,102_833_223_241_529_
09:29:24,9.71,1,2776,9.72_9.73_9.74_9.75_9.76_,191_147_201_555_298_,9.71_9.70_9.69_9.68_9.67_,92_833_223_241_529_
09:29:29,9.71,1,2776,9.72_9.73_9.74_9.75_9.76_,191_147_197_555_298_,9.71_9.70_9.69_9.68_9.67_,92_833_223_241_529_
09:29:35,9.71,1,2776,9.72_9.73_9.74_9.75_9.76_,201_147_197_555_298_,9.71_9.70_9.69_9.68_9.67_,92_833_223_241_529_
09:29:40,9.71,1,2776,9.72_9.73_9.74_9.75_9.76_,201_147_191_555_298_,9.71_9.70_9.69_9.68_9.67_,93_833_223_241_529_
09:29:45,9.71,1,2776,9.72_9.73_9.74_9.75_9.76_,201_147_191_555_298_,9.71_9.70_9.69_9.68_9.67_,99_833_223_241_529_
09:29:50,9.71,1,2777,9.72_9.73_9.74_9.75_9.76_,216_147_191_555_298_,9.71_9.70_9.69_9.68_9.67_,98_833_223_241_529_
09:30:00,9.72,5,2782,9.72_9.73_9.74_9.75_9.76_,211_147_191_555_298_,9.71_9.70_9.69_9.68_9.67_,98_833_223_241_529_
09:30:05,9.72,1,2783,9.72_9.73_9.74_9.75_9.76_,200_147_191_555_298_,9.71_9.70_9.69_9.68_9.67_,98_833_223_241_529_
09:30:21,9.72,1,2783,9.72_9.73_9.74_9.75_9.76_,202_147_191_555_298_,9.71_9.70_9.69_9.68_9.67_,98_833_223_241_529_
09:30:26,9.71,11,2794,9.72_9.73_9.74_9.75_9.76_,204_147_191_555_298_,9.71_9.70_9.69_9.68_9.67_,89_833_223_241_529_
09:30:31,9.71,1,2795,9.72_9.73_9.74_9.75_9.76_,205_147_207_555_298_,9.71_9.70_9.69_9.68_9.67_,95_833_223_241_529_
09:30:36,9.71,1,2795,9.72_9.73_9.74_9.75_9.76_,205_147_207_555_298_,9.71_9.70_9.69_9.68_9.67_,96_833_223_241_529_
09:30:52,9.71,4,2799,9.72_9.73_9.74_9.75_9.76_,209_147_207_555_298_,9.71_9.70_9.69_9.68_9.67_,97_833_223_241_529_
09:30:57,9.71,4,2799,9.72_9.73_9.74_9.75_9.76_,215_147_207_555_298_,9.71_9.70_9.69_9.68_9.67_,97_833_231_241_529_
09:31:07,9.71,4,2799,9.72_9.73_9.74_9.75_9.76_,216_147_207_555_298_,9.71_9.70_9.69_9.68_9.67_,97_833_231_241_529_
09:31:12,9.72,1,2800,9.72_9.73_9.74_9.75_9.76_,215_147_207_555_298_,9.71_9.70_9.69_9.68_9.67_,97_833_231_241_529_
09:31:17,9.72,1,2800,9.72_9.73_9.74_9.75_9.76_,226_147_207_555_298_,9.71_9.70_9.69_9.68_9.67_,100_833_231_241_529_
09:31:22,9.72,1,2800,9.72_9.73_9.74_9.75_9.76_,226_147_207_555_298_,9.71_9.70_9.69_9.68_9.67_,106_1033_231_241_529_
09:31:27,9.72,1,2800,9.72_9.73_9.74_9.75_9.76_,226_147_207_555_298_,9.71_9.70_9.69_9.68_9.67_,106_1045_221_241_529_
09:31:33,9.72,5,2805,9.72_9.73_9.74_9.75_9.76_,223_147_207_555_298_,9.71_9.70_9.69_9.68_9.67_,106_1045_221_241_529_
09:31:38,9.72,5,2805,9.72_9.73_9.74_9.75_9.76_,223_147_207_555_298_,9.71_9.70_9.69_9.68_9.67_,107_1045_221_241_529_
09:32:03,9.72,5,2805,9.72_9.73_9.74_9.75_9.76_,226_163_191_555_298_,9.71_9.70_9.69_9.68_9.67_,107_1045_221_241_529_
09:32:24,9.72,5,2805,9.72_9.73_9.74_9.75_9.76_,228_163_191_555_298_,9.71_9.70_9.69_9.68_9.67_,107_1045_221_241_529_
09:32:29,9.72,1,2806,9.72_9.73_9.74_9.75_9.76_,228_163_191_555_298_,9.71_9.70_9.69_9.68_9.67_,107_1045_222_241_529_
09:32:34,9.72,1,2807,9.72_9.73_9.74_9.75_9.76_,228_163_191_555_298_,9.71_9.70_9.69_9.68_9.67_,107_1045_222_241_529_
09:32:39,9.72,2,2809,9.72_9.73_9.74_9.75_9.76_,226_163_191_555_298_,9.71_9.70_9.69_9.68_9.67_,107_1045_222_241_529_
09:33:00,9.72,4,2813,9.72_9.73_9.74_9.75_9.76_,222_163_191_555_298_,9.71_9.70_9.69_9.68_9.67_,107_1045_222_241_529_
09:33:05,9.72,4,2813,9.72_9.73_9.74_9.75_9.76_,222_163_191_555_298_,9.71_9.70_9.69_9.68_9.67_,114_1046_222_241_529_
09:33:10,9.72,4,2813,9.72_9.73_9.74_9.75_9.76_,221_163_191_555_298_,9.71_9.70_9.69_9.68_9.67_,114_1046_222_241_529_
09:33:15,9.72,1,2814,9.72_9.73_9.74_9.75_9.76_,221_163_191_555_298_,9.71_9.70_9.69_9.68_9.67_,115_1046_222_241_529_
09:33:25,9.72,1,2814,9.72_9.73_9.74_9.75_9.76_,220_163_191_555_298_,9.71_9.70_9.69_9.68_9.67_,115_1046_222_242_529_
09:33:30,9.72,1,2814,9.72_9.73_9.74_9.75_9.76_,220_163_191_555_298_,9.71_9.70_9.69_9.68_9.67_,115_1046_222_242_530_
09:33:41,9.71,37,2851,9.72_9.73_9.74_9.75_9.76_,220_163_191_556_298_,9.71_9.70_9.69_9.68_9.67_,79_1046_222_242_530_
09:33:46,9.71,37,2851,9.72_9.73_9.74_9.75_9.76_,220_163_191_556_298_,9.71_9.70_9.69_9.68_9.67_,276_1046_222_242_530_
09:33:51,9.72,3,2854,9.72_9.73_9.74_9.75_9.76_,217_163_191_556_298_,9.71_9.70_9.69_9.68_9.67_,316_1031_221_242_530_
09:33:56,9.71,19,2873,9.72_9.73_9.74_9.75_9.76_,212_154_191_556_298_,9.71_9.70_9.69_9.68_9.67_,297_1031_221_242_530_
09:34:01,9.71,19,2873,9.72_9.73_9.74_9.75_9.76_,213_188_191_556_298_,9.71_9.70_9.69_9.68_9.67_,297_1031_221_242_530_
09:34:06,9.71,1,2874,9.72_9.73_9.74_9.75_9.76_,213_188_191_556_298_,9.71_9.70_9.69_9.68_9.67_,296_1031_221_242_530_
09:34:17,9.71,1,2874,9.72_9.73_9.74_9.75_9.76_,213_188_191_556_298_,9.71_9.70_9.69_9.68_9.67_,306_1031_221_242_530_
09:34:22,9.71,1,2875,9.72_9.73_9.74_9.75_9.76_,213_188_191_556_298_,9.71_9.70_9.69_9.68_9.67_,305_1031_221_244_530_
09:34:27,9.71,1,2876,9.72_9.73_9.74_9.75_9.76_,213_188_191_556_298_,9.71_9.70_9.69_9.68_9.67_,304_1031_221_244_530_
09:34:32,9.72,5,2881,9.72_9.73_9.74_9.75_9.76_,213_188_191_556_298_,9.71_9.70_9.69_9.68_9.67_,304_1031_221_244_530_
09:34:37,9.72,5,2881,9.72_9.73_9.74_9.75_9.76_,213_188_191_554_298_,9.71_9.70_9.69_9.68_9.67_,295_1031_221_244_530_
09:34:42,9.72,5,2881,9.72_9.73_9.74_9.75_9.76_,215_188_191_554_298_,9.71_9.70_9.69_9.68_9.67_,295_1031_221_244_530_
09:34:52,9.72,1,2882,9.72_9.73_9.74_9.75_9.76_,214_188_191_554_298_,9.71_9.70_9.69_9.68_9.67_,312_1031_221_244_530_
09:35:03,9.72,1,2882,9.72_9.73_9.74_9.75_9.76_,230_172_191_554_298_,9.71_9.70_9.69_9.68_9.67_,312_1031_221_244_530_
09:35:23,9.72,1,2883,9.72_9.73_9.74_9.75_9.76_,230_172_191_554_298_,9.71_9.70_9.69_9.68_9.67_,313_1031_221_244_530_
09:35:28,9.72,1,2883,9.72_9.73_9.74_9.75_9.76_,229_172_191_554_298_,9.71_9.70_9.69_9.68_9.67_,313_1031_221_244_530_
09:35:44,9.72,1,2883,9.72_9.73_9.74_9.75_9.76_,229_172_191_554_298_,9.71_9.70_9.69_9.68_9.67_,314_1031_221_244_530_
09:35:49,9.72,1,2883,9.72_9.73_9.74_9.75_9.76_,230_172_191_554_298_,9.71_9.70_9.69_9.68_9.67_,314_1031_221_244_530_
09:35:54,9.72,1,2884,9.72_9.73_9.74_9.75_9.76_,230_172_191_554_298_,9.71_9.70_9.69_9.68_9.67_,313_1031_221_244_530_
09:35:59,9.72,4,2888,9.72_9.73_9.74_9.75_9.76_,226_172_191_554_298_,9.71_9.70_9.69_9.68_9.67_,313_1031_221_244_530_
09:36:04,9.72,4,2888,9.72_9.73_9.74_9.75_9.76_,226_172_191_557_298_,9.71_9.70_9.69_9.68_9.67_,313_1031_221_244_530_
09:36:09,9.72,4,2888,9.72_9.73_9.74_9.75_9.76_,227_172_191_557_298_,9.71_9.70_9.69_9.68_9.67_,313_1031_221_244_530_
09:36:14,9.72,4,2888,9.72_9.73_9.74_9.75_9.76_,228_172_191_557_298_,9.71_9.70_9.69_9.68_9.67_,312_1031_221_244_530_
09:36:20,9.72,4,2888,9.72_9.73_9.74_9.75_9.76_,228_172_191_557_298_,9.71_9.70_9.69_9.68_9.67_,312_1039_221_244_530_
09:36:35,9.71,1,2889,9.72_9.73_9.74_9.75_9.76_,228_172_191_557_298_,9.71_9.70_9.69_9.68_9.67_,311_1039_221_244_530_
09:36:40,9.71,1,2889,9.72_9.73_9.74_9.75_9.76_,228_172_191_557_298_,9.71_9.70_9.69_9.68_9.67_,313_1039_221_244_530_
09:36:45,9.71,1,2889,9.72_9.73_9.74_9.75_9.76_,229_172_191_557_298_,9.71_9.70_9.69_9.68_9.67_,313_1039_221_244_530_
09:36:51,9.72,2,2891,9.72_9.73_9.74_9.75_9.76_,227_172_191_557_293_,9.71_9.70_9.69_9.68_9.67_,311_1039_221_244_530_
09:36:56,9.72,2,2891,9.72_9.73_9.74_9.75_9.76_,227_172_191_557_293_,9.71_9.70_9.69_9.68_9.67_,321_1039_221_244_530_
09:37:01,9.72,2,2891,9.72_9.73_9.74_9.75_9.76_,228_172_191_557_293_,9.71_9.70_9.69_9.68_9.67_,321_1039_221_244_530_
09:37:06,9.71,1,2892,9.72_9.73_9.74_9.75_9.76_,228_172_191_557_293_,9.71_9.70_9.69_9.68_9.67_,320_1039_221_244_530_
09:37:16,9.72,2,2894,9.72_9.73_9.74_9.75_9.76_,225_172_191_557_293_,9.71_9.70_9.69_9.68_9.67_,320_1039_221_244_530_
09:37:26,9.72,4,2898,9.72_9.73_9.74_9.75_9.76_,221_172_191_557_293_,9.71_9.70_9.69_9.68_9.67_,320_1039_221_244_530_
09:37:32,9.72,4,2902,9.72_9.73_9.74_9.75_9.76_,218_172_191_557_293_,9.71_9.70_9.69_9.68_9.67_,328_1033_221_244_530_
09:37:37,9.72,4,2902,9.72_9.73_9.74_9.75_9.76_,239_163_199_557_293_,9.71_9.70_9.69_9.68_9.67_,329_1033_221_254_530_
09:37:42,9.72,31,2933,9.72_9.73_9.74_9.75_9.76_,210_162_198_557_293_,9.71_9.70_9.69_9.68_9.67_,329_1033_221_254_530_
09:37:47,9.72,2,2935,9.72_9.73_9.74_9.75_9.76_,212_162_198_557_293_,9.71_9.70_9.69_9.68_9.67_,329_1033_221_254_530_
09:37:52,9.72,2,2935,9.72_9.73_9.74_9.75_9.76_,212_162_198_557_298_,9.71_9.70_9.69_9.68_9.67_,329_1033_221_254_530_
09:38:02,9.72,2,2935,9.72_9.73_9.74_9.75_9.76_,212_163_190_557_298_,9.71_9.70_9.69_9.68_9.67_,329_1033_221_254_530_
09:38:07,9.72,10,2945,9.72_9.73_9.74_9.75_9.76_,202_163_190_557_298_,9.71_9.70_9.69_9.68_9.67_,329_1033_221_254_530_
09:38:13,9.72,1,2946,9.72_9.73_9.74_9.75_9.76_,301_163_190_557_298_,9.71_9.70_9.69_9.68_9.67_,329_1033_221_254_530_
09:38:18,9.72,1,2946,9.72_9.73_9.74_9.75_9.76_,305_163_190_557_298_,9.71_9.70_9.69_9.68_9.67_,329_1033_221_254_530_
09:38:23,9.72,38,2984,9.72_9.73_9.74_9.75_9.76_,268_163_190_557_298_,9.71_9.70_9.69_9.68_9.67_,328_1033_221_264_530_
09:38:28,9.72,3,2987,9.72_9.73_9.74_9.75_9.76_,265_173_190_557_298_,9.71_9.70_9.69_9.68_9.67_,328_1033_221_264_530_
09:38:33,9.72,100,3087,9.72_9.73_9.74_9.75_9.76_,165_173_200_557_298_,9.71_9.70_9.69_9.68_9.67_,328_1033_221_264_530_
09:38:38,9.72,101,3188,9.72_9.73_9.74_9.75_9.76_,59_177_200_567_298_,9.71_9.70_9.69_9.68_9.67_,329_1024_221_266_530_
09:38:43,9.72,16,3204,9.72_9.73_9.74_9.75_9.76_,64_177_204_567_298_,9.71_9.70_9.69_9.68_9.67_,329_1024_221_266_530_
09:38:49,9.72,16,3204,9.72_9.73_9.74_9.75_9.76_,65_227_204_567_298_,9.71_9.70_9.69_9.68_9.67_,329_1024_221_266_530_
09:38:54,9.72,65,3269,9.73_9.74_9.75_9.76_9.77_,228_204_567_298_18_,9.72_9.71_9.70_9.69_9.68_,5_329_1024_221_266_
09:38:59,9.73,4,3273,9.73_9.74_9.75_9.76_9.77_,226_275_573_61_255_,9.72_9.71_9.70_9.69_9.68_,112_275_1037_220_516_
09:39:04,9.73,4,3273,9.73_9.74_9.75_9.76_9.77_,176_277_567_61_255_,9.72_9.71_9.70_9.69_9.68_,133_271_956_220_516_
09:39:09,9.72,1,3274,9.73_9.74_9.75_9.76_9.77_,177_277_568_61_255_,9.72_9.71_9.70_9.69_9.68_,132_271_956_220_516_
09:39:14,9.72,1,3274,9.73_9.74_9.75_9.76_9.77_,177_277_568_61_255_,9.72_9.71_9.70_9.69_9.68_,136_270_956_220_516_
09:39:19,9.72,1,3274,9.73_9.74_9.75_9.76_9.77_,177_277_568_61_255_,9.72_9.71_9.70_9.69_9.68_,136_260_956_220_516_
09:39:24,9.72,100,3374,9.73_9.74_9.75_9.76_9.77_,177_277_567_61_255_,9.72_9.71_9.70_9.69_9.68_,79_261_956_220_516_
09:39:30,9.73,11,3385,9.73_9.74_9.75_9.76_9.77_,166_277_581_61_255_,9.72_9.71_9.70_9.69_9.68_,92_259_956_220_516_
09:39:35,9.72,2,3387,9.73_9.74_9.75_9.76_9.77_,167_277_581_61_255_,9.72_9.71_9.70_9.69_9.68_,117_259_956_220_516_
09:39:40,9.72,5,3392,9.73_9.74_9.75_9.76_9.77_,168_277_581_61_255_,9.72_9.71_9.70_9.69_9.68_,113_258_956_220_516_
09:39:45,9.72,2,3394,9.73_9.74_9.75_9.76_9.77_,168_277_581_61_255_,9.72_9.71_9.70_9.69_9.68_,114_256_958_220_516_
09:39:55,9.72,10,3404,9.73_9.74_9.75_9.76_9.77_,168_277_581_61_255_,9.72_9.71_9.70_9.69_9.68_,104_256_958_220_516_
09:40:00,9.72,10,3404,9.73_9.74_9.75_9.76_9.77_,168_280_581_61_255_,9.72_9.71_9.70_9.69_9.68_,104_257_958_220_516_
09:40:05,9.72,10,3404,9.73_9.74_9.75_9.76_9.77_,168_281_581_61_255_,9.72_9.71_9.70_9.69_9.68_,120_257_965_220_516_
09:40:11,9.72,10,3404,9.73_9.74_9.75_9.76_9.77_,169_281_581_61_255_,9.72_9.71_9.70_9.69_9.68_,120_257_965_220_516_
09:40:21,9.72,53,3457,9.73_9.74_9.75_9.76_9.77_,219_281_581_61_255_,9.72_9.71_9.70_9.69_9.68_,67_267_965_220_516_
09:40:26,9.72,3,3460,9.73_9.74_9.75_9.76_9.77_,219_281_581_61_255_,9.72_9.71_9.70_9.69_9.68_,67_267_965_220_516_
09:40:31,9.73,5,3465,9.73_9.74_9.75_9.76_9.77_,219_281_581_61_255_,9.72_9.71_9.70_9.69_9.68_,80_267_958_220_516_
09:40:36,9.72,12,3477,9.73_9.74_9.75_9.76_9.77_,213_281_581_61_255_,9.72_9.71_9.70_9.69_9.68_,65_268_936_220_516_
09:40:41,9.73,2,3479,9.73_9.74_9.75_9.76_9.77_,211_281_581_61_255_,9.72_9.71_9.70_9.69_9.68_,71_268_937_220_516_
09:40:46,9.73,2,3479,9.73_9.74_9.75_9.76_9.77_,211_281_581_61_255_,9.72_9.71_9.70_9.69_9.68_,108_268_937_220_516_
09:40:52,9.73,2,3479,9.73_9.74_9.75_9.76_9.77_,211_281_582_61_255_,9.72_9.71_9.70_9.69_9.68_,112_268_937_220_516_
09:41:02,9.73,1,3480,9.73_9.74_9.75_9.76_9.77_,211_281_582_61_255_,9.72_9.71_9.70_9.69_9.68_,113_268_937_220_516_
09:41:07,9.73,30,3510,9.73_9.74_9.75_9.76_9.77_,182_281_582_61_255_,9.72_9.71_9.70_9.69_9.68_,113_268_937_220_516_
09:41:12,9.72,98,3608,9.73_9.74_9.75_9.76_9.77_,182_281_582_61_255_,9.72_9.71_9.70_9.69_9.68_,15_268_937_220_516_
09:41:17,9.72,4,3612,9.73_9.74_9.75_9.76_9.77_,188_281_583_61_255_,9.72_9.71_9.70_9.69_9.68_,27_267_936_220_516_
09:41:22,9.73,8,3620,9.73_9.74_9.75_9.76_9.77_,181_281_583_61_255_,9.72_9.71_9.70_9.69_9.68_,68_267_936_220_516_
09:41:27,9.73,8,3620,9.73_9.74_9.75_9.76_9.77_,175_281_583_61_255_,9.72_9.71_9.70_9.69_9.68_,73_267_936_220_518_
09:41:38,9.73,8,3620,9.73_9.74_9.75_9.76_9.77_,177_281_583_61_255_,9.72_9.71_9.70_9.69_9.68_,73_267_936_220_518_
09:41:43,9.73,8,3620,9.73_9.74_9.75_9.76_9.77_,177_281_583_61_255_,9.72_9.71_9.70_9.69_9.68_,74_267_936_220_518_
09:41:53,9.72,3,3623,9.73_9.74_9.75_9.76_9.77_,177_281_583_61_255_,9.72_9.71_9.70_9.69_9.68_,71_267_936_220_518_
09:41:58,9.72,60,3683,9.73_9.74_9.75_9.76_9.77_,177_281_583_61_255_,9.72_9.71_9.70_9.69_9.68_,15_268_936_220_518_
09:42:03,9.72,4,3687,9.73_9.74_9.75_9.76_9.77_,177_281_583_61_255_,9.72_9.71_9.70_9.69_9.68_,17_267_936_220_521_
09:42:09,9.72,1,3688,9.73_9.74_9.75_9.76_9.77_,214_281_583_61_255_,9.72_9.71_9.70_9.69_9.68_,15_267_936_220_521_
09:42:19,9.72,1,3688,9.73_9.74_9.75_9.76_9.77_,214_281_583_61_255_,9.72_9.71_9.70_9.69_9.68_,24_267_936_220_521_
09:42:24,9.72,1,3688,9.73_9.74_9.75_9.76_9.77_,208_282_582_61_255_,9.72_9.71_9.70_9.69_9.68_,33_267_936_220_521_
09:42:29,9.72,2,3690,9.73_9.74_9.75_9.76_9.77_,208_282_582_61_255_,9.72_9.71_9.70_9.69_9.68_,31_267_936_220_521_
09:42:34,9.72,2,3690,9.73_9.74_9.75_9.76_9.77_,214_282_582_61_255_,9.72_9.71_9.70_9.69_9.68_,35_266_936_220_521_
09:42:39,9.72,17,3707,9.73_9.74_9.75_9.76_9.77_,208_282_582_61_255_,9.72_9.71_9.70_9.69_9.68_,18_266_936_220_521_
09:42:44,9.72,17,3707,9.73_9.74_9.75_9.76_9.77_,214_282_582_61_255_,9.72_9.71_9.70_9.69_9.68_,23_266_934_220_521_
09:42:49,9.72,2,3709,9.73_9.74_9.75_9.76_9.77_,208_282_582_61_255_,9.72_9.71_9.70_9.69_9.68_,22_266_934_220_521_
09:42:55,9.72,2,3709,9.73_9.74_9.75_9.76_9.77_,214_282_582_61_255_,9.72_9.71_9.70_9.69_9.68_,34_266_934_220_521_
09:43:00,9.72,2,3709,9.73_9.74_9.75_9.76_9.77_,208_282_582_61_255_,9.72_9.71_9.70_9.69_9.68_,34_266_934_220_521_
09:43:05,9.72,1,3710,9.73_9.74_9.75_9.76_9.77_,208_282_582_61_255_,9.72_9.71_9.70_9.69_9.68_,33_266_934_220_521_
09:43:10,9.72,1,3711,9.73_9.74_9.75_9.76_9.77_,214_282_582_61_255_,9.72_9.71_9.70_9.69_9.68_,32_266_934_220_521_
09:43:20,9.72,1,3711,9.73_9.74_9.75_9.76_9.77_,213_282_582_61_255_,9.72_9.71_9.70_9.69_9.68_,32_266_934_220_521_
09:43:25,9.72,1,3712,9.73_9.74_9.75_9.76_9.77_,207_282_593_61_255_,9.72_9.71_9.70_9.69_9.68_,31_266_934_320_521_
09:43:30,9.73,4,3716,9.73_9.74_9.75_9.76_9.77_,210_282_593_61_255_,9.72_9.71_9.70_9.69_9.68_,31_266_934_320_521_
09:43:36,9.72,1,3717,9.73_9.74_9.75_9.76_9.77_,204_282_591_61_255_,9.72_9.71_9.70_9.69_9.68_,30_266_934_320_521_
09:43:41,9.72,1,3717,9.73_9.74_9.75_9.76_9.77_,204_282_591_61_255_,9.72_9.71_9.70_9.69_9.68_,30_267_934_320_521_
09:43:46,9.72,1,3718,9.73_9.74_9.75_9.76_9.77_,205_282_591_61_255_,9.72_9.71_9.70_9.69_9.68_,30_267_934_320_521_
09:43:51,9.73,1,3719,9.73_9.74_9.75_9.76_9.77_,204_282_589_61_255_,9.72_9.71_9.70_9.69_9.68_,30_267_934_320_521_
09:43:56,9.72,1,3720,9.73_9.74_9.75_9.76_9.77_,204_282_587_61_255_,9.72_9.71_9.70_9.69_9.68_,29_267_934_320_521_
09:44:01,9.72,1,3720,9.73_9.74_9.75_9.76_9.77_,204_282_585_61_255_,9.72_9.71_9.70_9.69_9.68_,36_267_934_320_521_
09:44:06,9.72,1,3721,9.73_9.74_9.75_9.76_9.77_,206_282_585_61_255_,9.72_9.71_9.70_9.69_9.68_,37_267_934_320_521_
09:44:11,9.72,1,3721,9.73_9.74_9.75_9.76_9.77_,206_282_583_61_255_,9.72_9.71_9.70_9.69_9.68_,37_267_934_320_521_
09:44:16,9.72,1,3722,9.73_9.74_9.75_9.76_9.77_,206_282_582_61_255_,9.72_9.71_9.70_9.69_9.68_,236_267_934_320_521_
09:44:22,9.73,1,3723,9.73_9.74_9.75_9.76_9.77_,211_282_580_61_255_,9.72_9.71_9.70_9.69_9.68_,243_278_934_320_521_
09:44:27,9.73,1,3723,9.73_9.74_9.75_9.76_9.77_,205_282_579_61_255_,9.72_9.71_9.70_9.69_9.68_,243_278_934_320_521_
09:44:32,9.73,1,3723,9.73_9.74_9.75_9.76_9.77_,305_283_579_61_255_,9.72_9.71_9.70_9.69_9.68_,250_278_931_320_521_
09:44:37,9.73,1,3723,9.73_9.74_9.75_9.76_9.77_,308_283_577_61_255_,9.72_9.71_9.70_9.69_9.68_,250_278_931_320_521_
09:44:42,9.73,1,3723,9.73_9.74_9.75_9.76_9.77_,308_283_577_61_255_,9.72_9.71_9.70_9.69_9.68_,252_278_931_320_521_
09:44:47,9.73,1,3723,9.73_9.74_9.75_9.76_9.77_,313_283_577_61_255_,9.72_9.71_9.70_9.69_9.68_,252_278_931_320_521_
09:44:57,9.73,5,3728,9.73_9.74_9.75_9.76_9.77_,309_283_577_61_255_,9.72_9.71_9.70_9.69_9.68_,252_278_931_320_521_
09:45:03,9.73,5,3728,9.73_9.74_9.75_9.76_9.77_,309_283_577_61_255_,9.72_9.71_9.70_9.69_9.68_,252_278_932_320_521_
09:45:18,9.73,5,3728,9.73_9.74_9.75_9.76_9.77_,310_283_577_61_255_,9.72_9.71_9.70_9.69_9.68_,252_278_932_320_521_
09:45:28,9.73,5,3728,9.73_9.74_9.75_9.76_9.77_,310_283_577_61_255_,9.72_9.71_9.70_9.69_9.68_,255_279_932_320_521_
09:45:33,9.73,5,3728,9.73_9.74_9.75_9.76_9.77_,310_283_577_61_255_,9.72_9.71_9.70_9.69_9.68_,248_279_932_320_521_
09:45:38,9.72,37,3765,9.73_9.74_9.75_9.76_9.77_,310_283_577_61_255_,9.72_9.71_9.70_9.69_9.68_,221_279_932_320_521_
09:45:44,9.72,96,3861,9.73_9.74_9.75_9.76_9.77_,279_283_577_61_255_,9.72_9.71_9.70_9.69_9.68_,148_263_931_320_521_
09:45:49,9.72,100,3961,9.73_9.74_9.75_9.76_9.77_,279_283_577_61_255_,9.72_9.71_9.70_9.69_9.68_,75_272_931_320_521_
09:45:54,9.72,43,4004,9.73_9.74_9.75_9.76_9.77_,279_283_577_61_255_,9.72_9.71_9.70_9.69_9.68_,32_272_940_320_521_
09:45:59,9.73,4,4008,9.73_9.74_9.75_9.76_9.77_,282_283_577_61_255_,9.72_9.71_9.70_9.69_9.68_,57_263_931_320_521_
09:46:04,9.73,4,4008,9.73_9.74_9.75_9.76_9.77_,276_283_577_61_255_,9.72_9.71_9.70_9.69_9.68_,59_262_931_320_521_
09:46:09,9.72,5,4013,9.73_9.74_9.75_9.76_9.77_,276_283_577_61_255_,9.72_9.71_9.70_9.69_9.68_,56_262_931_320_521_
09:46:14,9.72,32,4045,9.73_9.74_9.75_9.76_9.77_,282_283_577_61_255_,9.72_9.71_9.70_9.69_9.68_,24_262_931_320_521_
09:46:20,9.73,1,4046,9.73_9.74_9.75_9.76_9.77_,282_283_577_61_255_,9.72_9.71_9.70_9.69_9.68_,60_265_931_320_521_
09:46:25,9.73,1,4046,9.73_9.74_9.75_9.76_9.77_,275_283_577_61_257_,9.72_9.71_9.70_9.69_9.68_,63_266_931_320_521_
09:46:30,9.73,4,4050,9.73_9.74_9.75_9.76_9.77_,271_283_577_61_257_,9.72_9.71_9.70_9.69_9.68_,63_266_931_320_521_
09:46:35,9.72,2,4052,9.73_9.74_9.75_9.76_9.77_,271_283_577_71_257_,9.72_9.71_9.70_9.69_9.68_,61_266_931_320_521_
09:46:40,9.72,2,4052,9.73_9.74_9.75_9.76_9.77_,278_283_577_71_257_,9.72_9.71_9.70_9.69_9.68_,61_266_932_320_521_
09:46:45,9.72,22,4074,9.73_9.74_9.75_9.76_9.77_,272_283_577_71_257_,9.72_9.71_9.70_9.69_9.68_,40_266_932_320_521_
09:46:50,9.72,22,4074,9.73_9.74_9.75_9.76_9.77_,280_283_577_71_257_,9.72_9.71_9.70_9.69_9.68_,45_263_931_320_521_
09:46:56,9.72,2,4076,9.73_9.74_9.75_9.76_9.77_,279_283_577_71_257_,9.72_9.71_9.70_9.69_9.68_,43_263_931_320_521_
09:47:01,9.72,2,4076,9.73_9.74_9.75_9.76_9.77_,279_283_577_71_257_,9.72_9.71_9.70_9.69_9.68_,42_263_931_320_521_
09:47:06,9.73,19,4095,9.73_9.74_9.75_9.76_9.77_,260_283_577_71_257_,9.72_9.71_9.70_9.69_9.68_,42_263_931_320_521_
09:47:11,9.73,19,4095,9.73_9.74_9.75_9.76_9.77_,253_283_580_71_257_,9.72_9.71_9.70_9.69_9.68_,44_265_931_320_521_
09:47:16,9.72,2,4097,9.73_9.74_9.75_9.76_9.77_,253_283_580_71_257_,9.72_9.71_9.70_9.69_9.68_,42_265_931_320_521_
09:47:21,9.72,2,4099,9.73_9.74_9.75_9.76_9.77_,259_283_580_71_257_,9.72_9.71_9.70_9.69_9.68_,40_265_931_320_521_
09:47:26,9.72,10,4109,9.73_9.74_9.75_9.76_9.77_,266_283_580_71_257_,9.72_9.71_9.70_9.69_9.68_,30_265_931_320_521_
09:47:31,9.72,10,4109,9.73_9.74_9.75_9.76_9.77_,266_283_580_71_257_,9.72_9.71_9.70_9.69_9.68_,30_265_932_320_521_
09:47:37,9.72,10,4109,9.73_9.74_9.75_9.76_9.77_,266_283_580_71_257_,9.72_9.71_9.70_9.69_9.68_,30_264_932_320_521_
09:47:42,9.72,2,4111,9.73_9.74_9.75_9.76_9.77_,259_283_580_71_257_,9.72_9.71_9.70_9.69_9.68_,29_264_932_320_521_
09:47:47,9.72,2,4111,9.73_9.74_9.75_9.76_9.77_,266_283_580_71_257_,9.72_9.71_9.70_9.69_9.68_,29_264_932_320_521_
09:47:57,9.73,4,4115,9.73_9.74_9.75_9.76_9.77_,262_283_580_71_257_,9.72_9.71_9.70_9.69_9.68_,29_264_932_320_521_
09:48:02,9.72,2,4117,9.73_9.74_9.75_9.76_9.77_,255_283_580_71_257_,9.72_9.71_9.70_9.69_9.68_,27_264_932_320_521_
09:48:07,9.72,2,4117,9.73_9.74_9.75_9.76_9.77_,262_282_580_71_257_,9.72_9.71_9.70_9.69_9.68_,27_264_939_320_521_
09:48:13,9.72,1,4118,9.73_9.74_9.75_9.76_9.77_,255_280_580_71_257_,9.72_9.71_9.70_9.69_9.68_,26_264_939_320_521_
09:48:18,9.72,1,4118,9.73_9.74_9.75_9.76_9.77_,263_280_580_71_257_,9.72_9.71_9.70_9.69_9.68_,26_264_939_320_521_
09:48:23,9.72,1,4119,9.73_9.74_9.75_9.76_9.77_,257_277_580_71_257_,9.72_9.71_9.70_9.69_9.68_,25_264_939_320_521_
09:48:28,9.72,1,4119,9.73_9.74_9.75_9.76_9.77_,264_277_580_71_257_,9.72_9.71_9.70_9.69_9.68_,25_264_939_320_521_
09:48:33,9.72,1,4120,9.73_9.74_9.75_9.76_9.77_,263_275_582_71_257_,9.72_9.71_9.70_9.69_9.68_,24_314_939_320_521_
09:48:38,9.72,1,4120,9.73_9.74_9.75_9.76_9.77_,263_270_582_71_257_,9.72_9.71_9.70_9.69_9.68_,24_314_939_320_521_
09:48:43,9.72,1,4121,9.73_9.74_9.75_9.76_9.77_,256_270_582_71_257_,9.72_9.71_9.70_9.69_9.68_,25_314_989_320_521_
09:48:49,9.72,1,4121,9.73_9.74_9.75_9.76_9.77_,263_270_582_71_257_,9.72_9.71_9.70_9.69_9.68_,25_314_989_320_521_
09:48:54,9.72,6,4127,9.73_9.74_9.75_9.76_9.77_,256_270_582_71_257_,9.72_9.71_9.70_9.69_9.68_,19_314_989_320_521_
09:48:59,9.73,10,4137,9.73_9.74_9.75_9.76_9.77_,258_270_582_71_257_,9.72_9.71_9.70_9.69_9.68_,19_314_989_320_521_
09:49:04,9.73,10,4137,9.73_9.74_9.75_9.76_9.77_,252_270_582_71_257_,9.72_9.71_9.70_9.69_9.68_,19_314_989_320_521_
09:49:09,9.73,10,4137,9.73_9.74_9.75_9.76_9.77_,253_270_582_71_257_,9.72_9.71_9.70_9.69_9.68_,20_314_989_320_521_
09:49:14,9.73,10,4137,9.73_9.74_9.75_9.76_9.77_,254_269_582_71_257_,9.72_9.71_9.70_9.69_9.68_,20_314_989_320_531_
09:49:19,9.72,2,4139,9.73_9.74_9.75_9.76_9.77_,254_269_582_71_257_,9.72_9.71_9.70_9.69_9.68_,18_314_989_320_531_
09:49:25,9.73,10,4149,9.73_9.74_9.75_9.76_9.77_,244_269_582_71_257_,9.72_9.71_9.70_9.69_9.68_,18_314_989_320_531_
09:49:30,9.73,5,4154,9.73_9.74_9.75_9.76_9.77_,241_269_582_71_257_,9.72_9.71_9.70_9.69_9.68_,18_314_989_320_531_
09:49:35,9.73,5,4154,9.73_9.74_9.75_9.76_9.77_,241_269_582_71_257_,9.72_9.71_9.70_9.69_9.68_,21_314_989_320_531_
09:49:40,9.72,2,4156,9.73_9.74_9.75_9.76_9.77_,242_269_582_71_257_,9.72_9.71_9.70_9.69_9.68_,24_314_989_320_531_
09:49:45,9.72,25,4181,9.72_9.73_9.74_9.75_9.76_,176_243_270_582_71_,9.71_9.70_9.69_9.68_9.67_,314_989_330_531_322_
09:49:50,9.71,166,4347,9.72_9.73_9.74_9.75_9.76_,20_210_234_582_308_,9.71_9.70_9.69_9.68_9.67_,154_1068_337_281_572_
09:49:55,9.72,15,4362,9.72_9.73_9.74_9.75_9.76_,13_218_221_582_308_,9.71_9.70_9.69_9.68_9.67_,210_1085_337_281_572_
09:50:00,9.72,15,4362,9.72_9.73_9.74_9.75_9.76_,12_218_221_582_308_,9.71_9.70_9.69_9.68_9.67_,221_1085_337_281_572_
09:50:05,9.72,12,4374,9.73_9.74_9.75_9.76_9.77_,220_221_582_308_20_,9.72_9.71_9.70_9.69_9.68_,5_221_1097_337_281_
09:50:11,9.73,200,4574,9.73_9.74_9.75_9.76_9.77_,20_221_582_71_257_,9.72_9.71_9.70_9.69_9.68_,102_156_1089_330_531_
09:50:16,9.73,6,4580,9.73_9.74_9.75_9.76_9.77_,15_227_582_71_257_,9.72_9.71_9.70_9.69_9.68_,147_137_1008_330_531_
09:50:21,9.73,6,4580,9.73_9.74_9.75_9.76_9.77_,15_227_582_71_257_,9.72_9.71_9.70_9.69_9.68_,167_137_1008_330_531_
09:50:26,9.74,25,4605,9.74_9.75_9.76_9.77_9.78_,217_582_71_257_60_,9.73_9.72_9.71_9.70_9.69_,28_167_156_1007_330_
09:50:31,9.74,33,4638,9.74_9.75_9.76_9.77_9.78_,184_787_71_20_297_,9.73_9.72_9.71_9.70_9.69_,138_57_127_1007_580_
09:50:36,9.74,59,4697,9.74_9.75_9.76_9.77_9.78_,125_787_71_20_297_,9.73_9.72_9.71_9.70_9.69_,154_52_124_971_580_
09:50:41,9.74,59,4697,9.74_9.75_9.76_9.77_9.78_,125_787_71_20_297_,9.73_9.72_9.71_9.70_9.69_,175_52_124_971_580_
09:50:47,9.74,59,4697,9.74_9.75_9.76_9.77_9.78_,225_787_71_20_297_,9.73_9.72_9.71_9.70_9.69_,193_43_134_971_580_
09:50:52,9.74,6,4703,9.74_9.75_9.76_9.77_9.78_,219_787_71_20_297_,9.73_9.72_9.71_9.70_9.69_,193_40_134_971_580_
09:50:57,9.74,4,4707,9.74_9.75_9.76_9.77_9.78_,215_787_69_20_297_,9.73_9.72_9.71_9.70_9.69_,193_40_134_971_580_
09:51:02,9.74,5,4712,9.74_9.75_9.76_9.77_9.78_,210_787_69_20_297_,9.73_9.72_9.71_9.70_9.69_,204_40_134_971_580_
09:51:07,9.74,1,4713,9.74_9.75_9.76_9.77_9.78_,209_787_69_20_297_,9.73_9.72_9.71_9.70_9.69_,204_52_134_971_580_
09:51:12,9.74,10,4723,9.74_9.75_9.76_9.77_9.78_,199_787_69_20_297_,9.73_9.72_9.71_9.70_9.69_,204_52_134_971_580_
09:51:17,9.74,10,4723,9.74_9.75_9.76_9.77_9.78_,199_787_69_20_297_,9.73_9.72_9.71_9.70_9.69_,204_52_153_971_580_
09:51:22,9.74,10,4723,9.74_9.75_9.76_9.77_9.78_,242_787_69_20_297_,9.73_9.72_9.71_9.70_9.69_,225_52_153_971_580_
09:51:27,9.74,5,4728,9.74_9.75_9.76_9.77_9.78_,240_787_69_20_297_,9.73_9.72_9.71_9.70_9.69_,225_55_153_971_580_
09:51:33,9.74,12,4740,9.74_9.75_9.76_9.77_9.78_,228_787_69_20_297_,9.73_9.72_9.71_9.70_9.69_,226_47_162_971_580_
09:51:38,9.74,12,4740,9.74_9.75_9.76_9.77_9.78_,228_787_69_20_297_,9.73_9.72_9.71_9.70_9.69_,228_47_162_971_580_
09:51:43,9.74,12,4740,9.74_9.75_9.76_9.77_9.78_,228_787_69_20_297_,9.73_9.72_9.71_9.70_9.69_,229_47_162_971_580_
09:51:48,9.74,5,4745,9.74_9.75_9.76_9.77_9.78_,223_787_69_20_297_,9.73_9.72_9.71_9.70_9.69_,229_47_162_971_580_
09:51:53,9.74,5,4745,9.74_9.75_9.76_9.77_9.78_,223_787_69_20_297_,9.73_9.72_9.71_9.70_9.69_,237_47_162_971_580_
09:51:58,9.74,5,4745,9.74_9.75_9.76_9.77_9.78_,224_787_69_20_297_,9.73_9.72_9.71_9.70_9.69_,237_47_162_971_580_
09:52:03,9.74,5,4745,9.74_9.75_9.76_9.77_9.78_,224_787_69_20_297_,9.73_9.72_9.71_9.70_9.69_,237_47_161_971_580_
09:52:08,9.74,1,4746,9.74_9.75_9.76_9.77_9.78_,223_787_69_20_297_,9.73_9.72_9.71_9.70_9.69_,237_47_161_971_580_
09:52:13,9.74,1,4746,9.74_9.75_9.76_9.77_9.78_,223_787_69_20_307_,9.73_9.72_9.71_9.70_9.69_,237_47_161_971_580_
09:52:19,9.74,1,4746,9.74_9.75_9.76_9.77_9.78_,225_787_69_20_307_,9.73_9.72_9.71_9.70_9.69_,237_47_161_971_580_
09:52:29,9.74,4,4750,9.74_9.75_9.76_9.77_9.78_,220_787_69_21_307_,9.73_9.72_9.71_9.70_9.69_,237_47_161_971_580_
09:52:34,9.74,4,4750,9.74_9.75_9.76_9.77_9.78_,220_787_69_21_307_,9.73_9.72_9.71_9.70_9.69_,238_147_161_971_580_
09:52:39,9.74,4,4750,9.74_9.75_9.76_9.77_9.78_,220_787_69_21_307_,9.73_9.72_9.71_9.70_9.69_,238_159_161_971_580_
09:52:44,9.74,4,4750,9.74_9.75_9.76_9.77_9.78_,220_787_69_21_307_,9.73_9.72_9.71_9.70_9.69_,240_166_152_971_580_
09:52:49,9.74,4,4754,9.74_9.75_9.76_9.77_9.78_,217_787_69_21_307_,9.73_9.72_9.71_9.70_9.69_,240_166_152_971_580_
09:52:54,9.74,51,4805,9.74_9.75_9.76_9.77_9.78_,166_787_69_21_307_,9.73_9.72_9.71_9.70_9.69_,240_166_152_971_580_
09:53:00,9.74,5,4810,9.74_9.75_9.76_9.77_9.78_,163_787_59_21_307_,9.73_9.72_9.71_9.70_9.69_,240_166_152_971_580_
09:53:05,9.74,5,4810,9.74_9.75_9.76_9.77_9.78_,163_787_49_21_307_,9.73_9.72_9.71_9.70_9.69_,247_166_152_971_580_
09:53:10,9.74,5,4810,9.74_9.75_9.76_9.77_9.78_,157_787_49_21_307_,9.73_9.72_9.71_9.70_9.69_,241_166_152_971_580_
09:53:15,9.74,5,4810,9.74_9.75_9.76_9.77_9.78_,158_787_49_21_307_,9.73_9.72_9.71_9.70_9.69_,241_166_152_971_580_
09:53:20,9.74,10,4820,9.74_9.75_9.76_9.77_9.78_,148_787_49_21_307_,9.73_9.72_9.71_9.70_9.69_,241_166_152_971_580_
09:53:25,9.74,10,4820,9.74_9.75_9.76_9.77_9.78_,280_699_49_21_326_,9.73_9.72_9.71_9.70_9.69_,218_166_152_993_580_
09:53:30,9.74,10,4820,9.74_9.75_9.76_9.77_9.78_,274_699_49_21_326_,9.73_9.72_9.71_9.70_9.69_,217_166_152_986_580_
09:53:36,9.74,10,4820,9.74_9.75_9.76_9.77_9.78_,276_699_49_31_326_,9.73_9.72_9.71_9.70_9.69_,217_166_152_986_580_
09:53:41,9.74,10,4830,9.74_9.75_9.76_9.77_9.78_,267_699_49_31_326_,9.73_9.72_9.71_9.70_9.69_,217_166_152_986_580_
09:53:46,9.74,2,4832,9.74_9.75_9.76_9.77_9.78_,266_699_49_31_326_,9.73_9.72_9.71_9.70_9.69_,218_164_152_986_580_
09:53:51,9.73,12,4844,9.74_9.75_9.76_9.77_9.78_,260_699_49_31_326_,9.73_9.72_9.71_9.70_9.69_,206_164_152_986_580_
09:53:56,9.74,15,4859,9.74_9.75_9.76_9.77_9.78_,245_699_49_31_326_,9.73_9.72_9.71_9.70_9.69_,206_164_152_986_580_
09:54:01,9.74,1,4860,9.74_9.75_9.76_9.77_9.78_,248_699_49_31_307_,9.73_9.72_9.71_9.70_9.69_,206_164_152_986_580_
09:54:06,9.74,5,4865,9.74_9.75_9.76_9.77_9.78_,244_699_49_31_307_,9.73_9.72_9.71_9.70_9.69_,206_164_152_986_580_
09:54:11,9.74,5,4865,9.74_9.75_9.76_9.77_9.78_,245_699_49_31_307_,9.73_9.72_9.71_9.70_9.69_,206_164_152_986_580_
09:54:17,9.74,1,4866,9.74_9.75_9.76_9.77_9.78_,244_699_49_31_307_,9.73_9.72_9.71_9.70_9.69_,206_164_152_986_580_
09:54:22,9.74,1,4866,9.74_9.75_9.76_9.77_9.78_,246_700_49_31_307_,9.73_9.72_9.71_9.70_9.69_,206_164_152_986_580_
09:54:32,9.74,1,4866,9.74_9.75_9.76_9.77_9.78_,249_700_49_31_307_,9.73_9.72_9.71_9.70_9.69_,206_164_152_986_580_
09:54:37,9.73,5,4871,9.74_9.75_9.76_9.77_9.78_,245_700_49_31_307_,9.73_9.72_9.71_9.70_9.69_,196_164_152_986_580_
09:54:42,9.73,1,4872,9.74_9.75_9.76_9.77_9.78_,244_700_49_31_307_,9.73_9.72_9.71_9.70_9.69_,196_164_152_986_580_
09:54:47,9.74,1,4873,9.74_9.75_9.76_9.77_9.78_,243_700_49_31_307_,9.73_9.72_9.71_9.70_9.69_,206_169_152_986_580_
09:54:52,9.74,1,4873,9.74_9.75_9.76_9.77_9.78_,244_700_49_31_307_,9.73_9.72_9.71_9.70_9.69_,206_169_152_986_580_
09:54:57,9.74,1,4873,9.74_9.75_9.76_9.77_9.78_,246_700_49_31_307_,9.73_9.72_9.71_9.70_9.69_,206_169_152_986_580_
09:55:03,9.74,1,4873,9.74_9.75_9.76_9.77_9.78_,246_700_49_31_307_,9.73_9.72_9.71_9.70_9.69_,206_179_152_986_580_
09:55:08,9.74,1,4873,9.74_9.75_9.76_9.77_9.78_,247_700_49_31_307_,9.73_9.72_9.71_9.70_9.69_,206_179_152_986_580_
09:55:18,9.74,1,4873,9.74_9.75_9.76_9.77_9.78_,447_700_49_31_307_,9.73_9.72_9.71_9.70_9.69_,206_179_152_986_580_
09:55:23,9.74,32,4905,9.74_9.75_9.76_9.77_9.78_,416_700_49_31_307_,9.73_9.72_9.71_9.70_9.69_,206_179_152_986_580_
09:55:28,9.74,4,4909,9.74_9.75_9.76_9.77_9.78_,412_698_51_31_307_,9.73_9.72_9.71_9.70_9.69_,206_183_152_987_580_
09:55:33,9.74,69,4978,9.74_9.75_9.76_9.77_9.78_,404_698_51_31_307_,9.73_9.72_9.71_9.70_9.69_,213_183_157_987_580_
09:55:38,9.74,17,4995,9.74_9.75_9.76_9.77_9.78_,386_698_51_31_307_,9.73_9.72_9.71_9.70_9.69_,208_183_157_987_580_
09:55:43,9.74,17,4995,9.74_9.75_9.76_9.77_9.78_,387_698_51_31_307_,9.73_9.72_9.71_9.70_9.69_,215_183_157_982_580_
09:55:49,9.73,4,4999,9.74_9.75_9.76_9.77_9.78_,387_698_51_31_307_,9.73_9.72_9.71_9.70_9.69_,212_183_157_982_580_
09:55:54,9.74,6,5005,9.74_9.75_9.76_9.77_9.78_,390_698_51_31_307_,9.73_9.72_9.71_9.70_9.69_,212_183_157_982_580_
09:55:59,9.74,1,5006,9.74_9.75_9.76_9.77_9.78_,381_698_51_31_307_,9.73_9.72_9.71_9.70_9.69_,212_183_157_982_580_
09:56:04,9.74,1,5006,9.74_9.75_9.76_9.77_9.78_,431_698_51_31_307_,9.73_9.72_9.71_9.70_9.69_,212_183_157_982_580_
09:56:09,9.74,1,5007,9.74_9.75_9.76_9.77_9.78_,432_698_51_31_307_,9.73_9.72_9.71_9.70_9.69_,212_183_157_982_580_
09:56:14,9.74,1,5007,9.74_9.75_9.76_9.77_9.78_,432_698_51_31_307_,9.73_9.72_9.71_9.70_9.69_,237_183_157_982_580_
09:56:19,9.74,1,5007,9.74_9.75_9.76_9.77_9.78_,433_699_51_36_297_,9.73_9.72_9.71_9.70_9.69_,237_183_157_982_580_
09:56:25,9.74,1,5007,9.74_9.75_9.76_9.77_9.78_,443_699_51_36_297_,9.73_9.72_9.71_9.70_9.69_,236_184_157_982_580_
09:56:30,9.74,1,5008,9.74_9.75_9.76_9.77_9.78_,439_699_51_36_297_,9.73_9.72_9.71_9.70_9.69_,231_184_157_982_580_
09:56:35,9.74,1,5008,9.74_9.75_9.76_9.77_9.78_,439_699_51_36_297_,9.73_9.72_9.71_9.70_9.69_,239_184_157_982_580_
09:56:40,9.73,1,5009,9.74_9.75_9.76_9.77_9.78_,440_699_51_36_297_,9.73_9.72_9.71_9.70_9.69_,238_184_157_982_580_
09:56:45,9.73,1,5009,9.74_9.75_9.76_9.77_9.78_,450_699_51_36_297_,9.73_9.72_9.71_9.70_9.69_,240_183_157_982_580_
09:56:50,9.74,10,5019,9.74_9.75_9.76_9.77_9.78_,440_699_51_36_297_,9.73_9.72_9.71_9.70_9.69_,265_183_157_982_580_
09:56:55,9.74,5,5024,9.74_9.75_9.76_9.77_9.78_,430_699_51_36_302_,9.73_9.72_9.71_9.70_9.69_,265_183_162_977_580_
09:57:01,9.74,5,5024,9.74_9.75_9.76_9.77_9.78_,431_699_51_36_302_,9.73_9.72_9.71_9.70_9.69_,265_183_165_977_580_
09:57:16,9.74,1,5025,9.74_9.75_9.76_9.77_9.78_,430_699_51_36_302_,9.73_9.72_9.71_9.70_9.69_,265_183_165_976_580_
09:57:21,9.74,1,5025,9.74_9.75_9.76_9.77_9.78_,426_699_51_36_302_,9.73_9.72_9.71_9.70_9.69_,260_183_165_976_580_
09:57:26,9.74,2,5027,9.74_9.75_9.76_9.77_9.78_,426_699_51_36_302_,9.73_9.72_9.71_9.70_9.69_,258_183_165_976_580_
09:57:31,9.73,10,5037,9.74_9.75_9.76_9.77_9.78_,426_699_51_36_302_,9.73_9.72_9.71_9.70_9.69_,250_183_165_976_580_
09:57:37,9.73,2,5039,9.74_9.75_9.76_9.77_9.78_,436_699_51_36_302_,9.73_9.72_9.71_9.70_9.69_,242_166_165_976_580_
09:57:47,9.73,2,5039,9.74_9.75_9.76_9.77_9.78_,436_699_51_36_302_,9.73_9.72_9.71_9.70_9.69_,243_166_165_976_580_
09:57:52,9.73,17,5056,9.74_9.75_9.76_9.77_9.78_,436_699_51_36_302_,9.73_9.72_9.71_9.70_9.69_,226_166_165_976_580_
09:57:57,9.73,17,5056,9.74_9.75_9.76_9.77_9.78_,440_699_51_36_302_,9.73_9.72_9.71_9.70_9.69_,226_179_165_976_580_
09:58:02,9.73,17,5056,9.74_9.75_9.76_9.77_9.78_,440_699_51_36_302_,9.73_9.72_9.71_9.70_9.69_,234_175_165_995_580_
09:58:07,9.73,17,5056,9.74_9.75_9.76_9.77_9.78_,446_699_51_36_302_,9.73_9.72_9.71_9.70_9.69_,242_175_167_976_580_
09:58:12,9.73,17,5056,9.74_9.75_9.76_9.77_9.78_,446_699_54_36_302_,9.73_9.72_9.71_9.70_9.69_,242_174_167_976_580_
09:58:18,9.73,13,5069,9.74_9.75_9.76_9.77_9.78_,448_699_54_36_302_,9.73_9.72_9.71_9.70_9.69_,229_174_147_976_580_
09:58:23,9.73,50,5119,9.74_9.75_9.76_9.77_9.78_,450_699_54_36_302_,9.73_9.72_9.71_9.70_9.69_,224_174_147_976_580_
09:58:28,9.74,6,5125,9.74_9.75_9.76_9.77_9.78_,444_699_54_36_302_,9.73_9.72_9.71_9.70_9.69_,223_191_147_976_580_
09:58:33,9.74,6,5125,9.74_9.75_9.76_9.77_9.78_,433_699_54_36_302_,9.73_9.72_9.71_9.70_9.69_,241_191_147_976_580_
09:58:38,9.73,11,5136,9.74_9.75_9.76_9.77_9.78_,433_699_54_36_302_,9.73_9.72_9.71_9.70_9.69_,230_191_147_976_580_
09:58:43,9.73,11,5136,9.74_9.75_9.76_9.77_9.78_,441_699_54_36_302_,9.73_9.72_9.71_9.70_9.69_,230_191_147_976_580_
09:58:48,9.73,2,5138,9.74_9.75_9.76_9.77_9.78_,446_699_52_36_302_,9.73_9.72_9.71_9.70_9.69_,228_191_147_976_580_
09:58:54,9.73,40,5178,9.74_9.75_9.76_9.77_9.78_,448_699_53_36_302_,9.73_9.72_9.71_9.70_9.69_,188_191_147_976_580_
09:58:59,9.73,2,5180,9.74_9.75_9.76_9.77_9.78_,448_699_51_36_302_,9.73_9.72_9.71_9.70_9.69_,190_191_157_976_580_
09:59:04,9.73,2,5180,9.74_9.75_9.76_9.77_9.78_,448_699_51_36_302_,9.73_9.72_9.71_9.70_9.69_,187_191_157_976_580_
09:59:09,9.73,2,5180,9.74_9.75_9.76_9.77_9.78_,450_699_51_36_302_,9.73_9.72_9.71_9.70_9.69_,187_191_157_976_580_
09:59:14,9.73,73,5253,9.74_9.75_9.76_9.77_9.78_,450_700_50_36_302_,9.73_9.72_9.71_9.70_9.69_,114_191_157_976_580_
09:59:19,9.73,51,5304,9.74_9.75_9.76_9.77_9.78_,432_731_50_36_302_,9.73_9.72_9.71_9.70_9.69_,65_191_157_976_580_
09:59:24,9.73,67,5371,9.73_9.74_9.75_9.76_9.77_,30_431_731_50_36_,9.72_9.71_9.70_9.69_9.68_,191_157_990_580_291_
09:59:29,9.73,67,5371,9.73_9.74_9.75_9.76_9.77_,45_404_730_50_273_,9.72_9.71_9.70_9.69_9.68_,195_168_1015_330_541_
09:59:35,9.72,11,5382,9.73_9.74_9.75_9.76_9.77_,52_404_730_50_273_,9.72_9.71_9.70_9.69_9.68_,184_168_1015_330_541_
09:59:40,9.72,20,5402,9.73_9.74_9.75_9.76_9.77_,52_404_730_50_273_,9.72_9.71_9.70_9.69_9.68_,223_169_1015_330_541_
09:59:45,9.72,20,5402,9.73_9.74_9.75_9.76_9.77_,103_354_730_50_273_,9.72_9.71_9.70_9.69_9.68_,223_169_1025_330_541_
09:59:50,9.72,12,5414,9.73_9.74_9.75_9.76_9.77_,103_354_730_50_273_,9.72_9.71_9.70_9.69_9.68_,212_169_1025_330_541_
09:59:55,9.73,4,5418,9.73_9.74_9.75_9.76_9.77_,103_354_730_50_273_,9.72_9.71_9.70_9.69_9.68_,209_169_1025_330_541_
10:00:00,9.73,4,5418,9.73_9.74_9.75_9.76_9.77_,105_354_730_51_273_,9.72_9.71_9.70_9.69_9.68_,209_169_1025_330_541_
10:00:05,9.72,20,5438,9.73_9.74_9.75_9.76_9.77_,222_354_612_51_273_,9.72_9.71_9.70_9.69_9.68_,189_169_1025_330_541_
10:00:10,9.72,51,5489,9.73_9.74_9.75_9.76_9.77_,228_354_612_51_273_,9.72_9.71_9.70_9.69_9.68_,138_169_1025_330_541_
10:00:26,9.72,51,5489,9.73_9.74_9.75_9.76_9.77_,236_354_612_51_273_,9.72_9.71_9.70_9.69_9.68_,135_170_1035_330_541_
10:00:41,9.72,51,5489,9.73_9.74_9.75_9.76_9.77_,236_354_612_51_273_,9.72_9.71_9.70_9.69_9.68_,135_170_1035_330_542_
10:00:46,9.72,98,5587,9.73_9.74_9.75_9.76_9.77_,238_354_612_51_273_,9.72_9.71_9.70_9.69_9.68_,39_170_1035_330_542_
10:00:51,9.72,15,5602,9.73_9.74_9.75_9.76_9.77_,223_354_612_51_273_,9.72_9.71_9.70_9.69_9.68_,47_168_1033_330_542_
10:00:57,9.72,15,5602,9.73_9.74_9.75_9.76_9.77_,223_354_612_51_273_,9.72_9.71_9.70_9.69_9.68_,48_169_1033_330_542_
10:01:02,9.72,2,5604,9.73_9.74_9.75_9.76_9.77_,222_353_612_51_273_,9.72_9.71_9.70_9.69_9.68_,48_169_1033_330_542_
10:01:07,9.72,48,5652,9.72_9.73_9.74_9.75_9.76_,163_181_233_715_51_,9.71_9.70_9.69_9.68_9.67_,169_1033_330_542_322_
10:01:12,9.71,149,5801,9.71_9.72_9.73_9.74_9.75_,25_80_79_233_719_,9.70_9.69_9.68_9.67_9.66_,1074_330_292_529_271_
10:01:17,9.71,25,5826,9.71_9.72_9.73_9.74_9.75_,80_19_68_262_957_,9.70_9.69_9.68_9.67_9.66_,1212_342_292_279_521_
10:01:22,9.71,1,5827,9.71_9.72_9.73_9.74_9.75_,78_6_68_262_957_,9.70_9.69_9.68_9.67_9.66_,1222_342_295_279_521_
10:01:27,9.71,4,5831,9.71_9.72_9.73_9.74_9.75_,86_6_68_262_934_,9.70_9.69_9.68_9.67_9.66_,1222_342_295_279_521_
10:01:32,9.71,1,5832,9.71_9.72_9.73_9.74_9.75_,78_6_68_232_964_,9.70_9.69_9.68_9.67_9.66_,1221_342_295_279_521_
10:01:38,9.71,2,5834,9.71_9.72_9.73_9.74_9.75_,78_6_68_232_964_,9.70_9.69_9.68_9.67_9.66_,1221_342_295_279_521_
10:01:43,9.71,2,5834,9.71_9.72_9.73_9.74_9.75_,78_6_68_232_964_,9.70_9.69_9.68_9.67_9.66_,1231_342_295_279_521_
10:01:48,9.70,1,5835,9.71_9.72_9.73_9.74_9.75_,78_6_68_232_964_,9.70_9.69_9.68_9.67_9.66_,1231_342_295_279_521_
10:01:58,9.70,1,5835,9.71_9.72_9.73_9.74_9.75_,78_6_68_232_964_,9.70_9.69_9.68_9.67_9.66_,1232_342_295_279_521_
10:02:03,9.70,10,5845,9.71_9.72_9.73_9.74_9.75_,78_6_68_232_964_,9.70_9.69_9.68_9.67_9.66_,1237_342_295_279_521_
10:02:08,9.71,2,5847,9.71_9.72_9.73_9.74_9.75_,78_5_68_232_964_,9.70_9.69_9.68_9.67_9.66_,1236_349_294_279_521_
10:02:13,9.71,2,5847,9.71_9.72_9.73_9.74_9.75_,77_5_68_232_964_,9.70_9.69_9.68_9.67_9.66_,1234_349_294_279_521_
10:02:19,9.70,11,5858,9.71_9.72_9.73_9.74_9.75_,77_5_68_242_964_,9.70_9.69_9.68_9.67_9.66_,1225_349_294_279_521_
10:02:24,9.71,1,5859,9.71_9.72_9.73_9.74_9.75_,76_5_68_242_964_,9.70_9.69_9.68_9.67_9.66_,1224_349_294_279_521_
10:02:29,9.71,1,5859,9.71_9.72_9.73_9.74_9.75_,77_5_68_242_964_,9.70_9.69_9.68_9.67_9.66_,1224_349_294_279_521_
10:02:34,9.71,1,5859,9.71_9.72_9.73_9.74_9.75_,77_35_68_242_964_,9.70_9.69_9.68_9.67_9.66_,1224_349_294_279_521_
10:02:49,9.71,1,5859,9.71_9.72_9.73_9.74_9.75_,76_35_68_242_964_,9.70_9.69_9.68_9.67_9.66_,1222_349_294_279_521_
10:02:54,9.70,1,5860,9.71_9.72_9.73_9.74_9.75_,76_35_68_242_964_,9.70_9.69_9.68_9.67_9.66_,1221_349_294_279_521_
10:03:00,9.71,5,5865,9.71_9.72_9.73_9.74_9.75_,70_35_68_242_964_,9.70_9.69_9.68_9.67_9.66_,1221_349_294_279_521_
10:03:05,9.71,5,5865,9.71_9.72_9.73_9.74_9.75_,71_35_68_242_963_,9.70_9.69_9.68_9.67_9.66_,1221_349_294_279_521_
10:03:10,9.71,72,5937,9.72_9.73_9.74_9.75_9.76_,35_68_242_963_61_,9.71_9.70_9.69_9.68_9.67_,128_1221_349_294_279_
10:03:15,9.71,60,5997,9.72_9.73_9.74_9.75_9.76_,37_68_242_726_298_,9.71_9.70_9.69_9.68_9.67_,195_1138_330_291_529_
10:03:20,9.71,60,5997,9.72_9.73_9.74_9.75_9.76_,40_68_242_726_298_,9.71_9.70_9.69_9.68_9.67_,195_1142_330_291_529_
10:03:25,9.71,60,5997,9.72_9.73_9.74_9.75_9.76_,39_68_242_726_298_,9.71_9.70_9.69_9.68_9.67_,205_1133_330_291_529_
10:03:30,9.71,60,5997,9.72_9.73_9.74_9.75_9.76_,41_68_242_726_298_,9.71_9.70_9.69_9.68_9.67_,205_1133_330_291_529_
10:03:35,9.71,16,6013,9.72_9.73_9.74_9.75_9.76_,40_68_243_726_298_,9.71_9.70_9.69_9.68_9.67_,188_1133_330_291_529_
10:03:40,9.71,1,6014,9.72_9.73_9.74_9.75_9.76_,40_68_243_726_298_,9.71_9.70_9.69_9.68_9.67_,223_1132_332_291_529_
10:03:46,9.71,1,6014,9.72_9.73_9.74_9.75_9.76_,49_68_243_726_298_,9.71_9.70_9.69_9.68_9.67_,224_1132_332_291_529_
10:03:51,9.72,13,6027,9.72_9.73_9.74_9.75_9.76_,36_68_243_726_298_,9.71_9.70_9.69_9.68_9.67_,226_1152_332_291_529_
10:03:56,9.71,1,6028,9.72_9.73_9.74_9.75_9.76_,40_68_243_726_298_,9.71_9.70_9.69_9.68_9.67_,247_1152_332_291_529_
10:04:01,9.72,40,6068,9.73_9.74_9.75_9.76_9.77_,77_288_611_288_86_,9.72_9.71_9.70_9.69_9.68_,10_447_1152_332_291_
10:04:06,9.72,40,6068,9.73_9.74_9.75_9.76_9.77_,79_288_611_51_323_,9.72_9.71_9.70_9.69_9.68_,163_335_1118_330_541_
10:04:11,9.72,40,6068,9.73_9.74_9.75_9.76_9.77_,79_288_611_51_323_,9.72_9.71_9.70_9.69_9.68_,182_350_1089_330_541_
10:04:16,9.72,1,6069,9.73_9.74_9.75_9.76_9.77_,80_288_611_51_323_,9.72_9.71_9.70_9.69_9.68_,181_350_1089_330_541_
10:04:22,9.73,10,6079,9.73_9.74_9.75_9.76_9.77_,110_288_611_51_323_,9.72_9.71_9.70_9.69_9.68_,183_364_1075_330_541_
10:04:27,9.73,5,6084,9.73_9.74_9.75_9.76_9.77_,108_288_611_51_323_,9.72_9.71_9.70_9.69_9.68_,183_365_1075_330_541_
10:04:32,9.73,5,6084,9.73_9.74_9.75_9.76_9.77_,108_288_611_51_323_,9.72_9.71_9.70_9.69_9.68_,183_365_1076_330_541_
10:04:37,9.73,5,6084,9.73_9.74_9.75_9.76_9.77_,108_288_611_51_323_,9.72_9.71_9.70_9.69_9.68_,184_365_1076_330_541_
10:04:42,9.72,1,6085,9.73_9.74_9.75_9.76_9.77_,108_288_611_51_323_,9.72_9.71_9.70_9.69_9.68_,184_364_1076_330_541_
10:04:47,9.72,2,6087,9.73_9.74_9.75_9.76_9.77_,109_288_611_51_323_,9.72_9.71_9.70_9.69_9.68_,182_364_1076_330_541_
10:04:52,9.72,1,6088,9.73_9.74_9.75_9.76_9.77_,110_288_611_51_323_,9.72_9.71_9.70_9.69_9.68_,183_364_1076_330_541_
10:05:03,9.72,1,6089,9.73_9.74_9.75_9.76_9.77_,110_288_611_51_323_,9.72_9.71_9.70_9.69_9.68_,382_364_1076_330_541_
10:05:08,9.73,110,6199,9.74_9.75_9.76_9.77_9.78_,288_611_51_323_64_,9.73_9.72_9.71_9.70_9.69_,90_382_364_1075_330_
10:05:13,9.73,110,6199,9.74_9.75_9.76_9.77_9.78_,291_858_51_86_301_,9.73_9.72_9.71_9.70_9.69_,279_289_310_1051_580_
10:05:18,9.73,11,6210,9.74_9.75_9.76_9.77_9.78_,294_858_51_86_301_,9.73_9.72_9.71_9.70_9.69_,268_289_310_1051_580_
10:05:23,9.74,96,6306,9.74_9.75_9.76_9.77_9.78_,205_858_51_86_301_,9.73_9.72_9.71_9.70_9.69_,270_291_310_1051_580_
10:05:28,9.74,96,6306,9.74_9.75_9.76_9.77_9.78_,208_858_51_86_301_,9.73_9.72_9.71_9.70_9.69_,270_291_319_1051_580_
10:05:38,9.74,96,6306,9.74_9.75_9.76_9.77_9.78_,208_858_51_86_301_,9.73_9.72_9.71_9.70_9.69_,273_288_319_1051_580_
10:05:43,9.74,96,6306,9.74_9.75_9.76_9.77_9.78_,218_858_51_86_301_,9.73_9.72_9.71_9.70_9.69_,273_288_319_1051_580_
10:05:49,9.74,1,6307,9.74_9.75_9.76_9.77_9.78_,222_858_51_86_299_,9.73_9.72_9.71_9.70_9.69_,273_288_319_1051_580_
10:05:54,9.74,65,6372,9.74_9.75_9.76_9.77_9.78_,159_858_51_86_299_,9.73_9.72_9.71_9.70_9.69_,273_288_319_1051_580_
10:05:59,9.73,10,6382,9.74_9.75_9.76_9.77_9.78_,189_858_56_86_299_,9.73_9.72_9.71_9.70_9.69_,270_289_319_1051_580_
10:06:04,9.74,4,6386,9.74_9.75_9.76_9.77_9.78_,194_858_56_86_299_,9.73_9.72_9.71_9.70_9.69_,271_289_319_1051_580_
10:06:09,9.73,1,6387,9.74_9.75_9.76_9.77_9.78_,192_858_56_86_299_,9.73_9.72_9.71_9.70_9.69_,272_287_319_1051_580_
10:06:14,9.74,1,6388,9.74_9.75_9.76_9.77_9.78_,366_858_56_86_299_,9.73_9.72_9.71_9.70_9.69_,272_287_319_1051_580_
10:06:19,9.74,1,6388,9.74_9.75_9.76_9.77_9.78_,368_858_56_86_299_,9.73_9.72_9.71_9.70_9.69_,272_287_319_1051_580_
10:06:25,9.73,2,6390,9.74_9.75_9.76_9.77_9.78_,387_858_56_86_299_,9.73_9.72_9.71_9.70_9.69_,270_287_319_1051_580_
10:06:30,9.73,11,6401,9.74_9.75_9.76_9.77_9.78_,387_858_56_136_299_,9.73_9.72_9.71_9.70_9.69_,259_287_321_1051_580_
10:06:35,9.73,2,6403,9.74_9.75_9.76_9.77_9.78_,386_858_56_136_299_,9.73_9.72_9.71_9.70_9.69_,257_287_321_1051_580_
10:06:40,9.74,13,6416,9.74_9.75_9.76_9.77_9.78_,375_858_56_136_299_,9.73_9.72_9.71_9.70_9.69_,253_286_317_1051_580_
10:06:45,9.73,2,6418,9.74_9.75_9.76_9.77_9.78_,382_858_56_136_299_,9.73_9.72_9.71_9.70_9.69_,251_286_317_1051_580_
10:06:50,9.73,2,6418,9.74_9.75_9.76_9.77_9.78_,395_858_56_136_299_,9.73_9.72_9.71_9.70_9.69_,252_286_317_1051_580_
10:07:01,9.73,2,6418,9.74_9.75_9.76_9.77_9.78_,397_858_56_136_299_,9.73_9.72_9.71_9.70_9.69_,252_286_317_1051_580_
10:07:06,9.73,2,6418,9.74_9.75_9.76_9.77_9.78_,403_858_56_136_299_,9.73_9.72_9.71_9.70_9.69_,252_286_317_1051_580_
10:07:11,9.73,2,6418,9.74_9.75_9.76_9.77_9.78_,407_858_61_136_299_,9.73_9.72_9.71_9.70_9.69_,252_286_317_1051_580_
10:07:16,9.73,100,6518,9.74_9.75_9.76_9.77_9.78_,408_863_66_136_299_,9.73_9.72_9.71_9.70_9.69_,153_286_317_1051_580_
10:07:21,9.73,1,6519,9.74_9.75_9.76_9.77_9.78_,410_865_66_136_299_,9.73_9.72_9.71_9.70_9.69_,149_264_317_1051_580_
10:07:26,9.73,30,6549,9.74_9.75_9.76_9.77_9.78_,410_865_66_136_299_,9.73_9.72_9.71_9.70_9.69_,119_264_317_1051_580_
10:07:31,9.73,12,6561,9.74_9.75_9.76_9.77_9.78_,408_865_66_136_299_,9.73_9.72_9.71_9.70_9.69_,135_263_308_1051_580_
10:07:36,9.73,12,6561,9.74_9.75_9.76_9.77_9.78_,408_865_66_136_299_,9.73_9.72_9.71_9.70_9.69_,135_264_308_1051_580_
10:07:52,9.74,1,6562,9.74_9.75_9.76_9.77_9.78_,407_865_66_136_299_,9.73_9.72_9.71_9.70_9.69_,135_264_308_1051_580_
10:07:57,9.74,1,6562,9.74_9.75_9.76_9.77_9.78_,408_865_66_136_299_,9.73_9.72_9.71_9.70_9.69_,135_264_308_1051_580_
10:08:02,9.73,10,6572,9.74_9.75_9.76_9.77_9.78_,408_865_66_136_299_,9.73_9.72_9.71_9.70_9.69_,105_264_308_1051_580_
10:08:07,9.74,50,6622,9.74_9.75_9.76_9.77_9.78_,358_865_66_136_299_,9.73_9.72_9.71_9.70_9.69_,105_264_309_1051_580_
10:08:18,9.74,20,6642,9.74_9.75_9.76_9.77_9.78_,337_885_66_136_299_,9.73_9.72_9.71_9.70_9.69_,105_264_309_1051_580_
10:08:23,9.74,20,6642,9.74_9.75_9.76_9.77_9.78_,337_888_66_136_299_,9.73_9.72_9.71_9.70_9.69_,105_264_309_1051_580_
10:08:28,9.74,84,6726,9.74_9.75_9.76_9.77_9.78_,258_897_66_136_299_,9.73_9.72_9.71_9.70_9.69_,105_264_309_1051_580_
10:08:33,9.74,84,6726,9.74_9.75_9.76_9.77_9.78_,484_731_66_136_303_,9.73_9.72_9.71_9.70_9.69_,105_264_309_1051_580_
10:08:38,9.73,2,6728,9.74_9.75_9.76_9.77_9.78_,484_708_66_134_303_,9.73_9.72_9.71_9.70_9.69_,99_264_309_1062_580_
10:08:43,9.73,10,6738,9.74_9.75_9.76_9.77_9.78_,484_708_66_134_303_,9.73_9.72_9.71_9.70_9.69_,93_264_317_1062_580_
10:08:48,9.73,26,6764,9.74_9.75_9.76_9.77_9.78_,484_708_66_134_303_,9.73_9.72_9.71_9.70_9.69_,67_264_327_1052_580_
10:08:53,9.73,67,6831,9.74_9.75_9.76_9.77_9.78_,484_708_66_134_303_,9.73_9.72_9.71_9.70_9.69_,7_264_327_1062_580_
10:08:59,9.73,6,6837,9.74_9.75_9.76_9.77_9.78_,477_726_66_134_303_,9.73_9.72_9.71_9.70_9.69_,34_262_326_1072_580_
10:09:04,9.73,6,6837,9.74_9.75_9.76_9.77_9.78_,482_726_66_134_298_,9.73_9.72_9.71_9.70_9.69_,34_263_326_1072_580_
10:09:09,9.73,2,6839,9.74_9.75_9.76_9.77_9.78_,482_726_66_134_298_,9.73_9.72_9.71_9.70_9.69_,32_263_326_1082_580_
10:09:14,9.73,2,6839,9.74_9.75_9.76_9.77_9.78_,504_763_66_134_298_,9.73_9.72_9.71_9.70_9.69_,32_263_326_1082_580_
10:09:19,9.73,4,6843,9.74_9.75_9.76_9.77_9.78_,504_762_66_134_298_,9.73_9.72_9.71_9.70_9.69_,28_263_326_1082_580_
10:09:24,9.73,28,6871,9.74_9.75_9.76_9.77_9.78_,504_767_66_134_298_,9.73_9.72_9.71_9.70_9.69_,40_263_326_1082_580_
10:09:29,9.73,28,6871,9.74_9.75_9.76_9.77_9.78_,504_767_66_134_298_,9.73_9.72_9.71_9.70_9.69_,44_262_326_1082_580_
10:09:35,9.73,6,6877,9.74_9.75_9.76_9.77_9.78_,504_769_66_134_298_,9.73_9.72_9.71_9.70_9.69_,38_262_326_1082_580_
10:09:45,9.73,47,6924,9.73_9.74_9.75_9.76_9.77_,54_504_769_66_134_,9.72_9.71_9.70_9.69_9.68_,262_326_1082_580_289_
10:09:50,9.73,14,6938,9.73_9.74_9.75_9.76_9.77_,53_503_762_66_371_,9.72_9.71_9.70_9.69_9.68_,266_326_1082_330_539_
10:09:55,9.73,3,6941,9.73_9.74_9.75_9.76_9.77_,53_508_762_66_371_,9.72_9.71_9.70_9.69_9.68_,279_327_1082_330_539_
10:10:00,9.73,3,6941,9.73_9.74_9.75_9.76_9.77_,53_508_762_66_371_,9.72_9.71_9.70_9.69_9.68_,280_327_1082_330_539_
10:10:05,9.73,149,7090,9.74_9.75_9.76_9.77_9.78_,403_718_66_371_61_,9.73_9.72_9.71_9.70_9.69_,51_280_327_1082_330_
10:10:11,9.73,3,7093,9.74_9.75_9.76_9.77_9.78_,454_698_66_134_298_,9.73_9.72_9.71_9.70_9.69_,79_464_326_1082_580_
10:10:16,9.73,3,7093,9.74_9.75_9.76_9.77_9.78_,454_698_66_134_298_,9.73_9.72_9.71_9.70_9.69_,79_475_318_1082_580_
10:10:21,9.73,3,7093,9.74_9.75_9.76_9.77_9.78_,464_700_66_134_298_,9.73_9.72_9.71_9.70_9.69_,80_474_318_1082_580_
10:10:26,9.74,4,7097,9.74_9.75_9.76_9.77_9.78_,461_700_66_134_298_,9.73_9.72_9.71_9.70_9.69_,81_475_318_1083_580_
10:10:31,9.74,4,7097,9.74_9.75_9.76_9.77_9.78_,461_700_66_134_298_,9.73_9.72_9.71_9.70_9.69_,84_476_318_1083_580_
10:10:36,9.74,4,7097,9.74_9.75_9.76_9.77_9.78_,461_700_66_134_298_,9.73_9.72_9.71_9.70_9.69_,190_476_314_1082_580_
10:10:41,9.73,73,7170,9.74_9.75_9.76_9.77_9.78_,461_700_66_134_298_,9.73_9.72_9.71_9.70_9.69_,127_476_309_1081_580_
10:10:47,9.73,73,7170,9.74_9.75_9.76_9.77_9.78_,461_700_66_134_298_,9.73_9.72_9.71_9.70_9.69_,136_475_309_1081_580_
10:10:52,9.73,73,7170,9.74_9.75_9.76_9.77_9.78_,481_700_66_134_298_,9.73_9.72_9.71_9.70_9.69_,137_475_309_1081_580_
10:10:57,9.73,73,7170,9.74_9.75_9.76_9.77_9.78_,483_700_66_134_298_,9.73_9.72_9.71_9.70_9.69_,137_475_309_1081_580_
10:11:12,9.73,2,7172,9.74_9.75_9.76_9.77_9.78_,483_700_66_134_298_,9.73_9.72_9.71_9.70_9.69_,135_475_309_1081_580_
10:11:17,9.73,2,7172,9.74_9.75_9.76_9.77_9.78_,498_703_66_134_298_,9.73_9.72_9.71_9.70_9.69_,135_474_309_1081_580_
10:11:22,9.73,2,7172,9.74_9.75_9.76_9.77_9.78_,498_703_66_134_298_,9.73_9.72_9.71_9.70_9.69_,135_474_307_1081_580_
10:11:27,9.73,2,7172,9.74_9.75_9.76_9.77_9.78_,507_703_66_134_298_,9.73_9.72_9.71_9.70_9.69_,136_474_307_1081_580_
10:11:33,9.74,2,7174,9.74_9.75_9.76_9.77_9.78_,505_703_66_134_298_,9.73_9.72_9.71_9.70_9.69_,136_474_307_1081_580_
10:11:48,9.74,50,7224,9.74_9.75_9.76_9.77_9.78_,456_705_66_84_298_,9.73_9.72_9.71_9.70_9.69_,138_474_307_1081_580_
10:11:53,9.73,142,7366,9.73_9.74_9.75_9.76_9.77_,58_456_705_66_84_,9.72_9.71_9.70_9.69_9.68_,478_312_1081_580_289_
10:11:58,9.73,16,7382,9.73_9.74_9.75_9.76_9.77_,59_443_698_66_321_,9.72_9.71_9.70_9.69_9.68_,478_325_1081_330_539_
10:12:03,9.73,8,7390,9.73_9.74_9.75_9.76_9.77_,85_425_670_66_321_,9.72_9.71_9.70_9.69_9.68_,586_325_1082_330_539_
10:12:08,9.73,8,7390,9.73_9.74_9.75_9.76_9.77_,85_455_670_66_321_,9.72_9.71_9.70_9.69_9.68_,586_325_1082_330_539_
10:12:14,9.73,2,7392,9.73_9.74_9.75_9.76_9.77_,84_455_672_66_321_,9.72_9.71_9.70_9.69_9.68_,601_325_1082_330_539_
10:12:19,9.73,2,7392,9.73_9.74_9.75_9.76_9.77_,86_455_670_66_321_,9.72_9.71_9.70_9.69_9.68_,601_325_1082_330_539_
10:12:24,9.73,2,7392,9.73_9.74_9.75_9.76_9.77_,86_455_670_66_321_,9.72_9.71_9.70_9.69_9.68_,621_347_1082_330_539_
10:12:39,9.73,2,7392,9.73_9.74_9.75_9.76_9.77_,86_455_672_66_321_,9.72_9.71_9.70_9.69_9.68_,621_347_1082_330_539_
10:12:44,9.73,2,7392,9.73_9.74_9.75_9.76_9.77_,91_455_672_66_321_,9.72_9.71_9.70_9.69_9.68_,622_347_1082_330_539_
10:12:49,9.73,2,7392,9.73_9.74_9.75_9.76_9.77_,93_454_670_66_321_,9.72_9.71_9.70_9.69_9.68_,622_347_1082_330_539_
10:12:55,9.73,2,7392,9.73_9.74_9.75_9.76_9.77_,96_454_670_66_321_,9.72_9.71_9.70_9.69_9.68_,623_347_1082_330_539_
10:13:00,9.73,2,7392,9.73_9.74_9.75_9.76_9.77_,97_454_670_66_321_,9.72_9.71_9.70_9.69_9.68_,623_354_1082_330_539_
10:13:05,9.73,2,7392,9.73_9.74_9.75_9.76_9.77_,98_459_656_66_321_,9.72_9.71_9.70_9.69_9.68_,613_354_1082_330_539_
10:13:15,9.73,2,7392,9.73_9.74_9.75_9.76_9.77_,99_459_656_66_321_,9.72_9.71_9.70_9.69_9.68_,613_354_1082_330_539_
10:13:20,9.73,2,7392,9.73_9.74_9.75_9.76_9.77_,103_459_656_66_321_,9.72_9.71_9.70_9.69_9.68_,613_354_1082_330_539_
10:13:25,9.73,5,7397,9.73_9.74_9.75_9.76_9.77_,99_459_656_66_321_,9.72_9.71_9.70_9.69_9.68_,613_354_1082_330_539_
10:13:41,9.73,5,7397,9.73_9.74_9.75_9.76_9.77_,99_459_659_66_321_,9.72_9.71_9.70_9.69_9.68_,613_365_1082_330_539_
10:13:51,9.73,5,7397,9.73_9.74_9.75_9.76_9.77_,99_459_659_66_321_,9.72_9.71_9.70_9.69_9.68_,614_360_1082_330_539_
10:14:16,9.72,2,7399,9.73_9.74_9.75_9.76_9.77_,99_459_659_66_321_,9.72_9.71_9.70_9.69_9.68_,612_360_1082_330_539_
10:14:22,9.72,2,7399,9.73_9.74_9.75_9.76_9.77_,100_459_662_66_321_,9.72_9.71_9.70_9.69_9.68_,612_360_1082_330_539_
10:14:42,9.72,2,7399,9.73_9.74_9.75_9.76_9.77_,100_459_662_66_321_,9.72_9.71_9.70_9.69_9.68_,612_365_1082_330_539_
10:14:47,9.73,1,7400,9.73_9.74_9.75_9.76_9.77_,99_459_662_66_321_,9.72_9.71_9.70_9.69_9.68_,612_365_1082_330_539_
10:14:52,9.72,11,7411,9.73_9.74_9.75_9.76_9.77_,100_459_662_66_321_,9.72_9.71_9.70_9.69_9.68_,606_365_1082_330_539_
10:14:58,9.72,11,7411,9.73_9.74_9.75_9.76_9.77_,145_459_662_66_321_,9.72_9.71_9.70_9.69_9.68_,606_365_1082_330_539_
10:15:03,9.72,11,7411,9.73_9.74_9.75_9.76_9.77_,160_459_662_66_321_,9.72_9.71_9.70_9.69_9.68_,606_365_1082_330_539_
10:15:13,9.72,11,7411,9.73_9.74_9.75_9.76_9.77_,161_459_662_66_321_,9.72_9.71_9.70_9.69_9.68_,606_365_1082_330_539_
10:15:18,9.72,11,7411,9.73_9.74_9.75_9.76_9.77_,163_459_662_66_321_,9.72_9.71_9.70_9.69_9.68_,606_365_1082_330_539_
10:15:28,9.72,11,7411,9.73_9.74_9.75_9.76_9.77_,164_459_662_66_321_,9.72_9.71_9.70_9.69_9.68_,609_365_1082_330_539_
10:15:33,9.72,11,7411,9.73_9.74_9.75_9.76_9.77_,164_459_656_66_321_,9.72_9.71_9.70_9.69_9.68_,599_365_1082_330_539_
10:15:39,9.72,11,7411,9.73_9.74_9.75_9.76_9.77_,171_459_656_66_321_,9.72_9.71_9.70_9.69_9.68_,599_365_1082_330_539_
10:15:44,9.72,11,7411,9.73_9.74_9.75_9.76_9.77_,171_459_656_66_321_,9.72_9.71_9.70_9.69_9.68_,600_365_1082_330_539_
10:15:54,9.72,11,7411,9.73_9.74_9.75_9.76_9.77_,171_459_656_66_321_,9.72_9.71_9.70_9.69_9.68_,601_365_1082_330_539_
10:16:04,9.72,11,7411,9.73_9.74_9.75_9.76_9.77_,170_459_656_66_321_,9.72_9.71_9.70_9.69_9.68_,601_365_1082_330_539_
10:16:09,9.72,11,7411,9.73_9.74_9.75_9.76_9.77_,170_459_659_66_321_,9.72_9.71_9.70_9.69_9.68_,601_365_1092_330_539_
10:16:20,9.72,11,7411,9.73_9.74_9.75_9.76_9.77_,172_460_659_66_321_,9.72_9.71_9.70_9.69_9.68_,601_365_1097_330_539_
10:16:25,9.73,4,7415,9.73_9.74_9.75_9.76_9.77_,168_460_659_66_321_,9.72_9.71_9.70_9.69_9.68_,601_370_1097_330_539_
10:16:30,9.73,1,7416,9.73_9.74_9.75_9.76_9.77_,168_460_659_66_321_,9.72_9.71_9.70_9.69_9.68_,600_370_1097_330_539_
10:16:35,9.73,1,7416,9.73_9.74_9.75_9.76_9.77_,168_460_659_66_321_,9.72_9.71_9.70_9.69_9.68_,603_370_1097_330_539_
10:16:40,9.73,1,7416,9.73_9.74_9.75_9.76_9.77_,169_460_650_66_321_,9.72_9.71_9.70_9.69_9.68_,603_378_1097_330_539_
10:16:50,9.73,1,7416,9.73_9.74_9.75_9.76_9.77_,171_461_650_67_321_,9.72_9.71_9.70_9.69_9.68_,565_348_1087_330_539_
10:16:56,9.73,4,7420,9.73_9.74_9.75_9.76_9.77_,167_461_650_67_321_,9.72_9.71_9.70_9.69_9.68_,565_348_1087_330_539_
10:17:01,9.72,7,7427,9.73_9.74_9.75_9.76_9.77_,170_461_650_67_321_,9.72_9.71_9.70_9.69_9.68_,558_343_1087_330_539_
10:17:06,9.72,7,7427,9.73_9.74_9.75_9.76_9.77_,173_461_654_67_321_,9.72_9.71_9.70_9.69_9.68_,558_343_1087_330_539_
10:17:11,9.73,3,7430,9.73_9.74_9.75_9.76_9.77_,170_461_654_67_321_,9.72_9.71_9.70_9.69_9.68_,558_343_1087_330_539_
10:17:21,9.73,3,7430,9.73_9.74_9.75_9.76_9.77_,170_462_654_67_321_,9.72_9.71_9.70_9.69_9.68_,558_343_1087_330_539_
10:17:26,9.73,3,7430,9.73_9.74_9.75_9.76_9.77_,170_462_654_67_321_,9.72_9.71_9.70_9.69_9.68_,563_343_1087_330_539_
10:17:31,9.73,3,7430,9.73_9.74_9.75_9.76_9.77_,170_462_654_67_321_,9.72_9.71_9.70_9.69_9.68_,567_343_1087_330_539_
10:17:37,9.73,3,7430,9.73_9.74_9.75_9.76_9.77_,169_462_656_67_321_,9.72_9.71_9.70_9.69_9.68_,567_343_1087_330_539_
10:17:42,9.73,1,7431,9.73_9.74_9.75_9.76_9.77_,169_462_656_67_321_,9.72_9.71_9.70_9.69_9.68_,566_343_1087_330_539_
10:17:47,9.73,1,7431,9.73_9.74_9.75_9.76_9.77_,196_462_656_67_321_,9.72_9.71_9.70_9.69_9.68_,557_343_1087_330_539_
10:17:52,9.73,1,7431,9.73_9.74_9.75_9.76_9.77_,197_461_656_67_321_,9.72_9.71_9.70_9.69_9.68_,557_343_1087_330_539_
10:17:57,9.72,10,7441,9.73_9.74_9.75_9.76_9.77_,197_461_647_67_321_,9.72_9.71_9.70_9.69_9.68_,552_343_1087_330_539_
10:18:02,9.72,10,7441,9.73_9.74_9.75_9.76_9.77_,197_461_647_67_321_,9.72_9.71_9.70_9.69_9.68_,551_343_1087_330_539_
10:18:13,9.72,10,7441,9.73_9.74_9.75_9.76_9.77_,201_461_647_67_321_,9.72_9.71_9.70_9.69_9.68_,551_353_1087_330_539_
10:18:18,9.72,10,7441,9.73_9.74_9.75_9.76_9.77_,200_461_647_67_321_,9.72_9.71_9.70_9.69_9.68_,551_353_1087_330_539_
10:18:23,9.72,10,7441,9.73_9.74_9.75_9.76_9.77_,208_461_649_67_321_,9.72_9.71_9.70_9.69_9.68_,551_353_1087_330_539_
10:18:28,9.72,2,7443,9.73_9.74_9.75_9.76_9.77_,208_461_649_67_321_,9.72_9.71_9.70_9.69_9.68_,549_353_1087_330_536_
10:18:33,9.72,1,7444,9.73_9.74_9.75_9.76_9.77_,208_461_649_67_321_,9.72_9.71_9.70_9.69_9.68_,548_353_1087_330_536_
10:18:38,9.73,2,7446,9.73_9.74_9.75_9.76_9.77_,205_461_649_67_321_,9.72_9.71_9.70_9.69_9.68_,546_353_1087_330_536_
10:18:43,9.73,51,7497,9.73_9.74_9.75_9.76_9.77_,155_461_649_67_321_,9.72_9.71_9.70_9.69_9.68_,546_353_1087_330_536_
10:18:49,9.73,51,7497,9.73_9.74_9.75_9.76_9.77_,301_360_687_67_321_,9.72_9.71_9.70_9.69_9.68_,547_353_1087_330_536_
10:18:54,9.73,1,7498,9.73_9.74_9.75_9.76_9.77_,306_360_682_67_321_,9.72_9.71_9.70_9.69_9.68_,562_353_1087_330_536_
10:18:59,9.73,1,7498,9.73_9.74_9.75_9.76_9.77_,307_362_644_67_321_,9.72_9.71_9.70_9.69_9.68_,562_353_1087_330_536_
10:19:04,9.72,11,7509,9.73_9.74_9.75_9.76_9.77_,307_362_644_67_321_,9.72_9.71_9.70_9.69_9.68_,551_353_1087_330_536_
10:19:09,9.72,11,7509,9.73_9.74_9.75_9.76_9.77_,307_364_644_67_321_,9.72_9.71_9.70_9.69_9.68_,551_353_1087_330_536_
10:19:19,9.72,11,7509,9.73_9.74_9.75_9.76_9.77_,304_364_644_67_321_,9.72_9.71_9.70_9.69_9.68_,551_353_1087_330_536_
10:19:25,9.73,4,7513,9.73_9.74_9.75_9.76_9.77_,300_364_644_67_321_,9.72_9.71_9.70_9.69_9.68_,551_353_1087_330_536_
10:19:30,9.73,4,7513,9.73_9.74_9.75_9.76_9.77_,301_363_644_67_321_,9.72_9.71_9.70_9.69_9.68_,551_353_1087_330_536_
10:19:50,9.73,4,7513,9.73_9.74_9.75_9.76_9.77_,306_364_644_67_321_,9.72_9.71_9.70_9.69_9.68_,551_353_1087_330_536_
10:19:55,9.72,2,7515,9.73_9.74_9.75_9.76_9.77_,306_364_648_67_321_,9.72_9.71_9.70_9.69_9.68_,550_353_1087_330_536_
10:20:00,9.72,2,7517,9.73_9.74_9.75_9.76_9.77_,306_364_648_67_321_,9.72_9.71_9.70_9.69_9.68_,548_353_1087_330_536_
10:20:06,9.73,1,7518,9.73_9.74_9.75_9.76_9.77_,315_364_648_67_321_,9.72_9.71_9.70_9.69_9.68_,547_353_1087_330_536_
10:20:11,9.73,1,7518,9.73_9.74_9.75_9.76_9.77_,316_364_648_67_321_,9.72_9.71_9.70_9.69_9.68_,547_353_1087_330_536_
10:20:16,9.73,1,7518,9.73_9.74_9.75_9.76_9.77_,316_364_650_67_321_,9.72_9.71_9.70_9.69_9.68_,547_353_1107_330_536_
10:20:26,9.73,1,7518,9.73_9.74_9.75_9.76_9.77_,312_364_650_67_321_,9.72_9.71_9.70_9.69_9.68_,548_353_1107_330_536_
10:20:31,9.73,7,7525,9.73_9.74_9.75_9.76_9.77_,306_364_650_67_321_,9.72_9.71_9.70_9.69_9.68_,549_361_1107_330_536_
10:20:36,9.73,7,7525,9.73_9.74_9.75_9.76_9.77_,310_362_651_67_321_,9.72_9.71_9.70_9.69_9.68_,549_361_1107_330_536_
10:20:41,9.73,1,7526,9.73_9.74_9.75_9.76_9.77_,310_362_651_67_321_,9.72_9.71_9.70_9.69_9.68_,549_361_1107_330_536_
10:20:47,9.73,1,7526,9.73_9.74_9.75_9.76_9.77_,311_362_651_67_321_,9.72_9.71_9.70_9.69_9.68_,549_361_1107_330_536_
10:20:52,9.73,1,7526,9.73_9.74_9.75_9.76_9.77_,312_362_651_67_321_,9.72_9.71_9.70_9.69_9.68_,549_361_1107_330_536_
10:20:57,9.73,4,7530,9.73_9.74_9.75_9.76_9.77_,308_362_651_67_321_,9.72_9.71_9.70_9.69_9.68_,550_361_1107_330_536_
10:21:02,9.73,1,7531,9.73_9.74_9.75_9.76_9.77_,307_363_650_67_321_,9.72_9.71_9.70_9.69_9.68_,549_361_1107_330_536_
10:21:12,9.73,5,7536,9.73_9.74_9.75_9.76_9.77_,301_363_650_67_321_,9.72_9.71_9.70_9.69_9.68_,549_361_1107_330_536_
10:21:17,9.73,5,7536,9.73_9.74_9.75_9.76_9.77_,303_363_650_67_321_,9.72_9.71_9.70_9.69_9.68_,549_361_1107_330_536_
10:21:38,9.73,5,7536,9.73_9.74_9.75_9.76_9.77_,308_363_650_67_321_,9.72_9.71_9.70_9.69_9.68_,549_361_1107_330_536_
10:21:43,9.73,5,7536,9.73_9.74_9.75_9.76_9.77_,309_363_650_67_321_,9.72_9.71_9.70_9.69_9.68_,549_361_1107_330_536_
10:21:48,9.73,5,7536,9.73_9.74_9.75_9.76_9.77_,310_363_652_67_321_,9.72_9.71_9.70_9.69_9.68_,551_361_1107_330_536_
10:21:58,9.73,5,7536,9.73_9.74_9.75_9.76_9.77_,311_363_652_67_321_,9.72_9.71_9.70_9.69_9.68_,551_361_1107_330_536_
10:22:03,9.73,5,7536,9.73_9.74_9.75_9.76_9.77_,311_368_652_67_321_,9.72_9.71_9.70_9.69_9.68_,551_361_1107_330_536_
10:22:19,9.73,5,7536,9.73_9.74_9.75_9.76_9.77_,311_368_654_67_321_,9.72_9.71_9.70_9.69_9.68_,551_361_1107_330_536_
10:22:24,9.72,10,7546,9.73_9.74_9.75_9.76_9.77_,311_368_654_67_321_,9.72_9.71_9.70_9.69_9.68_,546_361_1107_330_536_
10:22:29,9.73,1,7547,9.73_9.74_9.75_9.76_9.77_,310_368_654_67_321_,9.72_9.71_9.70_9.69_9.68_,546_361_1107_330_536_
10:22:34,9.72,129,7676,9.73_9.74_9.75_9.76_9.77_,310_368_645_67_321_,9.72_9.71_9.70_9.69_9.68_,417_361_1107_330_536_
10:22:39,9.72,11,7687,9.73_9.74_9.75_9.76_9.77_,172_308_701_69_321_,9.72_9.71_9.70_9.69_9.68_,406_361_1107_330_536_
10:22:50,9.72,11,7687,9.73_9.74_9.75_9.76_9.77_,173_308_701_69_321_,9.72_9.71_9.70_9.69_9.68_,406_361_1107_330_536_
10:22:55,9.73,1,7688,9.73_9.74_9.75_9.76_9.77_,172_308_701_69_321_,9.72_9.71_9.70_9.69_9.68_,406_361_1107_330_536_
10:23:00,9.72,10,7698,9.73_9.74_9.75_9.76_9.77_,172_308_701_69_321_,9.72_9.71_9.70_9.69_9.68_,396_361_1107_330_536_
10:23:05,9.72,10,7698,9.73_9.74_9.75_9.76_9.77_,174_364_647_67_321_,9.72_9.71_9.70_9.69_9.68_,396_361_1107_330_536_
10:23:10,9.73,10,7708,9.73_9.74_9.75_9.76_9.77_,164_364_647_67_321_,9.72_9.71_9.70_9.69_9.68_,396_361_1107_330_536_
10:23:15,9.73,10,7708,9.73_9.74_9.75_9.76_9.77_,164_364_647_67_321_,9.72_9.71_9.70_9.69_9.68_,403_361_1107_330_536_
10:23:20,9.72,4,7712,9.73_9.74_9.75_9.76_9.77_,164_364_647_67_321_,9.72_9.71_9.70_9.69_9.68_,399_361_1107_330_536_
10:23:31,9.72,2,7714,9.73_9.74_9.75_9.76_9.77_,164_364_647_67_321_,9.72_9.71_9.70_9.69_9.68_,397_361_1107_330_536_
10:23:41,9.72,2,7714,9.73_9.74_9.75_9.76_9.77_,164_364_649_67_321_,9.72_9.71_9.70_9.69_9.68_,397_361_1114_330_536_
10:23:51,9.72,2,7714,9.73_9.74_9.75_9.76_9.77_,164_364_649_67_321_,9.72_9.71_9.70_9.69_9.68_,398_361_1114_330_536_
10:23:56,9.73,5,7719,9.73_9.74_9.75_9.76_9.77_,159_364_644_67_321_,9.72_9.71_9.70_9.69_9.68_,397_361_1114_330_536_
10:24:01,9.72,6,7725,9.73_9.74_9.75_9.76_9.77_,159_364_644_67_321_,9.72_9.71_9.70_9.69_9.68_,391_361_1114_330_536_
10:24:07,9.73,1,7726,9.73_9.74_9.75_9.76_9.77_,159_364_646_67_321_,9.72_9.71_9.70_9.69_9.68_,391_361_1114_330_536_
10:24:27,9.72,11,7737,9.73_9.74_9.75_9.76_9.77_,161_364_646_67_321_,9.72_9.71_9.70_9.69_9.68_,380_361_1114_330_536_
10:24:32,9.73,1,7738,9.73_9.74_9.75_9.76_9.77_,210_364_646_67_321_,9.72_9.71_9.70_9.69_9.68_,380_361_1114_330_536_
10:24:37,9.72,2,7740,9.73_9.74_9.75_9.76_9.77_,210_364_646_67_321_,9.72_9.71_9.70_9.69_9.68_,378_361_1114_330_536_
10:24:48,9.73,15,7755,9.73_9.74_9.75_9.76_9.77_,194_364_646_67_321_,9.72_9.71_9.70_9.69_9.68_,365_361_1114_330_536_
10:24:53,9.72,50,7805,9.73_9.74_9.75_9.76_9.77_,194_364_646_67_321_,9.72_9.71_9.70_9.69_9.68_,315_361_1114_330_536_
10:24:58,9.73,105,7910,9.73_9.74_9.75_9.76_9.77_,139_364_649_67_321_,9.72_9.71_9.70_9.69_9.68_,315_361_1114_330_536_
10:25:03,9.72,6,7916,9.73_9.74_9.75_9.76_9.77_,202_363_643_67_321_,9.72_9.71_9.70_9.69_9.68_,309_361_1114_330_536_
10:25:18,9.72,6,7916,9.73_9.74_9.75_9.76_9.77_,203_363_643_67_321_,9.72_9.71_9.70_9.69_9.68_,309_361_1114_330_536_
10:25:23,9.73,11,7927,9.73_9.74_9.75_9.76_9.77_,192_363_643_67_321_,9.72_9.71_9.70_9.69_9.68_,309_361_1114_330_536_
10:25:29,9.73,1,7928,9.73_9.74_9.75_9.76_9.77_,193_363_643_67_321_,9.72_9.71_9.70_9.69_9.68_,307_361_1114_330_536_
10:25:34,9.73,1,7928,9.73_9.74_9.75_9.76_9.77_,193_363_643_67_321_,9.72_9.71_9.70_9.69_9.68_,320_361_1114_330_536_
10:25:44,9.72,2,7930,9.73_9.74_9.75_9.76_9.77_,193_363_643_67_321_,9.72_9.71_9.70_9.69_9.68_,318_361_1114_330_536_
10:25:49,9.72,40,7970,9.73_9.74_9.75_9.76_9.77_,193_363_643_67_321_,9.72_9.71_9.70_9.69_9.68_,278_361_1114_330_536_
10:25:54,9.73,2,7972,9.73_9.74_9.75_9.76_9.77_,192_373_643_67_321_,9.72_9.71_9.70_9.69_9.68_,277_361_1114_330_536_
10:25:59,9.73,1,7973,9.73_9.74_9.75_9.76_9.77_,191_373_645_67_321_,9.72_9.71_9.70_9.69_9.68_,285_361_1111_330_536_
10:26:20,9.73,1,7973,9.73_9.74_9.75_9.76_9.77_,192_373_645_67_321_,9.72_9.71_9.70_9.69_9.68_,285_361_1111_330_536_
10:26:30,9.73,1,7973,9.73_9.74_9.75_9.76_9.77_,192_371_645_67_321_,9.72_9.71_9.70_9.69_9.68_,285_361_1111_330_536_
10:26:35,9.73,1,7973,9.73_9.74_9.75_9.76_9.77_,193_358_647_67_321_,9.72_9.71_9.70_9.69_9.68_,285_361_1111_330_536_
10:26:45,9.73,1,7973,9.73_9.74_9.75_9.76_9.77_,194_358_647_67_321_,9.72_9.71_9.70_9.69_9.68_,285_361_1111_330_536_
10:26:51,9.73,1,7974,9.73_9.74_9.75_9.76_9.77_,193_358_647_67_321_,9.72_9.71_9.70_9.69_9.68_,286_361_1111_330_536_
10:26:56,9.73,5,7979,9.73_9.74_9.75_9.76_9.77_,188_358_647_67_321_,9.72_9.71_9.70_9.69_9.68_,286_361_1111_330_536_
10:27:11,9.73,5,7979,9.73_9.74_9.75_9.76_9.77_,189_358_647_67_321_,9.72_9.71_9.70_9.69_9.68_,286_361_1111_330_536_
10:27:21,9.73,2,7981,9.73_9.74_9.75_9.76_9.77_,187_358_647_67_321_,9.72_9.71_9.70_9.69_9.68_,286_361_1111_330_536_
10:27:27,9.72,5,7986,9.73_9.74_9.75_9.76_9.77_,187_358_647_67_321_,9.72_9.71_9.70_9.69_9.68_,281_361_1111_330_536_
10:27:42,9.72,5,7986,9.73_9.74_9.75_9.76_9.77_,190_358_646_67_321_,9.72_9.71_9.70_9.69_9.68_,281_361_1111_330_536_
10:27:47,9.73,1,7987,9.73_9.74_9.75_9.76_9.77_,190_358_646_67_321_,9.72_9.71_9.70_9.69_9.68_,281_361_1111_330_536_
10:27:52,9.73,1,7987,9.73_9.74_9.75_9.76_9.77_,190_358_644_67_321_,9.72_9.71_9.70_9.69_9.68_,282_361_1111_330_536_
10:28:13,9.73,1,7987,9.73_9.74_9.75_9.76_9.77_,192_358_642_67_321_,9.72_9.71_9.70_9.69_9.68_,282_361_1111_330_536_
10:28:18,9.73,1,7987,9.73_9.74_9.75_9.76_9.77_,192_358_641_67_321_,9.72_9.71_9.70_9.69_9.68_,282_361_1111_330_536_
10:28:23,9.73,4,7991,9.73_9.74_9.75_9.76_9.77_,187_358_641_67_321_,9.72_9.71_9.70_9.69_9.68_,282_361_1111_330_536_
10:28:28,9.73,4,7991,9.73_9.74_9.75_9.76_9.77_,195_358_639_67_321_,9.72_9.71_9.70_9.69_9.68_,284_361_1111_330_536_
10:28:33,9.72,2,7993,9.73_9.74_9.75_9.76_9.77_,199_368_639_67_321_,9.72_9.71_9.70_9.69_9.68_,282_361_1111_330_536_
10:28:44,9.72,2,7995,9.73_9.74_9.75_9.76_9.77_,199_368_639_67_321_,9.72_9.71_9.70_9.69_9.68_,280_361_1111_330_536_
10:29:04,9.72,4,7999,9.73_9.74_9.75_9.76_9.77_,198_392_639_67_321_,9.72_9.71_9.70_9.69_9.68_,268_361_1111_330_536_
10:29:09,9.72,4,7999,9.73_9.74_9.75_9.76_9.77_,203_431_669_67_321_,9.72_9.71_9.70_9.69_9.68_,268_361_1111_330_536_
10:29:14,9.72,4,7999,9.73_9.74_9.75_9.76_9.77_,203_431_699_67_321_,9.72_9.71_9.70_9.69_9.68_,269_361_1111_330_536_
10:29:20,9.72,18,8017,9.73_9.74_9.75_9.76_9.77_,204_431_699_67_321_,9.72_9.71_9.70_9.69_9.68_,259_361_1110_330_536_
10:29:25,9.72,11,8028,9.73_9.74_9.75_9.76_9.77_,205_431_699_67_321_,9.72_9.71_9.70_9.69_9.68_,248_361_1110_330_536_
10:29:30,9.72,11,8028,9.73_9.74_9.75_9.76_9.77_,204_431_699_67_321_,9.72_9.71_9.70_9.69_9.68_,248_361_1110_330_536_
10:29:35,9.73,1,8029,9.73_9.74_9.75_9.76_9.77_,203_431_699_67_321_,9.72_9.71_9.70_9.69_9.68_,248_361_1110_330_536_
10:29:40,9.73,1,8030,9.73_9.74_9.75_9.76_9.77_,202_431_699_67_321_,9.72_9.71_9.70_9.69_9.68_,247_361_1110_330_536_
10:29:45,9.72,11,8041,9.73_9.74_9.75_9.76_9.77_,202_431_699_67_321_,9.72_9.71_9.70_9.69_9.68_,236_361_1110_330_536_
10:29:50,9.72,11,8041,9.73_9.74_9.75_9.76_9.77_,202_431_699_67_321_,9.72_9.71_9.70_9.69_9.68_,238_361_1110_330_538_
10:29:55,9.73,4,8045,9.73_9.74_9.75_9.76_9.77_,199_431_699_67_321_,9.72_9.71_9.70_9.69_9.68_,239_361_1111_330_538_
10:30:00,9.73,4,8045,9.73_9.74_9.75_9.76_9.77_,203_431_699_67_321_,9.72_9.71_9.70_9.69_9.68_,239_361_1111_330_538_
10:30:11,9.72,11,8056,9.73_9.74_9.75_9.76_9.77_,209_431_699_67_321_,9.72_9.71_9.70_9.69_9.68_,228_361_1111_330_538_
10:30:16,9.72,11,8056,9.73_9.74_9.75_9.76_9.77_,215_431_699_67_321_,9.72_9.71_9.70_9.69_9.68_,228_361_1111_330_538_
10:30:21,9.72,228,8284,9.72_9.73_9.74_9.75_9.76_,6_215_431_699_67_,9.71_9.70_9.69_9.68_9.67_,361_1111_330_538_328_
10:30:26,9.72,2,8286,9.72_9.73_9.74_9.75_9.76_,49_189_421_699_304_,9.71_9.70_9.69_9.68_9.67_,339_1111_387_288_578_
10:30:31,9.72,21,8307,9.72_9.73_9.74_9.75_9.76_,191_189_421_699_304_,9.71_9.70_9.69_9.68_9.67_,407_1112_387_288_529_
10:30:36,9.72,21,8307,9.72_9.73_9.74_9.75_9.76_,209_189_428_699_304_,9.71_9.70_9.69_9.68_9.67_,407_1111_387_288_529_
10:30:41,9.71,11,8318,9.72_9.73_9.74_9.75_9.76_,280_189_425_699_304_,9.71_9.70_9.69_9.68_9.67_,396_1111_387_288_529_
10:30:47,9.71,105,8423,9.72_9.73_9.74_9.75_9.76_,282_189_413_699_304_,9.71_9.70_9.69_9.68_9.67_,291_1111_387_288_529_
10:30:52,9.71,105,8423,9.72_9.73_9.74_9.75_9.76_,286_189_413_699_304_,9.71_9.70_9.69_9.68_9.67_,291_1111_387_288_529_
10:30:57,9.71,61,8484,9.72_9.73_9.74_9.75_9.76_,286_209_413_699_304_,9.71_9.70_9.69_9.68_9.67_,226_1111_387_288_529_
10:31:02,9.71,71,8555,9.72_9.73_9.74_9.75_9.76_,309_217_311_699_304_,9.71_9.70_9.69_9.68_9.67_,150_1111_387_288_529_
10:31:07,9.71,128,8683,9.72_9.73_9.74_9.75_9.76_,309_217_311_699_304_,9.71_9.70_9.69_9.68_9.67_,21_1111_387_288_529_
10:31:12,9.71,11,8694,9.72_9.73_9.74_9.75_9.76_,251_176_326_703_304_,9.71_9.70_9.69_9.68_9.67_,68_1110_330_288_529_
10:31:17,9.71,17,8711,9.72_9.73_9.74_9.75_9.76_,252_176_326_703_304_,9.71_9.70_9.69_9.68_9.67_,51_1110_330_288_529_
10:31:22,9.71,17,8728,9.72_9.73_9.74_9.75_9.76_,252_176_326_703_304_,9.71_9.70_9.69_9.68_9.67_,131_1126_330_288_529_
10:31:27,9.71,17,8728,9.72_9.73_9.74_9.75_9.76_,252_176_326_703_304_,9.71_9.70_9.69_9.68_9.67_,131_1129_330_288_529_
10:31:33,9.71,17,8728,9.72_9.73_9.74_9.75_9.76_,252_176_326_703_304_,9.71_9.70_9.69_9.68_9.67_,134_1129_330_288_529_
10:31:43,9.71,17,8728,9.72_9.73_9.74_9.75_9.76_,252_176_326_702_304_,9.71_9.70_9.69_9.68_9.67_,134_1129_330_288_529_
10:31:48,9.72,10,8738,9.72_9.73_9.74_9.75_9.76_,242_176_326_702_304_,9.71_9.70_9.69_9.68_9.67_,139_1129_330_288_529_
10:31:53,9.72,10,8738,9.72_9.73_9.74_9.75_9.76_,242_176_326_704_304_,9.71_9.70_9.69_9.68_9.67_,139_1129_380_288_529_
10:31:58,9.72,19,8757,9.72_9.73_9.74_9.75_9.76_,75_181_326_704_304_,9.71_9.70_9.69_9.68_9.67_,140_1129_380_288_529_
10:32:03,9.71,17,8774,9.72_9.73_9.74_9.75_9.76_,53_176_321_700_304_,9.71_9.70_9.69_9.68_9.67_,123_1079_380_288_529_
10:32:08,9.71,10,8784,9.72_9.73_9.74_9.75_9.76_,56_177_317_700_304_,9.71_9.70_9.69_9.68_9.67_,113_1079_380_288_529_
10:32:14,9.72,10,8794,9.72_9.73_9.74_9.75_9.76_,49_177_317_700_304_,9.71_9.70_9.69_9.68_9.67_,113_1079_380_288_529_
10:32:19,9.72,10,8794,9.72_9.73_9.74_9.75_9.76_,59_177_317_700_304_,9.71_9.70_9.69_9.68_9.67_,115_1086_380_288_529_
10:32:24,9.72,2,8796,9.72_9.73_9.74_9.75_9.76_,57_177_317_700_304_,9.71_9.70_9.69_9.68_9.67_,115_1086_380_288_529_
10:32:54,9.72,4,8800,9.72_9.73_9.74_9.75_9.76_,53_177_317_700_304_,9.71_9.70_9.69_9.68_9.67_,116_1086_380_288_529_
10:33:10,9.71,5,8805,9.72_9.73_9.74_9.75_9.76_,56_177_317_700_304_,9.71_9.70_9.69_9.68_9.67_,111_1086_380_288_529_
10:33:15,9.72,1,8806,9.72_9.73_9.74_9.75_9.76_,56_177_317_700_304_,9.71_9.70_9.69_9.68_9.67_,111_1086_380_288_529_
10:33:20,9.72,1,8806,9.72_9.73_9.74_9.75_9.76_,56_177_317_700_304_,9.71_9.70_9.69_9.68_9.67_,113_1086_380_288_529_
10:33:25,9.72,1,8806,9.72_9.73_9.74_9.75_9.76_,56_178_358_700_304_,9.71_9.70_9.69_9.68_9.67_,112_1086_380_288_529_
10:33:30,9.72,1,8806,9.72_9.73_9.74_9.75_9.76_,56_179_358_700_304_,9.71_9.70_9.69_9.68_9.67_,112_1086_380_288_529_
10:33:36,9.72,1,8807,9.72_9.73_9.74_9.75_9.76_,55_182_358_700_304_,9.71_9.70_9.69_9.68_9.67_,112_1086_380_288_529_
10:33:41,9.72,1,8807,9.72_9.73_9.74_9.75_9.76_,56_182_358_700_304_,9.71_9.70_9.69_9.68_9.67_,113_1086_380_288_529_
10:33:46,9.72,1,8807,9.72_9.73_9.74_9.75_9.76_,60_177_358_700_304_,9.71_9.70_9.69_9.68_9.67_,113_1086_380_288_529_
10:33:56,9.72,1,8807,9.72_9.73_9.74_9.75_9.76_,60_177_358_700_304_,9.71_9.70_9.69_9.68_9.67_,115_1086_380_288_529_
10:34:01,9.72,1,8807,9.72_9.73_9.74_9.75_9.76_,61_177_358_700_304_,9.71_9.70_9.69_9.68_9.67_,115_1086_380_288_529_
10:34:11,9.72,1,8807,9.72_9.73_9.74_9.75_9.76_,60_177_358_700_304_,9.71_9.70_9.69_9.68_9.67_,115_1086_380_288_529_
10:34:17,9.72,1,8807,9.72_9.73_9.74_9.75_9.76_,62_177_358_700_304_,9.71_9.70_9.69_9.68_9.67_,115_1086_380_288_529_
10:34:22,9.72,4,8811,9.72_9.73_9.74_9.75_9.76_,58_177_358_700_304_,9.71_9.70_9.69_9.68_9.67_,117_1086_380_288_529_
10:34:32,9.72,4,8811,9.72_9.73_9.74_9.75_9.76_,58_178_358_700_304_,9.71_9.70_9.69_9.68_9.67_,117_1086_380_288_529_
10:34:37,9.72,4,8811,9.72_9.73_9.74_9.75_9.76_,68_178_358_700_304_,9.71_9.70_9.69_9.68_9.67_,121_1086_380_288_529_
10:34:47,9.71,6,8817,9.72_9.73_9.74_9.75_9.76_,67_178_358_700_304_,9.71_9.70_9.69_9.68_9.67_,115_1086_380_288_529_
10:34:53,9.71,6,8817,9.72_9.73_9.74_9.75_9.76_,68_178_358_700_304_,9.71_9.70_9.69_9.68_9.67_,115_1092_380_288_529_
10:34:58,9.71,6,8823,9.72_9.73_9.74_9.75_9.76_,68_178_358_700_304_,9.71_9.70_9.69_9.68_9.67_,110_1092_380_288_529_
10:35:03,9.71,10,8833,9.72_9.73_9.74_9.75_9.76_,76_170_354_700_304_,9.71_9.70_9.69_9.68_9.67_,105_1089_380_288_529_
10:35:08,9.71,10,8833,9.72_9.73_9.74_9.75_9.76_,77_170_348_700_304_,9.71_9.70_9.69_9.68_9.67_,107_1089_380_288_529_
10:35:13,9.71,10,8833,9.72_9.73_9.74_9.75_9.76_,80_170_348_700_304_,9.71_9.70_9.69_9.68_9.67_,107_1089_380_288_529_
10:35:18,9.71,10,8833,9.72_9.73_9.74_9.75_9.76_,80_170_348_700_304_,9.71_9.70_9.69_9.68_9.67_,107_1091_380_288_529_
10:35:23,9.71,10,8833,9.72_9.73_9.74_9.75_9.76_,80_170_350_700_304_,9.71_9.70_9.69_9.68_9.67_,108_1090_380_288_529_
10:35:28,9.71,1,8834,9.72_9.73_9.74_9.75_9.76_,80_170_350_700_304_,9.71_9.70_9.69_9.68_9.67_,107_1090_380_288_529_
10:35:49,9.71,1,8834,9.72_9.73_9.74_9.75_9.76_,80_170_350_700_304_,9.71_9.70_9.69_9.68_9.67_,107_1097_380_288_529_
10:35:54,9.72,5,8839,9.72_9.73_9.74_9.75_9.76_,75_170_350_700_304_,9.71_9.70_9.69_9.68_9.67_,107_1097_380_288_529_
10:36:09,9.72,5,8839,9.72_9.73_9.74_9.75_9.76_,75_170_350_700_304_,9.71_9.70_9.69_9.68_9.67_,108_1097_380_288_529_
10:36:15,9.71,14,8853,9.72_9.73_9.74_9.75_9.76_,75_170_350_700_304_,9.71_9.70_9.69_9.68_9.67_,94_1097_380_288_529_
10:36:20,9.71,14,8853,9.72_9.73_9.74_9.75_9.76_,72_170_352_700_304_,9.71_9.70_9.69_9.68_9.67_,94_1097_380_288_529_
10:36:25,9.71,14,8853,9.72_9.73_9.74_9.75_9.76_,109_170_352_700_304_,9.71_9.70_9.69_9.68_9.67_,94_1097_380_288_529_
10:36:30,9.71,11,8864,9.72_9.73_9.74_9.75_9.76_,109_170_352_700_304_,9.71_9.70_9.69_9.68_9.67_,93_1097_380_288_529_
10:36:35,9.71,11,8864,9.72_9.73_9.74_9.75_9.76_,110_170_352_700_304_,9.71_9.70_9.69_9.68_9.67_,94_1097_380_288_529_
10:36:40,9.71,11,8864,9.72_9.73_9.74_9.75_9.76_,111_170_352_700_304_,9.71_9.70_9.69_9.68_9.67_,94_1097_380_288_529_
10:36:55,9.72,1,8865,9.72_9.73_9.74_9.75_9.76_,110_170_352_700_304_,9.71_9.70_9.69_9.68_9.67_,94_1097_380_288_529_
10:37:01,9.71,2,8867,9.72_9.73_9.74_9.75_9.76_,112_160_350_700_304_,9.71_9.70_9.69_9.68_9.67_,92_1097_380_288_529_
10:37:11,9.71,1,8868,9.72_9.73_9.74_9.75_9.76_,112_160_350_700_304_,9.71_9.70_9.69_9.68_9.67_,94_1097_380_288_529_
10:37:16,9.72,3,8871,9.72_9.73_9.74_9.75_9.76_,110_160_350_700_304_,9.71_9.70_9.69_9.68_9.67_,92_1097_380_288_529_
10:37:21,9.72,5,8876,9.72_9.73_9.74_9.75_9.76_,106_160_350_700_304_,9.71_9.70_9.69_9.68_9.67_,92_1095_380_288_529_
10:37:42,9.72,5,8876,9.72_9.73_9.74_9.75_9.76_,106_160_350_700_304_,9.71_9.70_9.69_9.68_9.67_,104_1095_380_288_529_
10:37:57,9.72,5,8876,9.72_9.73_9.74_9.75_9.76_,107_160_350_700_304_,9.71_9.70_9.69_9.68_9.67_,106_1095_380_288_529_
10:38:02,9.71,10,8886,9.72_9.73_9.74_9.75_9.76_,106_160_350_700_304_,9.71_9.70_9.69_9.68_9.67_,97_1095_380_288_529_
10:38:07,9.71,10,8886,9.72_9.73_9.74_9.75_9.76_,69_154_350_700_304_,9.71_9.70_9.69_9.68_9.67_,97_1095_380_288_529_
10:38:12,9.72,2,8888,9.72_9.73_9.74_9.75_9.76_,105_154_350_700_304_,9.71_9.70_9.69_9.68_9.67_,95_1095_380_288_529_
10:38:18,9.72,1,8889,9.72_9.73_9.74_9.75_9.76_,104_153_350_700_304_,9.71_9.70_9.69_9.68_9.67_,95_1095_380_288_529_
10:38:23,9.72,1,8889,9.72_9.73_9.74_9.75_9.76_,105_153_350_700_304_,9.71_9.70_9.69_9.68_9.67_,95_1095_380_288_529_
10:38:28,9.72,1,8889,9.72_9.73_9.74_9.75_9.76_,105_152_350_700_304_,9.71_9.70_9.69_9.68_9.67_,95_1095_380_288_529_
10:38:33,9.72,1,8889,9.72_9.73_9.74_9.75_9.76_,104_152_350_700_304_,9.71_9.70_9.69_9.68_9.67_,95_1095_380_288_529_
10:38:38,9.71,1,8890,9.72_9.73_9.74_9.75_9.76_,104_152_350_700_304_,9.71_9.70_9.69_9.68_9.67_,94_1095_380_288_529_
10:38:54,9.72,4,8894,9.72_9.73_9.74_9.75_9.76_,100_152_350_700_304_,9.71_9.70_9.69_9.68_9.67_,93_1095_380_288_529_
10:38:59,9.72,4,8894,9.72_9.73_9.74_9.75_9.76_,107_152_350_700_304_,9.71_9.70_9.69_9.68_9.67_,94_1095_380_288_529_
10:39:04,9.72,4,8894,9.72_9.73_9.74_9.75_9.76_,107_152_350_700_304_,9.71_9.70_9.69_9.68_9.67_,97_1095_380_288_529_
10:39:09,9.72,2,8896,9.72_9.73_9.74_9.75_9.76_,105_152_350_700_304_,9.71_9.70_9.69_9.68_9.67_,96_1095_380_288_529_
10:39:14,9.72,2,8896,9.72_9.73_9.74_9.75_9.76_,105_152_350_700_304_,9.71_9.70_9.69_9.68_9.67_,96_1095_380_289_529_
10:39:29,9.71,3,8899,9.72_9.73_9.74_9.75_9.76_,108_152_350_700_304_,9.71_9.70_9.69_9.68_9.67_,93_1107_380_289_529_
10:39:35,9.71,3,8899,9.72_9.73_9.74_9.75_9.76_,109_152_350_700_304_,9.71_9.70_9.69_9.68_9.67_,93_1107_380_289_529_
10:39:45,9.71,3,8899,9.72_9.73_9.74_9.75_9.76_,110_152_350_700_304_,9.71_9.70_9.69_9.68_9.67_,93_1107_380_289_529_
10:39:50,9.71,3,8899,9.72_9.73_9.74_9.75_9.76_,113_152_350_700_304_,9.71_9.70_9.69_9.68_9.67_,93_1107_380_289_529_
10:39:55,9.71,3,8899,9.72_9.73_9.74_9.75_9.76_,113_152_350_700_304_,9.71_9.70_9.69_9.68_9.67_,94_1107_380_289_529_
10:40:05,9.72,1,8900,9.72_9.73_9.74_9.75_9.76_,112_152_350_700_304_,9.71_9.70_9.69_9.68_9.67_,93_1107_380_289_529_
10:40:10,9.71,40,8940,9.72_9.73_9.74_9.75_9.76_,115_152_350_700_304_,9.71_9.70_9.69_9.68_9.67_,54_1107_380_289_529_
10:40:16,9.71,49,8989,9.72_9.73_9.74_9.75_9.76_,74_152_350_700_304_,9.70_9.69_9.68_9.67_9.66_,1091_380_289_529_279_
10:40:21,9.72,4,8993,9.72_9.73_9.74_9.75_9.76_,77_139_363_711_304_,9.70_9.69_9.68_9.67_9.66_,1093_380_289_298_510_
10:40:26,9.72,3,8996,9.72_9.73_9.74_9.75_9.76_,74_139_363_711_304_,9.70_9.69_9.68_9.67_9.66_,1125_414_289_298_510_
10:40:31,9.72,3,8999,9.72_9.73_9.74_9.75_9.76_,72_139_363_711_304_,9.71_9.70_9.69_9.68_9.67_,2_1125_414_289_298_
10:40:36,9.71,10,9009,9.72_9.73_9.74_9.75_9.76_,72_139_363_711_304_,9.71_9.70_9.69_9.68_9.67_,31_1120_380_289_529_
10:40:41,9.71,10,9009,9.72_9.73_9.74_9.75_9.76_,83_152_350_700_304_,9.71_9.70_9.69_9.68_9.67_,5_1088_380_289_529_
10:40:46,9.71,10,9009,9.72_9.73_9.74_9.75_9.76_,84_152_355_700_304_,9.71_9.70_9.69_9.68_9.67_,6_1088_380_289_529_
10:40:57,9.71,10,9009,9.72_9.73_9.74_9.75_9.76_,84_152_439_700_304_,9.71_9.70_9.69_9.68_9.67_,8_1088_380_289_529_
10:41:02,9.71,10,9009,9.72_9.73_9.74_9.75_9.76_,84_152_439_700_304_,9.71_9.70_9.69_9.68_9.67_,10_1089_380_289_529_
10:41:07,9.71,3,9012,9.72_9.73_9.74_9.75_9.76_,84_152_439_700_304_,9.71_9.70_9.69_9.68_9.67_,7_1089_380_289_529_
10:41:12,9.71,2,9014,9.72_9.73_9.74_9.75_9.76_,82_152_439_700_304_,9.71_9.70_9.69_9.68_9.67_,5_1089_380_289_529_
10:41:17,9.71,5,9019,9.71_9.72_9.73_9.74_9.75_,1_84_151_439_700_,9.70_9.69_9.68_9.67_9.66_,1089_380_289_529_279_
10:41:22,9.70,1,9020,9.71_9.72_9.73_9.74_9.75_,16_45_138_452_948_,9.70_9.69_9.68_9.67_9.66_,1088_380_289_279_529_
10:41:27,9.70,1,9020,9.71_9.72_9.73_9.74_9.75_,32_44_138_452_948_,9.70_9.69_9.68_9.67_9.66_,1088_380_289_279_529_
10:41:37,9.70,1,9020,9.71_9.72_9.73_9.74_9.75_,33_44_138_452_948_,9.70_9.69_9.68_9.67_9.66_,1088_380_289_279_529_
10:41:53,9.71,5,9025,9.71_9.72_9.73_9.74_9.75_,31_44_138_453_948_,9.70_9.69_9.68_9.67_9.66_,1089_380_289_279_529_
10:42:03,9.71,5,9025,9.71_9.72_9.73_9.74_9.75_,40_36_138_453_948_,9.70_9.69_9.68_9.67_9.66_,1089_380_289_279_529_
10:42:08,9.71,5,9025,9.71_9.72_9.73_9.74_9.75_,40_36_138_453_948_,9.70_9.69_9.68_9.67_9.66_,1114_380_289_279_529_
10:42:24,9.71,5,9025,9.71_9.72_9.73_9.74_9.75_,42_36_138_453_948_,9.70_9.69_9.68_9.67_9.66_,1142_411_289_279_529_
10:42:34,9.71,20,9045,9.71_9.72_9.73_9.74_9.75_,22_36_138_453_948_,9.70_9.69_9.68_9.67_9.66_,1142_411_289_279_529_
10:42:39,9.71,20,9045,9.71_9.72_9.73_9.74_9.75_,24_36_138_453_948_,9.70_9.69_9.68_9.67_9.66_,1154_411_289_279_529_
10:42:49,9.71,1,9046,9.71_9.72_9.73_9.74_9.75_,30_36_138_453_948_,9.70_9.69_9.68_9.67_9.66_,1154_411_289_279_529_
10:42:55,9.71,1,9046,9.71_9.72_9.73_9.74_9.75_,32_36_138_453_948_,9.70_9.69_9.68_9.67_9.66_,1155_411_289_279_529_
10:43:00,9.71,1,9046,9.71_9.72_9.73_9.74_9.75_,32_36_138_453_948_,9.70_9.69_9.68_9.67_9.66_,1158_418_289_279_529_
10:43:15,9.71,1,9046,9.71_9.72_9.73_9.74_9.75_,32_36_138_453_948_,9.70_9.69_9.68_9.67_9.66_,1158_418_289_279_539_
10:43:20,9.71,18,9064,9.71_9.72_9.73_9.74_9.75_,14_36_138_453_948_,9.70_9.69_9.68_9.67_9.66_,1158_418_289_279_539_
10:43:25,9.71,18,9064,9.71_9.72_9.73_9.74_9.75_,16_36_138_453_948_,9.70_9.69_9.68_9.67_9.66_,1159_418_289_279_539_
10:43:30,9.71,18,9064,9.71_9.72_9.73_9.74_9.75_,17_36_138_453_948_,9.70_9.69_9.68_9.67_9.66_,1159_418_289_279_539_
10:43:46,9.71,10,9074,9.71_9.72_9.73_9.74_9.75_,7_36_138_453_948_,9.70_9.69_9.68_9.67_9.66_,1159_418_289_279_539_
10:43:51,9.71,1,9075,9.71_9.72_9.73_9.74_9.75_,6_36_138_458_948_,9.70_9.69_9.68_9.67_9.66_,1158_418_289_279_539_
10:43:56,9.71,1,9076,9.71_9.72_9.73_9.74_9.75_,7_36_138_458_948_,9.70_9.69_9.68_9.67_9.66_,1159_418_289_279_539_
10:44:06,9.71,1,9076,9.71_9.72_9.73_9.74_9.75_,8_36_138_458_948_,9.70_9.69_9.68_9.67_9.66_,1159_418_289_279_539_
10:44:11,9.71,1,9076,9.71_9.72_9.73_9.74_9.75_,8_36_238_458_948_,9.70_9.69_9.68_9.67_9.66_,1159_418_289_279_539_
10:44:16,9.70,1,9077,9.71_9.72_9.73_9.74_9.75_,8_36_238_458_948_,9.70_9.69_9.68_9.67_9.66_,1158_418_289_279_539_
10:44:22,9.70,1,9077,9.71_9.72_9.73_9.74_9.75_,10_36_243_458_948_,9.70_9.69_9.68_9.67_9.66_,1158_418_289_279_539_
10:44:27,9.70,1,9077,9.71_9.72_9.73_9.74_9.75_,10_36_243_463_948_,9.70_9.69_9.68_9.67_9.66_,1158_418_289_279_539_
10:44:37,9.70,1,9077,9.71_9.72_9.73_9.74_9.75_,10_36_243_463_948_,9.70_9.69_9.68_9.67_9.66_,1155_418_289_279_539_
10:44:42,9.71,2,9079,9.71_9.72_9.73_9.74_9.75_,8_36_243_463_948_,9.70_9.69_9.68_9.67_9.66_,1155_418_289_279_539_
10:44:47,9.71,2,9079,9.71_9.72_9.73_9.74_9.75_,9_36_243_463_948_,9.70_9.69_9.68_9.67_9.66_,1155_418_289_279_539_
10:44:52,9.71,4,9083,9.71_9.72_9.73_9.74_9.75_,5_36_243_463_948_,9.70_9.69_9.68_9.67_9.66_,1159_418_289_279_539_
10:44:57,9.70,1,9084,9.71_9.72_9.73_9.74_9.75_,6_36_243_463_948_,9.70_9.69_9.68_9.67_9.66_,1158_418_289_279_539_
10:45:03,9.70,1,9084,9.71_9.72_9.73_9.74_9.75_,6_36_243_463_948_,9.70_9.69_9.68_9.67_9.66_,1160_418_289_279_539_
10:45:08,9.70,1,9084,9.71_9.72_9.73_9.74_9.75_,8_36_243_463_948_,9.70_9.69_9.68_9.67_9.66_,1160_418_289_279_539_
10:45:18,9.70,10,9094,9.71_9.72_9.73_9.74_9.75_,8_36_243_463_948_,9.70_9.69_9.68_9.67_9.66_,1150_418_289_279_539_
10:45:33,9.70,10,9094,9.71_9.72_9.73_9.74_9.75_,9_36_243_463_948_,9.70_9.69_9.68_9.67_9.66_,1150_418_289_279_539_
10:45:38,9.70,10,9094,9.71_9.72_9.73_9.74_9.75_,12_36_243_463_948_,9.70_9.69_9.68_9.67_9.66_,1150_418_289_279_539_
10:45:49,9.71,1,9095,9.71_9.72_9.73_9.74_9.75_,11_36_243_463_948_,9.70_9.69_9.68_9.67_9.66_,1150_418_289_279_539_
10:45:54,9.71,1,9095,9.71_9.72_9.73_9.74_9.75_,21_36_243_463_948_,9.70_9.69_9.68_9.67_9.66_,1150_418_289_279_539_
10:45:59,9.70,6,9101,9.71_9.72_9.73_9.74_9.75_,21_36_243_463_948_,9.70_9.69_9.68_9.67_9.66_,1145_418_289_279_539_
10:46:20,9.71,5,9106,9.71_9.72_9.73_9.74_9.75_,16_36_243_463_948_,9.70_9.69_9.68_9.67_9.66_,1145_418_289_279_539_
10:46:25,9.71,5,9106,9.71_9.72_9.73_9.74_9.75_,19_36_243_463_948_,9.70_9.69_9.68_9.67_9.66_,1155_418_289_279_539_
10:46:30,9.71,5,9111,9.71_9.72_9.73_9.74_9.75_,16_36_243_463_948_,9.70_9.69_9.68_9.67_9.66_,1155_418_289_279_539_
10:46:40,9.71,5,9111,9.71_9.72_9.73_9.74_9.75_,17_36_243_463_948_,9.70_9.69_9.68_9.67_9.66_,1156_418_289_279_539_
10:46:45,9.71,5,9111,9.71_9.72_9.73_9.74_9.75_,17_36_244_462_948_,9.70_9.69_9.68_9.67_9.66_,1156_418_289_279_539_
10:46:55,9.71,1,9112,9.71_9.72_9.73_9.74_9.75_,15_36_244_462_948_,9.70_9.69_9.68_9.67_9.66_,1156_418_289_279_539_
10:47:01,9.71,1,9112,9.71_9.72_9.73_9.74_9.75_,15_36_244_462_948_,9.70_9.69_9.68_9.67_9.66_,1156_426_289_279_539_
10:47:06,9.71,1,9113,9.71_9.72_9.73_9.74_9.75_,14_36_244_462_948_,9.70_9.69_9.68_9.67_9.66_,1155_426_289_279_539_
10:47:11,9.71,1,9114,9.71_9.72_9.73_9.74_9.75_,16_36_244_462_948_,9.70_9.69_9.68_9.67_9.66_,1155_426_289_279_539_
10:47:16,9.71,1,9115,9.71_9.72_9.73_9.74_9.75_,16_36_244_467_948_,9.70_9.69_9.68_9.67_9.66_,1154_426_289_279_539_
10:47:26,9.70,11,9126,9.71_9.72_9.73_9.74_9.75_,16_36_244_467_948_,9.70_9.69_9.68_9.67_9.66_,1143_427_289_279_539_
10:47:31,9.70,11,9126,9.71_9.72_9.73_9.74_9.75_,18_36_244_467_948_,9.70_9.69_9.68_9.67_9.66_,1144_427_289_279_539_
10:47:37,9.70,16,9142,9.71_9.72_9.73_9.74_9.75_,20_36_244_467_948_,9.70_9.69_9.68_9.67_9.66_,1128_427_289_279_539_
10:47:42,9.71,2,9144,9.71_9.72_9.73_9.74_9.75_,18_36_244_467_948_,9.70_9.69_9.68_9.67_9.66_,1128_427_289_279_539_
10:47:52,9.70,6,9150,9.71_9.72_9.73_9.74_9.75_,18_36_244_467_948_,9.70_9.69_9.68_9.67_9.66_,1126_427_289_279_539_
10:47:57,9.70,6,9150,9.71_9.72_9.73_9.74_9.75_,21_36_244_467_948_,9.70_9.69_9.68_9.67_9.66_,1127_427_289_279_539_
10:48:02,9.70,6,9150,9.71_9.72_9.73_9.74_9.75_,21_36_245_467_946_,9.70_9.69_9.68_9.67_9.66_,1127_427_289_279_539_
10:48:07,9.70,6,9150,9.71_9.72_9.73_9.74_9.75_,22_36_245_467_946_,9.70_9.69_9.68_9.67_9.66_,1127_427_289_279_539_
10:48:12,9.70,2,9152,9.71_9.72_9.73_9.74_9.75_,22_36_245_467_946_,9.70_9.69_9.68_9.67_9.66_,1125_427_289_279_539_
10:48:18,9.70,2,9152,9.71_9.72_9.73_9.74_9.75_,22_36_245_467_946_,9.70_9.69_9.68_9.67_9.66_,1127_427_289_279_539_
10:48:23,9.70,2,9152,9.71_9.72_9.73_9.74_9.75_,22_36_245_467_946_,9.70_9.69_9.68_9.67_9.66_,1127_427_286_279_539_
10:48:28,9.70,2,9152,9.71_9.72_9.73_9.74_9.75_,25_36_245_467_946_,9.70_9.69_9.68_9.67_9.66_,1127_427_286_279_539_
10:48:48,9.70,4,9156,9.71_9.72_9.73_9.74_9.75_,25_36_245_467_946_,9.70_9.69_9.68_9.67_9.66_,1123_427_286_279_539_
10:48:54,9.70,14,9170,9.71_9.72_9.73_9.74_9.75_,25_36_245_467_946_,9.70_9.69_9.68_9.67_9.66_,1119_427_286_279_539_
10:48:59,9.70,7,9177,9.71_9.72_9.73_9.74_9.75_,27_36_245_467_946_,9.70_9.69_9.68_9.67_9.66_,1114_427_286_279_539_
10:49:04,9.70,11,9188,9.71_9.72_9.73_9.74_9.75_,28_36_251_467_939_,9.70_9.69_9.68_9.67_9.66_,1103_427_286_279_539_
10:49:09,9.70,6,9194,9.71_9.72_9.73_9.74_9.75_,18_36_251_467_939_,9.70_9.69_9.68_9.67_9.66_,1087_427_286_279_539_
10:49:14,9.70,6,9194,9.71_9.72_9.73_9.74_9.75_,18_36_251_467_939_,9.70_9.69_9.68_9.67_9.66_,1086_427_286_279_539_
10:49:19,9.71,5,9199,9.71_9.72_9.73_9.74_9.75_,13_36_251_467_939_,9.70_9.69_9.68_9.67_9.66_,1097_427_286_279_539_
10:49:24,9.71,2,9201,9.71_9.72_9.73_9.74_9.75_,11_36_251_467_939_,9.70_9.69_9.68_9.67_9.66_,1095_427_286_279_539_
10:49:30,9.70,10,9211,9.71_9.72_9.73_9.74_9.75_,13_36_271_467_939_,9.70_9.69_9.68_9.67_9.66_,1085_427_286_279_539_
10:49:35,9.70,3,9214,9.71_9.72_9.73_9.74_9.75_,13_36_271_467_939_,9.70_9.69_9.68_9.67_9.66_,1082_427_286_279_539_
10:49:50,9.70,4,9218,9.71_9.72_9.73_9.74_9.75_,16_37_271_467_939_,9.70_9.69_9.68_9.67_9.66_,1078_427_286_279_539_
10:49:55,9.70,4,9218,9.71_9.72_9.73_9.74_9.75_,16_37_271_467_939_,9.70_9.69_9.68_9.67_9.66_,1090_427_286_279_539_
10:50:00,9.70,4,9218,9.71_9.72_9.73_9.74_9.75_,18_37_271_467_939_,9.70_9.69_9.68_9.67_9.66_,1090_427_286_279_539_
10:50:06,9.70,2,9220,9.71_9.72_9.73_9.74_9.75_,18_37_273_467_937_,9.70_9.69_9.68_9.67_9.66_,1088_427_286_279_539_
10:50:21,9.70,2,9220,9.71_9.72_9.73_9.74_9.75_,18_37_273_467_937_,9.70_9.69_9.68_9.67_9.66_,1093_427_286_279_539_
10:50:31,9.71,1,9221,9.71_9.72_9.73_9.74_9.75_,17_37_273_467_937_,9.70_9.69_9.68_9.67_9.66_,1093_427_286_279_539_
10:50:41,9.71,1,9222,9.71_9.72_9.73_9.74_9.75_,19_37_273_467_937_,9.70_9.69_9.68_9.67_9.66_,1092_427_286_279_539_
10:50:47,9.71,1,9222,9.71_9.72_9.73_9.74_9.75_,19_37_273_467_937_,9.70_9.69_9.68_9.67_9.66_,1092_435_286_279_539_
10:50:52,9.71,5,9227,9.71_9.72_9.73_9.74_9.75_,14_37_273_467_937_,9.70_9.69_9.68_9.67_9.66_,1092_435_286_279_539_
10:50:57,9.71,5,9227,9.71_9.72_9.73_9.74_9.75_,14_37_273_467_937_,9.70_9.69_9.68_9.67_9.66_,1093_435_286_279_539_
10:51:07,9.71,5,9227,9.71_9.72_9.73_9.74_9.75_,15_37_293_467_937_,9.70_9.69_9.68_9.67_9.66_,1093_435_286_279_539_
10:51:17,9.71,5,9227,9.71_9.72_9.73_9.74_9.75_,16_37_293_467_937_,9.70_9.69_9.68_9.67_9.66_,1093_435_286_279_539_
10:51:22,9.70,1,9228,9.71_9.72_9.73_9.74_9.75_,18_37_293_467_937_,9.70_9.69_9.68_9.67_9.66_,1092_435_286_279_539_
10:51:28,9.70,1,9228,9.71_9.72_9.73_9.74_9.75_,18_37_293_467_937_,9.70_9.69_9.68_9.67_9.66_,1093_435_286_279_539_
10:51:43,9.70,1,9228,9.71_9.72_9.73_9.74_9.75_,20_37_293_467_937_,9.70_9.69_9.68_9.67_9.66_,1093_435_286_279_539_
10:51:48,9.70,1,9228,9.71_9.72_9.73_9.74_9.75_,22_37_292_467_937_,9.70_9.69_9.68_9.67_9.66_,1093_435_286_279_539_
10:51:53,9.70,11,9239,9.71_9.72_9.73_9.74_9.75_,22_37_292_467_937_,9.70_9.69_9.68_9.67_9.66_,1082_435_286_279_539_
10:51:58,9.70,1,9240,9.71_9.72_9.73_9.74_9.75_,22_37_292_467_937_,9.70_9.69_9.68_9.67_9.66_,1082_435_286_279_539_
10:52:04,9.70,11,9251,9.71_9.72_9.73_9.74_9.75_,22_37_292_467_937_,9.70_9.69_9.68_9.67_9.66_,1071_435_286_279_539_
10:52:09,9.70,11,9251,9.71_9.72_9.73_9.74_9.75_,14_37_292_467_937_,9.70_9.69_9.68_9.67_9.66_,1062_435_286_279_539_
10:52:14,9.70,10,9261,9.71_9.72_9.73_9.74_9.75_,14_37_292_467_937_,9.70_9.69_9.68_9.67_9.66_,1051_435_286_279_539_
10:52:19,9.71,5,9266,9.71_9.72_9.73_9.74_9.75_,8_37_292_467_937_,9.70_9.69_9.68_9.67_9.66_,1050_435_286_279_539_
10:52:34,9.71,1,9267,9.71_9.72_9.73_9.74_9.75_,9_37_292_467_937_,9.70_9.69_9.68_9.67_9.66_,1050_435_286_279_539_
10:52:39,9.71,1,9267,9.71_9.72_9.73_9.74_9.75_,12_37_292_467_937_,9.70_9.69_9.68_9.67_9.66_,1050_435_286_279_539_
10:52:55,9.71,1,9267,9.71_9.72_9.73_9.74_9.75_,12_37_293_467_937_,9.70_9.69_9.68_9.67_9.66_,1050_435_286_279_539_
10:53:00,9.71,1,9267,9.71_9.72_9.73_9.74_9.75_,12_37_293_467_937_,9.70_9.69_9.68_9.67_9.66_,1053_435_286_279_539_
10:53:05,9.71,1,9267,9.71_9.72_9.73_9.74_9.75_,13_37_293_467_937_,9.70_9.69_9.68_9.67_9.66_,1053_435_286_279_539_
10:53:20,9.71,1,9267,9.71_9.72_9.73_9.74_9.75_,18_37_293_467_937_,9.70_9.69_9.68_9.67_9.66_,1053_435_286_279_539_
10:53:25,9.71,1,9267,9.71_9.72_9.73_9.74_9.75_,21_37_293_467_937_,9.70_9.69_9.68_9.67_9.66_,1053_435_286_279_539_
10:53:36,9.71,1,9267,9.71_9.72_9.73_9.74_9.75_,21_37_293_467_937_,9.70_9.69_9.68_9.67_9.66_,1053_445_286_279_539_
10:53:51,9.71,4,9271,9.71_9.72_9.73_9.74_9.75_,17_37_293_467_937_,9.70_9.69_9.68_9.67_9.66_,1053_445_286_279_539_
10:54:01,9.71,4,9271,9.71_9.72_9.73_9.74_9.75_,17_37_293_467_937_,9.70_9.69_9.68_9.67_9.66_,1054_445_286_279_539_
10:54:06,9.71,4,9271,9.71_9.72_9.73_9.74_9.75_,20_37_293_467_937_,9.70_9.69_9.68_9.67_9.66_,1054_445_286_279_539_
10:54:22,9.71,4,9271,9.71_9.72_9.73_9.74_9.75_,30_37_293_467_937_,9.70_9.69_9.68_9.67_9.66_,1054_445_286_274_539_
10:54:27,9.71,4,9271,9.71_9.72_9.73_9.74_9.75_,80_37_293_467_937_,9.70_9.69_9.68_9.67_9.66_,1064_442_286_274_539_
10:54:32,9.71,4,9271,9.71_9.72_9.73_9.74_9.75_,80_87_293_467_937_,9.70_9.69_9.68_9.67_9.66_,1064_442_286_274_539_
10:54:37,9.71,4,9271,9.71_9.72_9.73_9.74_9.75_,81_87_293_467_937_,9.70_9.69_9.68_9.67_9.66_,1064_442_286_274_539_
10:54:53,9.71,4,9271,9.71_9.72_9.73_9.74_9.75_,76_87_293_467_937_,9.70_9.69_9.68_9.67_9.66_,1056_442_286_274_539_
10:54:58,9.70,1,9272,9.71_9.72_9.73_9.74_9.75_,76_87_293_467_937_,9.70_9.69_9.68_9.67_9.66_,1056_442_286_274_539_
10:55:03,9.70,1,9272,9.71_9.72_9.73_9.74_9.75_,77_87_293_467_937_,9.70_9.69_9.68_9.67_9.66_,1056_442_286_274_539_
10:55:13,9.71,11,9283,9.71_9.72_9.73_9.74_9.75_,66_87_293_467_937_,9.70_9.69_9.68_9.67_9.66_,1045_442_286_274_539_
10:55:18,9.71,6,9289,9.71_9.72_9.73_9.74_9.75_,60_87_293_467_937_,9.70_9.69_9.68_9.67_9.66_,1044_442_286_274_539_
10:55:23,9.70,11,9300,9.71_9.72_9.73_9.74_9.75_,62_87_293_467_937_,9.70_9.69_9.68_9.67_9.66_,1033_442_286_274_539_
10:55:28,9.70,10,9310,9.71_9.72_9.73_9.74_9.75_,62_87_293_467_937_,9.70_9.69_9.68_9.67_9.66_,1024_442_286_274_539_
10:55:34,9.70,10,9310,9.71_9.72_9.73_9.74_9.75_,63_87_293_467_937_,9.70_9.69_9.68_9.67_9.66_,1024_443_286_274_539_
10:55:44,9.70,10,9310,9.71_9.72_9.73_9.74_9.75_,67_87_293_467_937_,9.70_9.69_9.68_9.67_9.66_,1024_443_286_274_539_
10:55:54,9.70,10,9310,9.71_9.72_9.73_9.74_9.75_,68_87_293_467_937_,9.70_9.69_9.68_9.67_9.66_,1024_444_286_274_539_
10:55:59,9.70,10,9310,9.71_9.72_9.73_9.74_9.75_,70_87_293_467_937_,9.70_9.69_9.68_9.67_9.66_,1039_444_286_274_539_
10:56:04,9.70,10,9310,9.71_9.72_9.73_9.74_9.75_,70_91_293_458_937_,9.70_9.69_9.68_9.67_9.66_,1039_444_286_274_539_
10:56:09,9.71,150,9460,9.72_9.73_9.74_9.75_9.76_,91_293_458_937_67_,9.71_9.70_9.69_9.68_9.67_,50_1039_444_286_274_
10:56:15,9.71,81,9541,9.72_9.73_9.74_9.75_9.76_,93_293_458_700_304_,9.71_9.70_9.69_9.68_9.67_,42_1012_390_286_524_
10:56:20,9.71,14,9555,9.72_9.73_9.74_9.75_9.76_,97_293_454_700_304_,9.71_9.70_9.69_9.68_9.67_,43_1016_390_286_524_
10:56:25,9.71,2,9557,9.72_9.73_9.74_9.75_9.76_,97_293_454_700_304_,9.71_9.70_9.69_9.68_9.67_,40_1014_391_286_524_
10:56:30,9.71,41,9598,9.71_9.72_9.73_9.74_9.75_,59_97_293_454_700_,9.70_9.69_9.68_9.67_9.66_,1013_391_286_524_289_
10:56:35,9.71,41,9598,9.71_9.72_9.73_9.74_9.75_,61_95_293_454_937_,9.70_9.69_9.68_9.67_9.66_,1012_420_289_274_539_
10:56:40,9.71,41,9598,9.71_9.72_9.73_9.74_9.75_,62_95_293_454_937_,9.70_9.69_9.68_9.67_9.66_,1014_420_289_274_539_
10:56:45,9.71,53,9651,9.71_9.72_9.73_9.74_9.75_,9_95_293_454_937_,9.70_9.69_9.68_9.67_9.66_,1014_420_289_274_539_
10:56:51,9.70,11,9662,9.71_9.72_9.73_9.74_9.75_,9_95_293_454_937_,9.70_9.69_9.68_9.67_9.66_,1008_420_289_274_539_
10:56:56,9.70,11,9662,9.71_9.72_9.73_9.74_9.75_,11_95_293_454_937_,9.70_9.69_9.68_9.67_9.66_,1008_420_289_274_539_
10:57:01,9.70,11,9662,9.71_9.72_9.73_9.74_9.75_,11_87_292_463_937_,9.70_9.69_9.68_9.67_9.66_,1008_420_289_274_539_
10:57:06,9.70,11,9662,9.71_9.72_9.73_9.74_9.75_,11_87_292_463_937_,9.70_9.69_9.68_9.67_9.66_,1010_420_289_274_539_
10:57:27,9.70,11,9662,9.71_9.72_9.73_9.74_9.75_,11_87_292_463_937_,9.70_9.69_9.68_9.67_9.66_,1020_420_289_274_539_
10:57:32,9.70,11,9662,9.71_9.72_9.73_9.74_9.75_,12_88_292_463_937_,9.70_9.69_9.68_9.67_9.66_,1020_420_289_274_539_
10:57:37,9.70,11,9662,9.71_9.72_9.73_9.74_9.75_,62_88_292_463_937_,9.70_9.69_9.68_9.67_9.66_,1020_420_289_274_539_
10:57:42,9.70,11,9662,9.71_9.72_9.73_9.74_9.75_,65_88_292_463_937_,9.70_9.69_9.68_9.67_9.66_,1020_420_289_274_539_
10:57:47,9.70,11,9662,9.71_9.72_9.73_9.74_9.75_,66_88_292_463_937_,9.70_9.69_9.68_9.67_9.66_,1020_420_289_274_539_
10:57:52,9.70,11,9673,9.71_9.72_9.73_9.74_9.75_,66_88_292_463_937_,9.70_9.69_9.68_9.67_9.66_,1009_420_289_274_539_
10:57:57,9.70,11,9673,9.71_9.72_9.73_9.74_9.75_,61_88_292_463_937_,9.70_9.69_9.68_9.67_9.66_,1017_420_289_274_539_
10:58:02,9.71,1,9674,9.71_9.72_9.73_9.74_9.75_,61_88_292_463_937_,9.70_9.69_9.68_9.67_9.66_,1019_420_289_274_539_
10:58:08,9.71,1,9674,9.71_9.72_9.73_9.74_9.75_,63_88_292_463_937_,9.70_9.69_9.68_9.67_9.66_,1019_420_289_274_539_
10:58:13,9.71,2,9676,9.71_9.72_9.73_9.74_9.75_,61_88_192_463_937_,9.70_9.69_9.68_9.67_9.66_,1017_420_289_274_539_
10:58:23,9.71,7,9683,9.71_9.72_9.73_9.74_9.75_,54_88_192_463_937_,9.70_9.69_9.68_9.67_9.66_,1017_420_289_274_539_
10:58:28,9.71,7,9683,9.71_9.72_9.73_9.74_9.75_,56_88_192_463_937_,9.70_9.69_9.68_9.67_9.66_,1017_420_289_274_539_
10:58:33,9.71,2,9685,9.71_9.72_9.73_9.74_9.75_,74_88_192_463_937_,9.70_9.69_9.68_9.67_9.66_,1015_420_289_274_539_
10:59:04,9.71,2,9685,9.71_9.72_9.73_9.74_9.75_,77_88_190_463_938_,9.70_9.69_9.68_9.67_9.66_,1016_420_289_274_539_
10:59:09,9.71,2,9685,9.71_9.72_9.73_9.74_9.75_,78_88_190_463_938_,9.70_9.69_9.68_9.67_9.66_,1016_420_289_274_539_
10:59:19,9.70,11,9696,9.71_9.72_9.73_9.74_9.75_,115_88_190_463_938_,9.70_9.69_9.68_9.67_9.66_,1005_420_289_274_539_
10:59:40,9.70,11,9696,9.71_9.72_9.73_9.74_9.75_,112_88_190_463_938_,9.70_9.69_9.68_9.67_9.66_,1000_420_289_274_539_
10:59:50,9.71,4,9700,9.71_9.72_9.73_9.74_9.75_,108_88_190_463_938_,9.70_9.69_9.68_9.67_9.66_,1000_420_289_274_539_
10:59:55,9.71,1,9701,9.71_9.72_9.73_9.74_9.75_,107_88_190_463_938_,9.70_9.69_9.68_9.67_9.66_,999_420_289_274_539_
11:00:00,9.71,2,9703,9.71_9.72_9.73_9.74_9.75_,107_88_190_463_938_,9.70_9.69_9.68_9.67_9.66_,999_420_289_274_539_
11:00:05,9.71,2,9703,9.71_9.72_9.73_9.74_9.75_,137_89_191_463_937_,9.70_9.69_9.68_9.67_9.66_,1000_420_289_274_539_
11:00:11,9.70,5,9708,9.71_9.72_9.73_9.74_9.75_,137_89_191_463_937_,9.70_9.69_9.68_9.67_9.66_,996_420_289_274_539_
11:00:16,9.70,5,9708,9.71_9.72_9.73_9.74_9.75_,138_89_191_463_937_,9.70_9.69_9.68_9.67_9.66_,996_420_289_274_539_
11:00:21,9.71,7,9715,9.71_9.72_9.73_9.74_9.75_,131_89_191_463_937_,9.70_9.69_9.68_9.67_9.66_,996_420_289_274_539_
11:00:26,9.71,7,9715,9.71_9.72_9.73_9.74_9.75_,153_89_191_463_937_,9.70_9.69_9.68_9.67_9.66_,996_420_289_274_539_
11:00:31,9.71,7,9715,9.71_9.72_9.73_9.74_9.75_,153_89_190_463_937_,9.70_9.69_9.68_9.67_9.66_,996_420_289_274_539_
11:00:41,9.70,11,9726,9.71_9.72_9.73_9.74_9.75_,154_89_190_463_937_,9.70_9.69_9.68_9.67_9.66_,985_420_289_274_539_
11:00:46,9.70,11,9726,9.71_9.72_9.73_9.74_9.75_,153_89_190_463_937_,9.70_9.69_9.68_9.67_9.66_,981_420_289_274_539_
11:00:52,9.70,11,9726,9.71_9.72_9.73_9.74_9.75_,153_89_190_463_942_,9.70_9.69_9.68_9.67_9.66_,982_420_289_274_539_
11:00:57,9.70,11,9726,9.71_9.72_9.73_9.74_9.75_,153_89_190_463_942_,9.70_9.69_9.68_9.67_9.66_,983_421_289_274_539_
11:01:02,9.70,5,9731,9.71_9.72_9.73_9.74_9.75_,153_89_190_463_942_,9.70_9.69_9.68_9.67_9.66_,978_421_289_274_539_
11:01:07,9.70,5,9731,9.71_9.72_9.73_9.74_9.75_,153_89_190_463_942_,9.70_9.69_9.68_9.67_9.66_,980_421_289_274_539_
11:01:12,9.70,5,9731,9.71_9.72_9.73_9.74_9.75_,253_89_190_463_942_,9.70_9.69_9.68_9.67_9.66_,980_421_289_274_539_
11:01:17,9.70,5,9731,9.71_9.72_9.73_9.74_9.75_,253_89_190_463_942_,9.70_9.69_9.68_9.67_9.66_,980_421_289_274_485_
11:01:22,9.71,5,9736,9.71_9.72_9.73_9.74_9.75_,250_89_190_463_942_,9.70_9.69_9.68_9.67_9.66_,980_421_289_274_485_
11:01:27,9.70,11,9747,9.71_9.72_9.73_9.74_9.75_,248_89_190_463_942_,9.70_9.69_9.68_9.67_9.66_,967_421_289_274_485_
11:01:32,9.71,1,9748,9.71_9.72_9.73_9.74_9.75_,247_89_190_463_942_,9.70_9.69_9.68_9.67_9.66_,971_421_289_274_485_
11:01:38,9.71,2,9750,9.71_9.72_9.73_9.74_9.75_,245_89_190_463_942_,9.70_9.69_9.68_9.67_9.66_,969_421_289_274_485_
11:01:48,9.71,1,9751,9.71_9.72_9.73_9.74_9.75_,244_89_190_463_942_,9.70_9.69_9.68_9.67_9.66_,968_421_289_274_485_
11:01:53,9.71,1,9751,9.71_9.72_9.73_9.74_9.75_,246_89_190_463_942_,9.70_9.69_9.68_9.67_9.66_,968_421_289_274_485_
11:02:03,9.71,1,9751,9.71_9.72_9.73_9.74_9.75_,247_98_190_454_942_,9.70_9.69_9.68_9.67_9.66_,969_421_289_274_485_
11:02:08,9.71,1,9751,9.71_9.72_9.73_9.74_9.75_,246_98_190_454_942_,9.70_9.69_9.68_9.67_9.66_,966_421_289_274_485_
11:02:13,9.71,5,9756,9.71_9.72_9.73_9.74_9.75_,241_98_190_454_942_,9.70_9.69_9.68_9.67_9.66_,966_421_289_274_485_
11:02:19,9.71,1,9757,9.71_9.72_9.73_9.74_9.75_,260_98_190_454_942_,9.70_9.69_9.68_9.67_9.66_,965_421_289_274_485_
11:02:34,9.71,5,9762,9.71_9.72_9.73_9.74_9.75_,256_98_190_454_942_,9.70_9.69_9.68_9.67_9.66_,960_421_289_274_485_
11:02:49,9.71,4,9766,9.71_9.72_9.73_9.74_9.75_,254_98_190_454_942_,9.70_9.69_9.68_9.67_9.66_,957_421_289_284_485_
11:03:05,9.71,4,9766,9.71_9.72_9.73_9.74_9.75_,258_98_183_454_942_,9.70_9.69_9.68_9.67_9.66_,958_421_279_284_485_
11:03:15,9.71,1,9767,9.71_9.72_9.73_9.74_9.75_,258_98_183_454_942_,9.70_9.69_9.68_9.67_9.66_,958_421_279_284_485_
11:03:20,9.71,1,9767,9.71_9.72_9.73_9.74_9.75_,260_98_183_454_942_,9.70_9.69_9.68_9.67_9.66_,958_421_279_284_485_
11:03:25,9.70,2,9769,9.71_9.72_9.73_9.74_9.75_,261_98_183_454_942_,9.70_9.69_9.68_9.67_9.66_,954_421_279_284_485_
11:03:36,9.70,4,9773,9.71_9.72_9.73_9.74_9.75_,261_98_183_454_942_,9.70_9.69_9.68_9.67_9.66_,950_421_279_284_485_
11:03:51,9.70,4,9773,9.71_9.72_9.73_9.74_9.75_,261_98_183_454_942_,9.70_9.69_9.68_9.67_9.66_,948_421_281_284_485_
11:03:56,9.70,4,9773,9.71_9.72_9.73_9.74_9.75_,261_98_183_454_942_,9.70_9.69_9.68_9.67_9.66_,948_422_281_284_485_
11:04:01,9.70,4,9773,9.71_9.72_9.73_9.74_9.75_,262_98_183_454_942_,9.70_9.69_9.68_9.67_9.66_,949_422_283_284_485_
11:04:06,9.71,10,9783,9.71_9.72_9.73_9.74_9.75_,252_98_183_454_942_,9.70_9.69_9.68_9.67_9.66_,939_422_283_284_485_
11:04:11,9.71,2,9785,9.71_9.72_9.73_9.74_9.75_,250_98_183_454_942_,9.70_9.69_9.68_9.67_9.66_,937_422_283_284_485_
11:04:16,9.71,2,9785,9.71_9.72_9.73_9.74_9.75_,250_98_183_454_942_,9.70_9.69_9.68_9.67_9.66_,935_422_283_294_485_
11:04:22,9.71,5,9790,9.71_9.72_9.73_9.74_9.75_,245_98_183_454_942_,9.70_9.69_9.68_9.67_9.66_,935_422_283_294_485_
11:04:27,9.71,5,9790,9.71_9.72_9.73_9.74_9.75_,250_98_183_454_942_,9.70_9.69_9.68_9.67_9.66_,935_422_283_294_485_
11:04:32,9.71,5,9790,9.71_9.72_9.73_9.74_9.75_,250_98_183_454_942_,9.70_9.69_9.68_9.67_9.66_,935_422_273_294_485_
11:04:42,9.71,5,9790,9.71_9.72_9.73_9.74_9.75_,250_98_183_454_942_,9.70_9.69_9.68_9.67_9.66_,1049_422_273_294_485_
11:04:47,9.71,1,9791,9.71_9.72_9.73_9.74_9.75_,249_98_183_454_942_,9.70_9.69_9.68_9.67_9.66_,1049_422_273_294_485_
11:04:52,9.71,1,9791,9.71_9.72_9.73_9.74_9.75_,250_98_183_454_942_,9.70_9.69_9.68_9.67_9.66_,1048_422_273_294_485_
11:04:58,9.71,1,9791,9.71_9.72_9.73_9.74_9.75_,250_98_183_456_942_,9.70_9.69_9.68_9.67_9.66_,1048_422_273_294_485_
11:05:03,9.70,6,9797,9.71_9.72_9.73_9.74_9.75_,249_98_183_461_942_,9.70_9.69_9.68_9.67_9.66_,1042_422_273_294_485_
11:05:08,9.70,6,9797,9.71_9.72_9.73_9.74_9.75_,250_98_183_316_942_,9.70_9.69_9.68_9.67_9.66_,1046_422_273_294_485_
11:05:13,9.70,6,9797,9.71_9.72_9.73_9.74_9.75_,250_243_183_316_942_,9.70_9.69_9.68_9.67_9.66_,1046_422_273_294_485_
11:05:18,9.70,6,9797,9.71_9.72_9.73_9.74_9.75_,250_244_183_315_942_,9.70_9.69_9.68_9.67_9.66_,1046_422_273_294_485_
11:05:28,9.70,6,9797,9.71_9.72_9.73_9.74_9.75_,250_244_213_315_912_,9.70_9.69_9.68_9.67_9.66_,1047_422_273_294_485_
11:05:34,9.71,1,9798,9.71_9.72_9.73_9.74_9.75_,248_244_213_315_912_,9.70_9.69_9.68_9.67_9.66_,1047_422_273_294_485_
11:05:44,9.71,2,9800,9.71_9.72_9.73_9.74_9.75_,246_244_213_315_912_,9.70_9.69_9.68_9.67_9.66_,1045_422_273_294_485_
11:05:49,9.71,5,9805,9.71_9.72_9.73_9.74_9.75_,241_244_213_315_912_,9.70_9.69_9.68_9.67_9.66_,1045_422_273_294_485_
11:05:54,9.71,5,9805,9.71_9.72_9.73_9.74_9.75_,242_244_213_315_912_,9.70_9.69_9.68_9.67_9.66_,1045_422_273_294_485_
11:06:04,9.70,1,9806,9.71_9.72_9.73_9.74_9.75_,242_244_213_315_912_,9.70_9.69_9.68_9.67_9.66_,1045_422_273_294_485_
11:06:09,9.70,1,9806,9.71_9.72_9.73_9.74_9.75_,243_244_213_315_912_,9.70_9.69_9.68_9.67_9.66_,1045_422_273_294_485_
11:06:15,9.70,1,9807,9.71_9.72_9.73_9.74_9.75_,243_244_213_315_912_,9.70_9.69_9.68_9.67_9.66_,1044_422_273_294_485_
11:06:20,9.70,1,9807,9.71_9.72_9.73_9.74_9.75_,244_244_213_315_912_,9.70_9.69_9.68_9.67_9.66_,1044_422_273_294_485_
11:06:30,9.70,1,9807,9.71_9.72_9.73_9.74_9.75_,246_244_213_315_912_,9.70_9.69_9.68_9.67_9.66_,1044_422_273_294_485_
11:06:45,9.70,1,9807,9.71_9.72_9.73_9.74_9.75_,245_244_213_315_912_,9.70_9.69_9.68_9.67_9.66_,1044_422_273_294_485_
11:06:51,9.70,1,9807,9.71_9.72_9.73_9.74_9.75_,147_244_213_315_912_,9.70_9.69_9.68_9.67_9.66_,1044_422_273_294_485_
11:06:56,9.70,1,9807,9.71_9.72_9.73_9.74_9.75_,147_244_213_315_912_,9.70_9.69_9.68_9.67_9.66_,1044_424_273_294_485_
11:07:01,9.70,1,9807,9.71_9.72_9.73_9.74_9.75_,143_244_217_315_912_,9.70_9.69_9.68_9.67_9.66_,1046_424_273_294_485_
11:07:06,9.70,400,10207,9.71_9.72_9.73_9.74_9.75_,143_244_217_315_912_,9.70_9.69_9.68_9.67_9.66_,649_424_273_294_485_
11:07:11,9.70,437,10644,9.71_9.72_9.73_9.74_9.75_,146_249_222_315_912_,9.70_9.69_9.68_9.67_9.66_,213_424_273_294_485_
11:07:16,9.70,73,10717,9.71_9.72_9.73_9.74_9.75_,148_249_218_315_912_,9.70_9.69_9.68_9.67_9.66_,213_446_273_294_485_
11:07:21,9.71,4,10721,9.71_9.72_9.73_9.74_9.75_,144_249_218_315_912_,9.70_9.69_9.68_9.67_9.66_,319_442_270_294_485_
11:07:26,9.71,1,10722,9.71_9.72_9.73_9.74_9.75_,144_249_218_315_912_,9.70_9.69_9.68_9.67_9.66_,330_442_270_294_485_
11:07:32,9.70,301,11023,9.71_9.72_9.73_9.74_9.75_,144_229_218_315_912_,9.70_9.69_9.68_9.67_9.66_,29_442_270_294_485_
11:07:37,9.70,57,11080,9.70_9.71_9.72_9.73_9.74_,16_144_229_218_315_,9.69_9.68_9.67_9.66_9.65_,440_296_294_485_337_
11:07:42,9.70,39,11119,9.71_9.72_9.73_9.74_9.75_,95_228_218_552_675_,9.70_9.69_9.68_9.67_9.66_,163_558_298_294_235_
11:07:47,9.70,11,11130,9.71_9.72_9.73_9.74_9.75_,100_228_218_315_912_,9.70_9.69_9.68_9.67_9.66_,239_419_270_294_485_
11:07:52,9.70,11,11130,9.71_9.72_9.73_9.74_9.75_,100_228_218_315_912_,9.70_9.69_9.68_9.67_9.66_,245_419_270_294_485_
11:07:57,9.70,1,11131,9.71_9.72_9.73_9.74_9.75_,139_228_218_315_912_,9.70_9.69_9.68_9.67_9.66_,244_419_260_294_485_
11:08:02,9.70,5,11136,9.71_9.72_9.73_9.74_9.75_,139_228_218_320_912_,9.70_9.69_9.68_9.67_9.66_,239_419_260_294_485_
11:08:07,9.71,5,11141,9.71_9.72_9.73_9.74_9.75_,135_228_218_320_912_,9.70_9.69_9.68_9.67_9.66_,241_419_260_294_485_
11:08:13,9.70,1,11142,9.71_9.72_9.73_9.74_9.75_,135_228_218_320_912_,9.70_9.69_9.68_9.67_9.66_,241_418_261_294_485_
11:08:18,9.70,1,11143,9.71_9.72_9.73_9.74_9.75_,137_228_218_320_912_,9.70_9.69_9.68_9.67_9.66_,240_418_261_294_485_
11:08:23,9.70,50,11193,9.71_9.72_9.73_9.74_9.75_,137_228_218_320_912_,9.70_9.69_9.68_9.67_9.66_,190_418_261_294_485_
11:08:28,9.70,9,11202,9.71_9.72_9.73_9.74_9.75_,137_228_218_320_912_,9.70_9.69_9.68_9.67_9.66_,184_418_261_294_487_
11:08:33,9.70,9,11202,9.71_9.72_9.73_9.74_9.75_,138_228_218_320_912_,9.70_9.69_9.68_9.67_9.66_,184_419_261_294_487_
11:08:38,9.70,9,11202,9.71_9.72_9.73_9.74_9.75_,138_228_218_340_912_,9.70_9.69_9.68_9.67_9.66_,184_419_261_294_487_
11:08:48,9.71,4,11206,9.71_9.72_9.73_9.74_9.75_,131_228_218_340_912_,9.70_9.69_9.68_9.67_9.66_,184_419_261_294_487_
11:08:54,9.70,1,11207,9.71_9.72_9.73_9.74_9.75_,131_229_218_340_912_,9.70_9.69_9.68_9.67_9.66_,183_419_261_294_487_
11:08:59,9.70,155,11362,9.71_9.72_9.73_9.74_9.75_,132_229_218_340_912_,9.70_9.69_9.68_9.67_9.66_,28_419_261_294_487_
11:09:04,9.69,30,11392,9.71_9.72_9.73_9.74_9.75_,132_229_218_340_912_,9.69_9.68_9.67_9.66_9.65_,407_276_294_487_337_
11:09:09,9.69,30,11392,9.70_9.71_9.72_9.73_9.74_,33_97_220_218_349_,9.69_9.68_9.67_9.66_9.65_,534_293_297_256_568_
11:09:14,9.70,44,11436,9.71_9.72_9.73_9.74_9.75_,83_220_213_586_679_,9.70_9.69_9.68_9.67_9.66_,5_442_293_297_237_
11:09:19,9.70,9,11445,9.71_9.72_9.73_9.74_9.75_,87_220_218_349_916_,9.70_9.69_9.68_9.67_9.66_,36_301_261_294_487_
11:09:24,9.70,9,11445,9.71_9.72_9.73_9.74_9.75_,91_229_218_340_912_,9.70_9.69_9.68_9.67_9.66_,47_302_261_294_487_
11:09:30,9.71,3,11448,9.71_9.72_9.73_9.74_9.75_,88_229_218_340_912_,9.70_9.69_9.68_9.67_9.66_,49_302_261_294_487_
11:09:35,9.70,1,11449,9.71_9.72_9.73_9.74_9.75_,89_229_218_340_912_,9.70_9.69_9.68_9.67_9.66_,48_302_261_294_487_
11:09:40,9.70,1,11449,9.71_9.72_9.73_9.74_9.75_,89_229_218_340_912_,9.70_9.69_9.68_9.67_9.66_,48_301_262_294_487_
11:09:45,9.71,1,11450,9.71_9.72_9.73_9.74_9.75_,88_229_218_340_912_,9.70_9.69_9.68_9.67_9.66_,49_301_262_294_487_
11:09:55,9.71,1,11450,9.71_9.72_9.73_9.74_9.75_,88_229_218_340_912_,9.70_9.69_9.68_9.67_9.66_,49_300_262_294_487_
11:10:00,9.70,5,11455,9.71_9.72_9.73_9.74_9.75_,88_229_218_340_912_,9.70_9.69_9.68_9.67_9.66_,44_300_262_294_487_
11:10:06,9.70,1,11456,9.71_9.72_9.73_9.74_9.75_,92_229_218_340_912_,9.70_9.69_9.68_9.67_9.66_,37_285_262_294_487_
11:10:11,9.70,1,11456,9.71_9.72_9.73_9.74_9.75_,92_229_218_340_912_,9.70_9.69_9.68_9.67_9.66_,88_285_269_294_487_
11:10:16,9.70,62,11518,9.71_9.72_9.73_9.74_9.75_,89_229_218_340_912_,9.70_9.69_9.68_9.67_9.66_,40_285_269_294_487_
11:10:21,9.70,11,11529,9.71_9.72_9.73_9.74_9.75_,92_229_218_340_912_,9.70_9.69_9.68_9.67_9.66_,42_284_268_294_487_
11:10:26,9.70,11,11529,9.71_9.72_9.73_9.74_9.75_,92_229_218_340_912_,9.70_9.69_9.68_9.67_9.66_,41_284_268_294_487_
11:10:31,9.70,2,11531,9.71_9.72_9.73_9.74_9.75_,91_229_218_340_912_,9.70_9.69_9.68_9.67_9.66_,39_284_269_294_487_
11:10:41,9.70,2,11533,9.71_9.72_9.73_9.74_9.75_,91_229_218_340_912_,9.70_9.69_9.68_9.67_9.66_,87_284_269_294_487_
11:10:47,9.70,1,11534,9.71_9.72_9.73_9.74_9.75_,91_229_218_340_912_,9.70_9.69_9.68_9.67_9.66_,97_284_269_294_487_
11:10:52,9.70,1,11534,9.71_9.72_9.73_9.74_9.75_,89_229_218_340_912_,9.70_9.69_9.68_9.67_9.66_,97_284_269_294_487_
11:10:57,9.70,7,11541,9.71_9.72_9.73_9.74_9.75_,88_229_218_340_912_,9.70_9.69_9.68_9.67_9.66_,90_284_269_294_487_
11:11:02,9.70,1,11542,9.71_9.72_9.73_9.74_9.75_,89_229_218_340_912_,9.70_9.69_9.68_9.67_9.66_,289_285_269_294_487_
11:11:07,9.70,1,11542,9.71_9.72_9.73_9.74_9.75_,90_229_218_340_912_,9.70_9.69_9.68_9.67_9.66_,357_285_268_294_487_
11:11:17,9.70,1,11542,9.71_9.72_9.73_9.74_9.75_,91_229_218_340_912_,9.70_9.69_9.68_9.67_9.66_,357_285_268_294_487_
11:11:22,9.70,1,11542,9.71_9.72_9.73_9.74_9.75_,91_229_218_340_912_,9.70_9.69_9.68_9.67_9.66_,370_285_268_294_487_
11:11:27,9.70,1,11542,9.71_9.72_9.73_9.74_9.75_,91_229_218_340_912_,9.70_9.69_9.68_9.67_9.66_,575_285_268_294_487_
11:11:33,9.70,1,11542,9.71_9.72_9.73_9.74_9.75_,91_229_218_340_912_,9.70_9.69_9.68_9.67_9.66_,645_285_268_294_487_
11:11:38,9.70,1,11542,9.71_9.72_9.73_9.74_9.75_,92_229_218_340_912_,9.70_9.69_9.68_9.67_9.66_,645_285_268_294_487_
11:11:48,9.71,4,11546,9.71_9.72_9.73_9.74_9.75_,89_229_218_340_912_,9.70_9.69_9.68_9.67_9.66_,645_285_268_294_487_
11:11:53,9.70,1,11547,9.71_9.72_9.73_9.74_9.75_,89_229_218_340_912_,9.70_9.69_9.68_9.67_9.66_,673_311_269_294_487_
11:11:58,9.70,1,11547,9.71_9.72_9.73_9.74_9.75_,89_229_218_340_912_,9.70_9.69_9.68_9.67_9.66_,683_311_269_294_487_
11:12:03,9.70,2,11549,9.71_9.72_9.73_9.74_9.75_,88_229_218_340_912_,9.70_9.69_9.68_9.67_9.66_,682_311_269_294_487_
11:12:08,9.70,2,11549,9.71_9.72_9.73_9.74_9.75_,91_229_218_340_912_,9.70_9.69_9.68_9.67_9.66_,682_311_269_294_487_
11:12:19,9.71,1,11550,9.71_9.72_9.73_9.74_9.75_,90_229_218_340_912_,9.70_9.69_9.68_9.67_9.66_,682_311_269_294_487_
11:12:34,9.71,1,11550,9.71_9.72_9.73_9.74_9.75_,90_279_218_340_912_,9.70_9.69_9.68_9.67_9.66_,682_311_269_294_487_
11:12:39,9.71,1,11550,9.71_9.72_9.73_9.74_9.75_,92_279_218_340_912_,9.70_9.69_9.68_9.67_9.66_,682_311_262_294_487_
11:12:44,9.70,2,11552,9.71_9.72_9.73_9.74_9.75_,92_279_218_340_912_,9.70_9.69_9.68_9.67_9.66_,680_311_262_294_487_
11:12:49,9.70,2,11552,9.71_9.72_9.73_9.74_9.75_,96_279_218_340_912_,9.70_9.69_9.68_9.67_9.66_,680_311_262_294_487_
11:13:00,9.70,2,11552,9.71_9.72_9.73_9.74_9.75_,96_279_218_340_912_,9.70_9.69_9.68_9.67_9.66_,681_311_262_294_487_
11:13:10,9.70,3,11562,9.71_9.72_9.73_9.74_9.75_,96_279_218_340_912_,9.70_9.69_9.68_9.67_9.66_,677_311_262_294_487_
11:13:15,9.70,3,11562,9.71_9.72_9.73_9.74_9.75_,96_279_218_340_912_,9.70_9.69_9.68_9.67_9.66_,679_311_262_294_487_
11:13:20,9.71,4,11566,9.71_9.72_9.73_9.74_9.75_,92_279_218_340_912_,9.70_9.69_9.68_9.67_9.66_,680_311_262_294_487_
11:13:25,9.70,1,11567,9.71_9.72_9.73_9.74_9.75_,103_279_218_340_912_,9.70_9.69_9.68_9.67_9.66_,679_311_262_294_487_
11:13:30,9.71,1,11568,9.71_9.72_9.73_9.74_9.75_,102_279_218_340_912_,9.70_9.69_9.68_9.67_9.66_,682_311_262_294_487_
11:13:35,9.71,1,11568,9.71_9.72_9.73_9.74_9.75_,100_279_218_340_912_,9.70_9.69_9.68_9.67_9.66_,683_311_262_294_487_
11:13:41,9.70,11,11579,9.71_9.72_9.73_9.74_9.75_,100_313_218_340_912_,9.70_9.69_9.68_9.67_9.66_,672_311_262_294_487_
11:13:46,9.70,2,11581,9.71_9.72_9.73_9.74_9.75_,100_315_218_340_912_,9.70_9.69_9.68_9.67_9.66_,677_310_261_294_487_
11:13:51,9.70,2,11581,9.71_9.72_9.73_9.74_9.75_,100_315_218_340_912_,9.70_9.69_9.68_9.67_9.66_,678_310_261_294_487_
11:13:56,9.70,2,11581,9.71_9.72_9.73_9.74_9.75_,100_315_251_340_912_,9.70_9.69_9.68_9.67_9.66_,678_310_261_294_487_
11:14:06,9.70,2,11583,9.71_9.72_9.73_9.74_9.75_,100_315_251_340_912_,9.70_9.69_9.68_9.67_9.66_,677_310_261_294_487_
11:14:11,9.70,2,11583,9.71_9.72_9.73_9.74_9.75_,100_315_251_384_912_,9.70_9.69_9.68_9.67_9.66_,677_310_261_294_487_
11:14:16,9.71,5,11588,9.71_9.72_9.73_9.74_9.75_,95_315_251_384_912_,9.70_9.69_9.68_9.67_9.66_,687_310_261_294_487_
11:14:22,9.70,1,11589,9.71_9.72_9.73_9.74_9.75_,95_315_251_384_912_,9.70_9.69_9.68_9.67_9.66_,688_311_261_294_487_
11:14:47,9.71,5,11594,9.71_9.72_9.73_9.74_9.75_,90_315_251_384_912_,9.70_9.69_9.68_9.67_9.66_,688_311_261_294_487_
11:14:52,9.70,1,11595,9.71_9.72_9.73_9.74_9.75_,95_315_251_384_912_,9.70_9.69_9.68_9.67_9.66_,687_311_261_294_487_
11:15:03,9.70,1,11595,9.71_9.72_9.73_9.74_9.75_,95_315_251_384_912_,9.70_9.69_9.68_9.67_9.66_,687_312_261_294_487_
11:15:08,9.71,1,11596,9.71_9.72_9.73_9.74_9.75_,94_315_251_384_912_,9.70_9.69_9.68_9.67_9.66_,687_312_261_294_487_
11:15:13,9.71,1,11596,9.71_9.72_9.73_9.74_9.75_,94_315_251_384_912_,9.70_9.69_9.68_9.67_9.66_,687_312_262_294_487_
11:15:28,9.71,1,11596,9.71_9.72_9.73_9.74_9.75_,94_315_251_384_912_,9.70_9.69_9.68_9.67_9.66_,689_312_262_294_487_
11:15:33,9.71,1,11596,9.71_9.72_9.73_9.74_9.75_,98_315_251_384_912_,9.70_9.69_9.68_9.67_9.66_,689_312_262_294_487_
11:15:39,9.71,1,11596,9.71_9.72_9.73_9.74_9.75_,99_315_251_384_912_,9.70_9.69_9.68_9.67_9.66_,689_312_262_294_487_
11:15:54,9.70,7,11603,9.71_9.72_9.73_9.74_9.75_,99_315_251_384_912_,9.70_9.69_9.68_9.67_9.66_,682_312_262_294_487_
11:15:59,9.70,8,11611,9.71_9.72_9.73_9.74_9.75_,99_315_251_384_912_,9.70_9.69_9.68_9.67_9.66_,674_312_262_294_487_
11:16:04,9.70,1,11612,9.71_9.72_9.73_9.74_9.75_,99_315_251_384_912_,9.70_9.69_9.68_9.67_9.66_,673_312_262_294_487_
11:16:09,9.71,1,11613,9.71_9.72_9.73_9.74_9.75_,98_325_251_384_912_,9.70_9.69_9.68_9.67_9.66_,673_312_262_294_487_
11:16:14,9.70,1,11614,9.71_9.72_9.73_9.74_9.75_,99_325_251_384_912_,9.70_9.69_9.68_9.67_9.66_,702_312_262_294_487_
11:16:20,9.70,6,11620,9.71_9.72_9.73_9.74_9.75_,99_325_251_384_912_,9.70_9.69_9.68_9.67_9.66_,705_312_262_294_487_
11:16:25,9.70,3,11623,9.71_9.72_9.73_9.74_9.75_,99_325_251_384_912_,9.70_9.69_9.68_9.67_9.66_,702_312_262_294_487_
11:16:30,9.70,1,11624,9.71_9.72_9.73_9.74_9.75_,99_325_251_384_912_,9.70_9.69_9.68_9.67_9.66_,701_312_262_294_487_
11:16:35,9.70,6,11630,9.71_9.72_9.73_9.74_9.75_,100_326_251_384_912_,9.70_9.69_9.68_9.67_9.66_,695_312_262_294_487_
11:16:40,9.70,1,11631,9.71_9.72_9.73_9.74_9.75_,100_326_251_384_912_,9.70_9.69_9.68_9.67_9.66_,694_312_262_294_487_
11:16:45,9.70,1,11632,9.71_9.72_9.73_9.74_9.75_,100_326_251_384_912_,9.70_9.69_9.68_9.67_9.66_,693_312_262_294_487_
11:16:50,9.71,2,11634,9.71_9.72_9.73_9.74_9.75_,98_326_251_384_912_,9.70_9.69_9.68_9.67_9.66_,691_312_262_294_487_
11:16:56,9.70,11,11645,9.71_9.72_9.73_9.74_9.75_,98_326_251_384_912_,9.70_9.69_9.68_9.67_9.66_,680_312_262_294_487_
11:17:01,9.70,7,11652,9.71_9.72_9.73_9.74_9.75_,99_326_251_384_912_,9.70_9.69_9.68_9.67_9.66_,673_312_262_294_487_
11:17:06,9.70,9,11661,9.71_9.72_9.73_9.74_9.75_,99_326_251_384_912_,9.70_9.69_9.68_9.67_9.66_,666_312_262_294_487_
11:17:11,9.70,2,11663,9.71_9.72_9.73_9.74_9.75_,99_326_251_384_912_,9.70_9.69_9.68_9.67_9.66_,664_312_262_294_487_
11:17:16,9.70,11,11674,9.71_9.72_9.73_9.74_9.75_,99_326_251_384_912_,9.70_9.69_9.68_9.67_9.66_,653_312_262_294_487_
11:17:21,9.70,8,11682,9.71_9.72_9.73_9.74_9.75_,99_326_251_384_912_,9.70_9.69_9.68_9.67_9.66_,645_312_262_294_487_
11:17:26,9.70,1,11683,9.71_9.72_9.73_9.74_9.75_,99_326_251_384_912_,9.70_9.69_9.68_9.67_9.66_,645_312_262_294_487_
11:17:31,9.70,1,11683,9.71_9.72_9.73_9.74_9.75_,100_326_251_384_912_,9.70_9.69_9.68_9.67_9.66_,646_312_262_294_487_
11:17:37,9.70,1,11683,9.71_9.72_9.73_9.74_9.75_,100_326_251_384_912_,9.70_9.69_9.68_9.67_9.66_,696_312_262_294_487_
11:17:42,9.70,1,11683,9.71_9.72_9.73_9.74_9.75_,100_326_251_384_912_,9.70_9.69_9.68_9.67_9.66_,707_312_262_294_487_
11:17:47,9.71,4,11687,9.71_9.72_9.73_9.74_9.75_,96_326_251_384_912_,9.70_9.69_9.68_9.67_9.66_,707_312_262_294_487_
11:17:52,9.70,9,11696,9.71_9.72_9.73_9.74_9.75_,94_326_251_384_912_,9.70_9.69_9.68_9.67_9.66_,698_313_262_294_487_
11:17:57,9.70,1,11697,9.71_9.72_9.73_9.74_9.75_,94_326_251_384_912_,9.70_9.69_9.68_9.67_9.66_,697_313_262_294_487_
11:18:07,9.70,1,11700,9.71_9.72_9.73_9.74_9.75_,96_326_251_384_912_,9.70_9.69_9.68_9.67_9.66_,715_313_262_294_487_
11:18:13,9.70,2,11702,9.71_9.72_9.73_9.74_9.75_,96_326_251_384_912_,9.70_9.69_9.68_9.67_9.66_,713_313_262_294_487_
11:18:18,9.70,7,11709,9.71_9.72_9.73_9.74_9.75_,96_326_251_384_912_,9.70_9.69_9.68_9.67_9.66_,706_313_262_294_487_
11:18:23,9.70,1,11710,9.71_9.72_9.73_9.74_9.75_,96_326_251_384_912_,9.70_9.69_9.68_9.67_9.66_,705_313_262_294_487_
11:18:28,9.70,1,11711,9.71_9.72_9.73_9.74_9.75_,95_326_251_384_912_,9.70_9.69_9.68_9.67_9.66_,704_313_262_294_487_
11:18:33,9.70,1,11711,9.71_9.72_9.73_9.74_9.75_,98_326_251_384_912_,9.70_9.69_9.68_9.67_9.66_,712_313_262_294_487_
11:18:48,9.71,1,11712,9.71_9.72_9.73_9.74_9.75_,147_326_251_384_912_,9.70_9.69_9.68_9.67_9.66_,711_313_262_294_487_
11:18:54,9.71,1,11712,9.71_9.72_9.73_9.74_9.75_,148_326_251_384_912_,9.70_9.69_9.68_9.67_9.66_,711_313_262_294_487_
11:18:59,9.70,3,11715,9.71_9.72_9.73_9.74_9.75_,149_326_251_384_912_,9.70_9.69_9.68_9.67_9.66_,708_313_262_294_487_
11:19:04,9.70,1,11716,9.71_9.72_9.73_9.74_9.75_,149_326_251_384_912_,9.70_9.69_9.68_9.67_9.66_,707_313_262_294_487_
11:19:09,9.70,4,11720,9.71_9.72_9.73_9.74_9.75_,149_326_251_384_912_,9.70_9.69_9.68_9.67_9.66_,704_313_262_294_487_
11:19:14,9.70,1,11721,9.71_9.72_9.73_9.74_9.75_,149_326_251_384_912_,9.70_9.69_9.68_9.67_9.66_,703_313_262_294_487_
11:19:19,9.71,5,11726,9.71_9.72_9.73_9.74_9.75_,146_326_251_384_912_,9.70_9.69_9.68_9.67_9.66_,703_313_262_294_487_
11:19:24,9.70,11,11737,9.71_9.72_9.73_9.74_9.75_,146_326_251_384_912_,9.70_9.69_9.68_9.67_9.66_,692_313_262_294_487_
11:19:29,9.70,1,11738,9.71_9.72_9.73_9.74_9.75_,146_326_251_385_912_,9.70_9.69_9.68_9.67_9.66_,691_313_262_294_487_
11:19:35,9.70,29,11767,9.71_9.72_9.73_9.74_9.75_,185_326_251_385_912_,9.70_9.69_9.68_9.67_9.66_,662_313_262_294_487_
11:19:40,9.70,25,11792,9.71_9.72_9.73_9.74_9.75_,186_326_251_385_912_,9.70_9.69_9.68_9.67_9.66_,639_313_262_294_487_
11:19:45,9.70,11,11803,9.71_9.72_9.73_9.74_9.75_,186_326_251_385_912_,9.70_9.69_9.68_9.67_9.66_,628_313_262_294_487_
11:19:50,9.70,9,11812,9.71_9.72_9.73_9.74_9.75_,186_326_251_385_912_,9.70_9.69_9.68_9.67_9.66_,619_313_262_294_487_
11:19:55,9.70,6,11818,9.71_9.72_9.73_9.74_9.75_,186_326_251_385_912_,9.70_9.69_9.68_9.67_9.66_,609_313_262_294_487_
11:20:00,9.70,6,11818,9.71_9.72_9.73_9.74_9.75_,185_326_251_385_912_,9.70_9.69_9.68_9.67_9.66_,609_313_262_294_487_
11:20:05,9.70,2,11820,9.71_9.72_9.73_9.74_9.75_,186_326_251_385_912_,9.70_9.69_9.68_9.67_9.66_,607_313_262_294_487_
11:20:11,9.71,18,11838,9.71_9.72_9.73_9.74_9.75_,179_326_251_385_912_,9.70_9.69_9.68_9.67_9.66_,607_313_262_294_487_
11:20:16,9.70,3,11841,9.71_9.72_9.73_9.74_9.75_,179_326_251_385_912_,9.70_9.69_9.68_9.67_9.66_,605_313_262_294_487_
11:20:21,9.70,8,11849,9.71_9.72_9.73_9.74_9.75_,179_326_251_385_912_,9.70_9.69_9.68_9.67_9.66_,598_313_262_294_487_
11:20:26,9.70,13,11862,9.71_9.72_9.73_9.74_9.75_,178_326_251_385_912_,9.70_9.69_9.68_9.67_9.66_,585_313_262_294_487_
11:20:31,9.70,2,11864,9.71_9.72_9.73_9.74_9.75_,178_326_251_385_912_,9.70_9.69_9.68_9.67_9.66_,583_313_262_294_487_
11:20:36,9.70,3,11867,9.71_9.72_9.73_9.74_9.75_,178_326_251_385_912_,9.70_9.69_9.68_9.67_9.66_,580_313_262_294_487_
11:20:41,9.70,1,11868,9.71_9.72_9.73_9.74_9.75_,177_326_251_385_912_,9.70_9.69_9.68_9.67_9.66_,579_313_262_294_487_
11:20:46,9.70,46,11914,9.71_9.72_9.73_9.74_9.75_,174_326_251_385_912_,9.70_9.69_9.68_9.67_9.66_,533_313_262_294_487_
11:20:52,9.70,23,11937,9.71_9.72_9.73_9.74_9.75_,174_326_251_385_912_,9.70_9.69_9.68_9.67_9.66_,510_313_262_294_487_
11:20:57,9.70,14,11951,9.71_9.72_9.73_9.74_9.75_,180_326_251_385_912_,9.70_9.69_9.68_9.67_9.66_,496_313_262_294_487_
11:21:02,9.70,7,11958,9.71_9.72_9.73_9.74_9.75_,180_326_251_384_912_,9.70_9.69_9.68_9.67_9.66_,489_313_262_294_487_
11:21:07,9.70,2,11960,9.71_9.72_9.73_9.74_9.75_,180_326_251_384_912_,9.70_9.69_9.68_9.67_9.66_,491_313_262_294_487_
11:21:12,9.70,25,11985,9.71_9.72_9.73_9.74_9.75_,191_326_251_384_912_,9.70_9.69_9.68_9.67_9.66_,467_313_262_294_487_
11:21:17,9.70,14,11999,9.71_9.72_9.73_9.74_9.75_,191_326_251_384_912_,9.70_9.69_9.68_9.67_9.66_,459_313_262_294_487_
11:21:22,9.70,25,12024,9.71_9.72_9.73_9.74_9.75_,190_336_251_384_912_,9.70_9.69_9.68_9.67_9.66_,434_313_262_294_487_
11:21:27,9.70,4,12028,9.71_9.72_9.73_9.74_9.75_,190_336_251_384_912_,9.70_9.69_9.68_9.67_9.66_,430_313_262_294_485_
11:21:32,9.70,11,12039,9.71_9.72_9.73_9.74_9.75_,192_336_251_384_912_,9.70_9.69_9.68_9.67_9.66_,419_313_262_294_485_
11:21:38,9.70,2,12041,9.71_9.72_9.73_9.74_9.75_,193_335_251_384_912_,9.70_9.69_9.68_9.67_9.66_,417_313_262_294_485_
11:21:53,9.70,2,12041,9.71_9.72_9.73_9.74_9.75_,193_335_251_384_912_,9.70_9.69_9.68_9.67_9.66_,418_313_262_294_485_
11:22:03,9.70,2,12041,9.71_9.72_9.73_9.74_9.75_,192_335_251_384_912_,9.70_9.69_9.68_9.67_9.66_,418_313_262_294_485_
11:22:08,9.70,2,12041,9.71_9.72_9.73_9.74_9.75_,192_335_251_384_912_,9.70_9.69_9.68_9.67_9.66_,419_313_262_294_485_
11:22:14,9.70,10,12051,9.71_9.72_9.73_9.74_9.75_,193_335_251_384_912_,9.70_9.69_9.68_9.67_9.66_,409_263_262_294_485_
11:22:19,9.70,5,12056,9.71_9.72_9.73_9.74_9.75_,193_335_251_384_912_,9.70_9.69_9.68_9.67_9.66_,408_263_262_294_485_
11:22:24,9.70,39,12095,9.71_9.72_9.73_9.74_9.75_,193_335_251_384_912_,9.70_9.69_9.68_9.67_9.66_,369_263_262_294_485_
11:22:29,9.70,7,12102,9.71_9.72_9.73_9.74_9.75_,202_335_251_384_912_,9.70_9.69_9.68_9.67_9.66_,362_263_262_294_585_
11:22:54,9.70,13,12115,9.71_9.72_9.73_9.74_9.75_,202_335_252_384_912_,9.70_9.69_9.68_9.67_9.66_,349_263_262_294_585_
11:23:00,9.70,8,12123,9.71_9.72_9.73_9.74_9.75_,206_335_252_384_912_,9.70_9.69_9.68_9.67_9.66_,341_263_262_294_585_
11:23:05,9.71,9,12132,9.71_9.72_9.73_9.74_9.75_,198_333_252_384_912_,9.70_9.69_9.68_9.67_9.66_,340_263_262_294_585_
11:23:10,9.70,2,12134,9.71_9.72_9.73_9.74_9.75_,144_333_252_384_912_,9.70_9.69_9.68_9.67_9.66_,339_263_262_294_585_
11:23:15,9.70,8,12142,9.71_9.72_9.73_9.74_9.75_,143_353_252_384_912_,9.70_9.69_9.68_9.67_9.66_,331_263_262_294_585_
11:23:20,9.70,3,12145,9.71_9.72_9.73_9.74_9.75_,143_353_252_384_912_,9.70_9.69_9.68_9.67_9.66_,329_263_262_294_585_
11:23:25,9.70,7,12152,9.71_9.72_9.73_9.74_9.75_,143_353_252_384_912_,9.70_9.69_9.68_9.67_9.66_,322_263_262_294_585_
11:23:30,9.70,2,12154,9.71_9.72_9.73_9.74_9.75_,143_353_252_384_912_,9.70_9.69_9.68_9.67_9.66_,320_263_262_294_585_
11:23:36,9.70,2,12156,9.71_9.72_9.73_9.74_9.75_,143_353_252_384_912_,9.70_9.69_9.68_9.67_9.66_,318_263_262_294_585_
11:23:41,9.70,2,12156,9.71_9.72_9.73_9.74_9.75_,140_353_252_384_912_,9.70_9.69_9.68_9.67_9.66_,318_263_262_294_585_
11:23:46,9.71,5,12161,9.71_9.72_9.73_9.74_9.75_,135_353_252_384_912_,9.70_9.69_9.68_9.67_9.66_,318_263_262_294_585_
11:23:51,9.71,16,12177,9.71_9.72_9.73_9.74_9.75_,120_353_252_384_912_,9.70_9.69_9.68_9.67_9.66_,301_263_262_294_585_
11:23:56,9.70,3,12180,9.71_9.72_9.73_9.74_9.75_,120_353_252_384_912_,9.70_9.69_9.68_9.67_9.66_,298_263_262_294_585_
11:24:01,9.70,3,12183,9.71_9.72_9.73_9.74_9.75_,120_353_252_384_912_,9.70_9.69_9.68_9.67_9.66_,295_263_262_294_585_
11:24:06,9.70,2,12185,9.71_9.72_9.73_9.74_9.75_,118_353_252_384_912_,9.70_9.69_9.68_9.67_9.66_,293_263_262_294_585_
11:24:11,9.71,1,12186,9.71_9.72_9.73_9.74_9.75_,118_353_252_384_912_,9.70_9.69_9.68_9.67_9.66_,294_263_262_294_585_
11:24:17,9.70,3,12189,9.71_9.72_9.73_9.74_9.75_,118_353_252_384_912_,9.70_9.69_9.68_9.67_9.66_,291_263_262_294_585_
11:24:22,9.70,3,12189,9.71_9.72_9.73_9.74_9.75_,120_353_252_384_912_,9.70_9.69_9.68_9.67_9.66_,291_263_262_294_585_
11:24:27,9.70,3,12189,9.71_9.72_9.73_9.74_9.75_,121_353_252_384_912_,9.70_9.69_9.68_9.67_9.66_,291_263_262_294_585_
11:24:32,9.70,6,12195,9.71_9.72_9.73_9.74_9.75_,123_353_252_384_912_,9.70_9.69_9.68_9.67_9.66_,285_263_262_294_585_
11:24:37,9.70,1,12196,9.71_9.72_9.73_9.74_9.75_,123_353_252_384_912_,9.70_9.69_9.68_9.67_9.66_,284_263_262_294_585_
11:24:42,9.70,1,12196,9.71_9.72_9.73_9.74_9.75_,124_353_252_384_912_,9.70_9.69_9.68_9.67_9.66_,294_263_262_294_585_
11:24:52,9.70,1,12196,9.71_9.72_9.73_9.74_9.75_,124_353_252_384_912_,9.70_9.69_9.68_9.67_9.66_,295_263_262_294_585_
11:24:58,9.70,1,12196,9.71_9.72_9.73_9.74_9.75_,126_353_252_384_912_,9.70_9.69_9.68_9.67_9.66_,295_263_262_294_585_
11:25:03,9.71,1,12197,9.71_9.72_9.73_9.74_9.75_,125_353_252_384_912_,9.70_9.69_9.68_9.67_9.66_,294_263_262_294_585_
11:25:08,9.71,1,12197,9.71_9.72_9.73_9.74_9.75_,125_353_252_384_912_,9.70_9.69_9.68_9.67_9.66_,296_263_262_294_585_
11:25:13,9.70,21,12218,9.71_9.72_9.73_9.74_9.75_,125_353_252_384_912_,9.70_9.69_9.68_9.67_9.66_,275_263_262_294_585_
11:25:18,9.70,4,12222,9.71_9.72_9.73_9.74_9.75_,126_353_252_384_912_,9.70_9.69_9.68_9.67_9.66_,275_263_262_294_585_
11:25:28,9.70,4,12222,9.71_9.72_9.73_9.74_9.75_,126_353_252_384_912_,9.70_9.69_9.68_9.67_9.66_,276_264_262_294_585_
11:25:39,9.70,20,12242,9.71_9.72_9.73_9.74_9.75_,126_353_252_384_912_,9.70_9.69_9.68_9.67_9.66_,256_264_262_294_585_
11:25:44,9.70,22,12264,9.71_9.72_9.73_9.74_9.75_,126_353_252_384_912_,9.70_9.69_9.68_9.67_9.66_,235_264_262_294_585_
11:25:49,9.70,4,12268,9.71_9.72_9.73_9.74_9.75_,125_353_247_384_912_,9.70_9.69_9.68_9.67_9.66_,231_264_262_294_585_
11:25:54,9.70,4,12268,9.71_9.72_9.73_9.74_9.75_,125_353_247_384_912_,9.70_9.69_9.68_9.67_9.66_,230_264_262_294_585_
11:26:15,9.71,1,12269,9.71_9.72_9.73_9.74_9.75_,124_353_247_384_912_,9.70_9.69_9.68_9.67_9.66_,230_264_262_294_585_
11:26:20,9.71,1,12270,9.71_9.72_9.73_9.74_9.75_,123_353_247_384_912_,9.70_9.69_9.68_9.67_9.66_,230_264_262_294_585_
11:26:25,9.71,1,12270,9.71_9.72_9.73_9.74_9.75_,124_353_247_384_912_,9.70_9.69_9.68_9.67_9.66_,230_264_262_294_585_
11:26:30,9.70,15,12285,9.71_9.72_9.73_9.74_9.75_,174_353_247_384_912_,9.70_9.69_9.68_9.67_9.66_,217_264_262_294_585_
11:26:35,9.70,3,12288,9.71_9.72_9.73_9.74_9.75_,174_353_247_384_912_,9.70_9.69_9.68_9.67_9.66_,214_264_262_294_585_
11:26:40,9.70,3,12288,9.71_9.72_9.73_9.74_9.75_,124_353_247_384_912_,9.70_9.69_9.68_9.67_9.66_,214_263_262_294_585_
11:26:46,9.71,4,12292,9.71_9.72_9.73_9.74_9.75_,121_353_247_384_912_,9.70_9.69_9.68_9.67_9.66_,214_263_262_294_585_
11:26:51,9.71,4,12292,9.71_9.72_9.73_9.74_9.75_,122_353_247_384_912_,9.70_9.69_9.68_9.67_9.66_,214_263_262_294_585_
11:27:01,9.70,2,12294,9.71_9.72_9.73_9.74_9.75_,121_353_247_384_912_,9.70_9.69_9.68_9.67_9.66_,212_263_262_294_585_
11:27:06,9.70,1,12295,9.71_9.72_9.73_9.74_9.75_,121_353_247_384_912_,9.70_9.69_9.68_9.67_9.66_,211_263_262_294_585_
11:27:11,9.70,11,12306,9.71_9.72_9.73_9.74_9.75_,121_353_247_384_912_,9.70_9.69_9.68_9.67_9.66_,201_263_262_294_585_
11:27:16,9.70,2,12308,9.71_9.72_9.73_9.74_9.75_,121_353_247_384_912_,9.70_9.69_9.68_9.67_9.66_,201_260_262_294_585_
11:27:22,9.71,2,12310,9.71_9.72_9.73_9.74_9.75_,119_353_247_384_912_,9.70_9.69_9.68_9.67_9.66_,199_259_262_294_585_
11:27:27,9.71,2,12312,9.71_9.72_9.73_9.74_9.75_,117_353_247_384_912_,9.70_9.69_9.68_9.67_9.66_,199_259_262_294_585_
11:27:32,9.71,1,12313,9.71_9.72_9.73_9.74_9.75_,132_353_247_384_912_,9.70_9.69_9.68_9.67_9.66_,199_259_262_294_585_
11:27:37,9.71,1,12313,9.71_9.72_9.73_9.74_9.75_,106_353_247_384_912_,9.70_9.69_9.68_9.67_9.66_,199_259_262_294_585_
11:27:52,9.71,1,12313,9.71_9.72_9.73_9.74_9.75_,106_353_247_384_912_,9.70_9.69_9.68_9.67_9.66_,199_257_262_294_585_
11:27:58,9.70,10,12323,9.71_9.72_9.73_9.74_9.75_,122_353_247_384_912_,9.70_9.69_9.68_9.67_9.66_,187_257_262_294_585_
11:28:03,9.71,1,12324,9.71_9.72_9.73_9.74_9.75_,131_353_247_384_912_,9.70_9.69_9.68_9.67_9.66_,183_253_262_294_585_
11:28:08,9.71,1,12325,9.71_9.72_9.73_9.74_9.75_,135_353_247_384_912_,9.70_9.69_9.68_9.67_9.66_,183_253_262_294_585_
11:28:13,9.71,1,12326,9.71_9.72_9.73_9.74_9.75_,134_353_247_384_912_,9.70_9.69_9.68_9.67_9.66_,185_253_262_294_585_
11:28:18,9.71,5,12331,9.71_9.72_9.73_9.74_9.75_,129_353_247_384_912_,9.70_9.69_9.68_9.67_9.66_,185_253_262_294_585_
11:28:23,9.71,1,12332,9.71_9.72_9.73_9.74_9.75_,128_353_247_384_912_,9.70_9.69_9.68_9.67_9.66_,193_250_262_294_585_
11:28:28,9.71,1,12333,9.71_9.72_9.73_9.74_9.75_,127_354_247_384_912_,9.70_9.69_9.68_9.67_9.66_,191_250_262_294_585_
11:28:33,9.71,1,12334,9.71_9.72_9.73_9.74_9.75_,126_354_247_384_912_,9.70_9.69_9.68_9.67_9.66_,191_250_262_294_585_
11:28:39,9.71,1,12335,9.71_9.72_9.73_9.74_9.75_,125_354_247_384_912_,9.70_9.69_9.68_9.67_9.66_,191_250_262_294_585_
11:28:44,9.71,1,12335,9.71_9.72_9.73_9.74_9.75_,127_354_247_384_912_,9.70_9.69_9.68_9.67_9.66_,191_250_262_294_585_
11:28:49,9.71,3,12338,9.71_9.72_9.73_9.74_9.75_,124_354_247_384_912_,9.70_9.69_9.68_9.67_9.66_,191_250_262_294_585_
11:28:54,9.71,1,12339,9.71_9.72_9.73_9.74_9.75_,123_354_247_384_912_,9.70_9.69_9.68_9.67_9.66_,187_235_262_294_585_
11:28:59,9.70,2,12341,9.71_9.72_9.73_9.74_9.75_,169_354_247_384_912_,9.70_9.69_9.68_9.67_9.66_,177_235_262_294_585_
11:29:04,9.70,2,12341,9.71_9.72_9.73_9.74_9.75_,177_354_247_384_912_,9.70_9.69_9.68_9.67_9.66_,177_235_262_294_585_
11:29:09,9.70,49,12390,9.71_9.72_9.73_9.74_9.75_,177_354_247_384_912_,9.70_9.69_9.68_9.67_9.66_,129_235_262_294_585_
11:29:15,9.70,117,12507,9.71_9.72_9.73_9.74_9.75_,136_354_247_384_912_,9.70_9.69_9.68_9.67_9.66_,57_234_261_294_585_
11:29:20,9.70,32,12539,9.71_9.72_9.73_9.74_9.75_,124_354_258_384_912_,9.70_9.69_9.68_9.67_9.66_,39_234_261_294_585_
11:29:25,9.70,39,12578,9.70_9.71_9.72_9.73_9.74_,33_157_354_247_384_,9.69_9.68_9.67_9.66_9.65_,234_261_294_585_442_
11:29:30,9.70,13,12591,9.70_9.71_9.72_9.73_9.74_,103_79_326_261_648_,9.69_9.68_9.67_9.66_9.65_,292_261_294_335_692_
11:29:35,9.70,13,12591,9.70_9.71_9.72_9.73_9.74_,117_74_326_261_613_,9.69_9.68_9.67_9.66_9.65_,315_261_294_335_642_
11:29:40,9.70,13,12591,9.70_9.71_9.72_9.73_9.74_,127_74_326_261_613_,9.69_9.68_9.67_9.66_9.65_,315_261_294_335_642_
11:29:45,9.70,5,12596,9.70_9.71_9.72_9.73_9.74_,122_74_326_261_613_,9.69_9.68_9.67_9.66_9.65_,315_261_294_335_642_
11:29:51,9.69,12,12608,9.70_9.71_9.72_9.73_9.74_,122_73_326_261_613_,9.69_9.68_9.67_9.66_9.65_,303_261_294_335_642_
11:29:56,9.70,50,12658,9.70_9.71_9.72_9.73_9.74_,123_73_326_261_613_,9.69_9.68_9.67_9.66_9.65_,303_261_294_335_642_
11:30:01,9.70,50,12708,9.70_9.71_9.72_9.73_9.74_,92_72_330_281_586_,9.69_9.68_9.67_9.66_9.65_,303_261_294_335_642_
11:30:06,9.70,50,12708,9.70_9.71_9.72_9.73_9.74_,115_72_330_281_586_,9.69_9.68_9.67_9.66_9.65_,303_261_294_335_642_
11:30:11,9.70,50,12758,9.70_9.71_9.72_9.73_9.74_,65_72_330_281_586_,9.69_9.68_9.67_9.66_9.65_,320_261_294_335_642_
11:30:16,9.70,50,12808,9.70_9.71_9.72_9.73_9.74_,15_72_330_281_586_,9.69_9.68_9.67_9.66_9.65_,323_261_294_335_642_
11:30:21,9.70,40,12848,9.71_9.72_9.73_9.74_9.75_,72_330_281_586_676_,9.70_9.69_9.68_9.67_9.66_,10_323_261_294_335_
11:30:26,9.70,54,12902,9.71_9.72_9.73_9.74_9.75_,72_330_281_349_913_,9.70_9.69_9.68_9.67_9.66_,34_240_262_294_585_
11:30:32,9.70,54,12902,9.71_9.72_9.73_9.74_9.75_,84_330_247_349_913_,9.70_9.69_9.68_9.67_9.66_,106_225_262_294_585_
11:30:37,9.70,54,12902,9.71_9.72_9.73_9.74_9.75_,84_330_247_349_913_,9.70_9.69_9.68_9.67_9.66_,133_225_261_294_585_
11:30:42,9.70,54,12902,9.71_9.72_9.73_9.74_9.75_,84_330_247_360_913_,9.70_9.69_9.68_9.67_9.66_,135_223_261_294_585_
11:30:47,9.70,54,12902,9.71_9.72_9.73_9.74_9.75_,84_330_247_360_913_,9.70_9.69_9.68_9.67_9.66_,136_223_261_294_585_
11:30:52,9.70,5,12907,9.71_9.72_9.73_9.74_9.75_,84_330_247_360_913_,9.70_9.69_9.68_9.67_9.66_,133_223_261_294_585_
11:30:57,9.70,1,12908,9.71_9.72_9.73_9.74_9.75_,84_330_247_360_913_,9.70_9.69_9.68_9.67_9.66_,332_223_261_294_585_
11:31:02,9.70,1,12908,9.71_9.72_9.73_9.74_9.75_,104_330_247_360_913_,9.70_9.69_9.68_9.67_9.66_,400_223_261_294_585_
11:31:08,9.70,1,12908,9.71_9.72_9.73_9.74_9.75_,104_330_247_360_913_,9.70_9.69_9.68_9.67_9.66_,401_223_261_294_585_
11:31:13,9.70,5,12913,9.71_9.72_9.73_9.74_9.75_,104_330_247_360_913_,9.70_9.69_9.68_9.67_9.66_,397_223_261_294_585_
11:31:18,9.70,12,12925,9.71_9.72_9.73_9.74_9.75_,104_330_247_360_913_,9.70_9.69_9.68_9.67_9.66_,389_223_261_294_585_
11:31:23,9.70,32,12957,9.71_9.72_9.73_9.74_9.75_,104_330_247_360_913_,9.70_9.69_9.68_9.67_9.66_,406_251_261_294_585_
11:31:28,9.70,6,12963,9.71_9.72_9.73_9.74_9.75_,104_330_247_360_913_,9.70_9.69_9.68_9.67_9.66_,401_250_261_294_585_
11:31:33,9.70,5,12968,9.71_9.72_9.73_9.74_9.75_,104_330_247_360_913_,9.70_9.69_9.68_9.67_9.66_,396_250_261_294_585_
11:31:38,9.70,1,12969,9.71_9.72_9.73_9.74_9.75_,105_330_247_360_913_,9.70_9.69_9.68_9.67_9.66_,403_250_261_294_585_
11:31:43,9.70,4,12973,9.71_9.72_9.73_9.74_9.75_,105_330_247_360_913_,9.70_9.69_9.68_9.67_9.66_,400_250_261_294_585_
11:31:48,9.70,18,12991,9.71_9.72_9.73_9.74_9.75_,105_330_247_360_913_,9.70_9.69_9.68_9.67_9.66_,382_250_261_294_585_
11:31:54,9.70,10,13001,9.71_9.72_9.73_9.74_9.75_,106_330_247_360_913_,9.70_9.69_9.68_9.67_9.66_,373_245_261_294_585_
11:31:59,9.71,2,13003,9.71_9.72_9.73_9.74_9.75_,105_330_247_360_913_,9.70_9.69_9.68_9.67_9.66_,375_245_261_294_585_
11:32:04,9.71,2,13005,9.71_9.72_9.73_9.74_9.75_,102_330_247_360_913_,9.70_9.69_9.68_9.67_9.66_,375_245_261_294_585_
11:32:09,9.71,2,13005,9.71_9.72_9.73_9.74_9.75_,102_330_247_360_913_,9.70_9.69_9.68_9.67_9.66_,384_245_261_294_585_
11:32:19,9.71,1,13006,9.71_9.72_9.73_9.74_9.75_,101_330_247_360_913_,9.70_9.69_9.68_9.67_9.66_,384_245_261_294_585_
11:32:24,9.70,1,13007,9.71_9.72_9.73_9.74_9.75_,101_330_247_360_913_,9.70_9.69_9.68_9.67_9.66_,385_243_261_294_585_
11:32:30,9.70,1,13008,9.71_9.72_9.73_9.74_9.75_,102_355_247_335_913_,9.70_9.69_9.68_9.67_9.66_,385_243_261_294_585_
11:32:45,9.71,4,13012,9.71_9.72_9.73_9.74_9.75_,98_355_247_335_913_,9.70_9.69_9.68_9.67_9.66_,385_243_261_294_585_
11:32:50,9.71,4,13012,9.71_9.72_9.73_9.74_9.75_,99_355_247_335_913_,9.70_9.69_9.68_9.67_9.66_,389_243_261_294_585_
11:32:55,9.71,4,13012,9.71_9.72_9.73_9.74_9.75_,99_355_247_335_913_,9.70_9.69_9.68_9.67_9.66_,390_243_261_294_585_
11:33:05,9.71,4,13012,9.71_9.72_9.73_9.74_9.75_,101_355_247_335_913_,9.70_9.69_9.68_9.67_9.66_,390_243_261_294_585_
11:33:10,9.71,4,13012,9.71_9.72_9.73_9.74_9.75_,101_355_247_335_913_,9.70_9.69_9.68_9.67_9.66_,385_243_261_294_585_
11:33:16,9.71,4,13012,9.71_9.72_9.73_9.74_9.75_,101_355_247_335_913_,9.70_9.69_9.68_9.67_9.66_,388_243_261_294_585_
11:33:21,9.71,4,13012,9.71_9.72_9.73_9.74_9.75_,103_355_247_335_913_,9.70_9.69_9.68_9.67_9.66_,388_243_261_294_585_
11:33:31,9.70,10,13022,9.71_9.72_9.73_9.74_9.75_,103_355_247_335_913_,9.70_9.69_9.68_9.67_9.66_,378_243_261_294_585_
11:33:36,9.70,2,13024,9.71_9.72_9.73_9.74_9.75_,104_355_247_335_913_,9.70_9.69_9.68_9.67_9.66_,376_243_261_294_585_
11:33:41,9.70,4,13028,9.71_9.72_9.73_9.74_9.75_,104_355_247_335_913_,9.70_9.69_9.68_9.67_9.66_,372_243_261_294_585_
11:33:46,9.70,1,13029,9.71_9.72_9.73_9.74_9.75_,104_355_247_335_913_,9.70_9.69_9.68_9.67_9.66_,364_243_261_294_585_
11:33:57,9.70,1,13030,9.71_9.72_9.73_9.74_9.75_,104_355_247_335_913_,9.70_9.69_9.68_9.67_9.66_,363_243_261_294_585_
11:34:07,9.70,10,13040,9.71_9.72_9.73_9.74_9.75_,104_355_247_335_913_,9.70_9.69_9.68_9.67_9.66_,353_243_261_294_585_
11:34:12,9.70,3,13043,9.71_9.72_9.73_9.74_9.75_,104_355_247_335_913_,9.70_9.69_9.68_9.67_9.66_,351_243_261_294_585_
11:34:17,9.71,5,13048,9.71_9.72_9.73_9.74_9.75_,99_355_252_335_913_,9.70_9.69_9.68_9.67_9.66_,351_243_261_294_585_
11:34:22,9.70,1,13049,9.71_9.72_9.73_9.74_9.75_,120_355_252_335_913_,9.70_9.69_9.68_9.67_9.66_,355_243_261_294_585_
11:34:27,9.71,1,13050,9.71_9.72_9.73_9.74_9.75_,119_355_252_335_913_,9.70_9.69_9.68_9.67_9.66_,355_243_261_294_585_
11:34:32,9.70,16,13066,9.71_9.72_9.73_9.74_9.75_,119_355_252_335_913_,9.70_9.69_9.68_9.67_9.66_,339_243_261_294_585_
11:34:38,9.70,3,13069,9.71_9.72_9.73_9.74_9.75_,119_355_252_335_913_,9.70_9.69_9.68_9.67_9.66_,336_243_261_294_585_
11:34:43,9.70,3,13069,9.71_9.72_9.73_9.74_9.75_,129_355_252_335_913_,9.70_9.69_9.68_9.67_9.66_,336_243_261_294_585_
11:34:48,9.70,3,13069,9.71_9.72_9.73_9.74_9.75_,140_355_252_335_913_,9.70_9.69_9.68_9.67_9.66_,335_243_261_294_585_
11:34:53,9.70,1,13070,9.71_9.72_9.73_9.74_9.75_,140_355_252_335_913_,9.70_9.69_9.68_9.67_9.66_,334_243_261_294_585_
11:34:58,9.70,1,13070,9.71_9.72_9.73_9.74_9.75_,142_355_252_335_913_,9.70_9.69_9.68_9.67_9.66_,334_243_261_294_585_
11:35:08,9.71,1,13071,9.71_9.72_9.73_9.74_9.75_,141_355_252_335_913_,9.70_9.69_9.68_9.67_9.66_,334_243_261_294_585_
11:35:14,9.70,4,13075,9.71_9.72_9.73_9.74_9.75_,141_355_252_335_913_,9.70_9.69_9.68_9.67_9.66_,330_243_261_294_585_
11:35:19,9.70,1,13076,9.71_9.72_9.73_9.74_9.75_,141_355_252_335_913_,9.70_9.69_9.68_9.67_9.66_,329_243_261_294_585_
11:35:24,9.70,1,13076,9.71_9.72_9.73_9.74_9.75_,141_355_252_335_913_,9.70_9.69_9.68_9.67_9.66_,334_243_261_294_585_
11:35:29,9.70,9,13085,9.71_9.72_9.73_9.74_9.75_,140_355_252_335_913_,9.70_9.69_9.68_9.67_9.66_,324_243_261_294_585_
11:35:34,9.70,7,13092,9.71_9.72_9.73_9.74_9.75_,140_355_252_335_913_,9.70_9.69_9.68_9.67_9.66_,326_243_261_294_585_
11:35:39,9.70,4,13096,9.71_9.72_9.73_9.74_9.75_,140_355_252_335_913_,9.70_9.69_9.68_9.67_9.66_,324_243_261_294_585_
11:35:44,9.71,5,13101,9.71_9.72_9.73_9.74_9.75_,136_355_252_335_913_,9.70_9.69_9.68_9.67_9.66_,325_243_261_294_585_
11:35:49,9.70,1,13102,9.71_9.72_9.73_9.74_9.75_,136_355_252_335_913_,9.70_9.69_9.68_9.67_9.66_,324_243_261_294_585_
11:36:00,9.70,5,13107,9.71_9.72_9.73_9.74_9.75_,136_355_252_335_913_,9.70_9.69_9.68_9.67_9.66_,319_243_261_294_585_
11:36:05,9.70,6,13113,9.71_9.72_9.73_9.74_9.75_,136_354_252_335_913_,9.70_9.69_9.68_9.67_9.66_,321_243_261_294_585_
11:36:10,9.70,2,13115,9.71_9.72_9.73_9.74_9.75_,138_354_252_335_913_,9.70_9.69_9.68_9.67_9.66_,338_243_261_294_585_
11:36:15,9.70,2,13115,9.71_9.72_9.73_9.74_9.75_,138_365_252_335_913_,9.70_9.69_9.68_9.67_9.66_,335_243_261_294_585_
11:36:20,9.70,2,13115,9.71_9.72_9.73_9.74_9.75_,139_365_252_335_913_,9.70_9.69_9.68_9.67_9.66_,335_243_261_294_585_
11:36:25,9.70,6,13121,9.71_9.72_9.73_9.74_9.75_,139_364_252_335_913_,9.70_9.69_9.68_9.67_9.66_,331_243_261_294_585_
11:36:31,9.70,1,13122,9.71_9.72_9.73_9.74_9.75_,150_364_252_335_913_,9.70_9.69_9.68_9.67_9.66_,330_243_261_294_585_
11:36:36,9.70,1,13122,9.71_9.72_9.73_9.74_9.75_,150_361_252_335_913_,9.70_9.69_9.68_9.67_9.66_,330_243_261_294_585_
11:36:41,9.70,1,13122,9.71_9.72_9.73_9.74_9.75_,150_360_252_335_913_,9.70_9.69_9.68_9.67_9.66_,330_243_261_294_585_
11:36:56,9.71,2,13124,9.71_9.72_9.73_9.74_9.75_,149_359_252_335_913_,9.70_9.69_9.68_9.67_9.66_,328_243_261_294_585_
11:37:01,9.70,5,13129,9.71_9.72_9.73_9.74_9.75_,149_359_252_335_913_,9.70_9.69_9.68_9.67_9.66_,323_243_261_294_585_
11:37:07,9.70,12,13141,9.71_9.72_9.73_9.74_9.75_,149_359_252_335_913_,9.70_9.69_9.68_9.67_9.66_,311_243_261_294_585_
11:37:12,9.70,197,13338,9.71_9.72_9.73_9.74_9.75_,149_359_252_335_913_,9.70_9.69_9.68_9.67_9.66_,114_243_261_294_585_
11:37:17,9.70,34,13372,9.71_9.72_9.73_9.74_9.75_,157_359_252_335_913_,9.70_9.69_9.68_9.67_9.66_,101_243_261_294_585_
11:37:22,9.70,2,13374,9.71_9.72_9.73_9.74_9.75_,158_359_252_335_913_,9.70_9.69_9.68_9.67_9.66_,102_246_261_294_585_
11:37:27,9.70,1,13375,9.71_9.72_9.73_9.74_9.75_,157_359_252_335_913_,9.70_9.69_9.68_9.67_9.66_,102_246_261_294_585_
11:37:32,9.71,1,13376,9.71_9.72_9.73_9.74_9.75_,156_214_252_335_913_,9.70_9.69_9.68_9.67_9.66_,103_246_261_294_585_
11:37:37,9.70,114,13490,9.70_9.71_9.72_9.73_9.74_,31_149_214_252_335_,9.69_9.68_9.67_9.66_9.65_,246_261_294_585_421_
11:37:42,9.70,14,13504,9.70_9.71_9.72_9.73_9.74_,39_149_214_252_568_,9.69_9.68_9.67_9.66_9.65_,275_272_294_335_671_
11:37:48,9.70,21,13525,9.70_9.71_9.72_9.73_9.74_,25_137_214_252_557_,9.69_9.68_9.67_9.66_9.65_,303_271_294_335_671_
11:37:53,9.70,21,13525,9.70_9.71_9.72_9.73_9.74_,27_137_214_252_557_,9.69_9.68_9.67_9.66_9.65_,303_271_296_335_671_
11:38:03,9.70,21,13525,9.70_9.71_9.72_9.73_9.74_,27_127_199_263_567_,9.69_9.68_9.67_9.66_9.65_,303_271_296_335_671_
11:38:13,9.69,10,13535,9.70_9.71_9.72_9.73_9.74_,29_125_199_263_567_,9.69_9.68_9.67_9.66_9.65_,294_271_296_335_671_
11:38:18,9.70,24,13559,9.70_9.71_9.72_9.73_9.74_,7_124_199_263_567_,9.69_9.68_9.67_9.66_9.65_,294_271_296_335_671_
11:38:23,9.69,5,13564,9.70_9.71_9.72_9.73_9.74_,23_124_199_263_567_,9.69_9.68_9.67_9.66_9.65_,289_271_296_335_671_
11:38:29,9.69,36,13600,9.70_9.71_9.72_9.73_9.74_,23_124_199_263_567_,9.69_9.68_9.67_9.66_9.65_,254_271_296_335_671_
11:38:34,9.69,36,13600,9.70_9.71_9.72_9.73_9.74_,26_124_199_263_567_,9.69_9.68_9.67_9.66_9.65_,254_271_296_335_671_
11:38:39,9.70,34,13634,9.71_9.72_9.73_9.74_9.75_,124_199_263_567_676_,9.70_9.69_9.68_9.67_9.66_,16_254_271_296_335_
11:38:44,9.70,46,13680,9.71_9.72_9.73_9.74_9.75_,124_199_263_330_913_,9.70_9.69_9.68_9.67_9.66_,57_172_261_294_585_
11:38:49,9.70,46,13680,9.71_9.72_9.73_9.74_9.75_,134_210_252_320_913_,9.70_9.69_9.68_9.67_9.66_,124_172_261_294_585_
11:38:54,9.70,46,13680,9.71_9.72_9.73_9.74_9.75_,137_210_252_321_913_,9.70_9.69_9.68_9.67_9.66_,149_172_271_294_585_
11:38:59,9.70,9,13689,9.71_9.72_9.73_9.74_9.75_,142_210_252_336_913_,9.70_9.69_9.68_9.67_9.66_,192_172_271_294_585_
11:39:05,9.70,13,13702,9.71_9.72_9.73_9.74_9.75_,142_210_252_336_913_,9.70_9.69_9.68_9.67_9.66_,193_172_271_294_585_
11:39:10,9.70,15,13717,9.71_9.72_9.73_9.74_9.75_,143_210_252_336_913_,9.70_9.69_9.68_9.67_9.66_,229_172_271_294_585_
11:39:15,9.70,3,13720,9.71_9.72_9.73_9.74_9.75_,143_210_252_336_913_,9.70_9.69_9.68_9.67_9.66_,235_174_271_294_585_
11:39:25,9.70,2,13722,9.71_9.72_9.73_9.74_9.75_,148_210_252_336_913_,9.70_9.69_9.68_9.67_9.66_,265_174_271_294_585_
11:39:30,9.70,200,13922,9.71_9.72_9.73_9.74_9.75_,148_210_252_336_913_,9.70_9.69_9.68_9.67_9.66_,75_174_271_294_585_
11:39:35,9.71,100,14022,9.71_9.72_9.73_9.74_9.75_,89_210_252_336_913_,9.70_9.69_9.68_9.67_9.66_,97_172_271_294_585_
11:39:40,9.70,12,14034,9.71_9.72_9.73_9.74_9.75_,89_210_252_336_913_,9.70_9.69_9.68_9.67_9.66_,95_180_271_294_585_
11:39:46,9.71,7,14041,9.71_9.72_9.73_9.74_9.75_,108_210_252_336_913_,9.70_9.69_9.68_9.67_9.66_,95_180_272_294_585_
11:39:51,9.70,6,14047,9.71_9.72_9.73_9.74_9.75_,109_210_252_336_913_,9.70_9.69_9.68_9.67_9.66_,140_180_272_294_585_
11:39:56,9.70,1,14048,9.71_9.72_9.73_9.74_9.75_,109_210_252_336_913_,9.70_9.69_9.68_9.67_9.66_,203_180_272_294_585_
11:40:01,9.70,1,14048,9.71_9.72_9.73_9.74_9.75_,129_210_252_336_913_,9.70_9.69_9.68_9.67_9.66_,221_180_272_294_585_
11:40:11,9.70,5,14053,9.71_9.72_9.73_9.74_9.75_,130_210_252_336_913_,9.70_9.69_9.68_9.67_9.66_,216_180_272_294_585_
11:40:16,9.70,12,14065,9.71_9.72_9.73_9.74_9.75_,131_210_252_336_913_,9.70_9.69_9.68_9.67_9.66_,210_180_272_294_585_
11:40:22,9.70,2,14067,9.71_9.72_9.73_9.74_9.75_,131_210_252_336_913_,9.70_9.69_9.68_9.67_9.66_,263_180_272_294_585_
11:40:27,9.70,11,14078,9.71_9.72_9.73_9.74_9.75_,131_210_252_336_913_,9.70_9.69_9.68_9.67_9.66_,274_180_272_295_585_
11:40:32,9.71,6,14084,9.71_9.72_9.73_9.74_9.75_,127_210_252_336_913_,9.70_9.69_9.68_9.67_9.66_,253_180_272_295_585_
11:40:37,9.70,50,14134,9.71_9.72_9.73_9.74_9.75_,127_210_252_336_913_,9.70_9.69_9.68_9.67_9.66_,203_180_272_295_585_
11:40:42,9.70,9,14143,9.71_9.72_9.73_9.74_9.75_,127_210_252_336_913_,9.70_9.69_9.68_9.67_9.66_,213_171_271_294_585_
11:40:47,9.70,9,14143,9.71_9.72_9.73_9.74_9.75_,127_210_252_336_913_,9.70_9.69_9.68_9.67_9.66_,216_171_271_294_585_
11:40:52,9.70,32,14175,9.71_9.72_9.73_9.74_9.75_,127_210_252_336_913_,9.70_9.69_9.68_9.67_9.66_,184_171_271_294_585_
11:40:57,9.70,6,14181,9.71_9.72_9.73_9.74_9.75_,127_210_252_336_913_,9.70_9.69_9.68_9.67_9.66_,178_174_271_294_585_
11:41:03,9.70,6,14181,9.71_9.72_9.73_9.74_9.75_,129_210_252_336_913_,9.70_9.69_9.68_9.67_9.66_,178_174_272_294_585_
11:41:08,9.70,6,14181,9.71_9.72_9.73_9.74_9.75_,129_210_253_336_913_,9.70_9.69_9.68_9.67_9.66_,178_174_272_294_585_
11:41:13,9.71,5,14186,9.71_9.72_9.73_9.74_9.75_,125_210_253_336_913_,9.70_9.69_9.68_9.67_9.66_,179_174_272_294_585_
11:41:18,9.70,1,14187,9.71_9.72_9.73_9.74_9.75_,127_210_253_336_913_,9.70_9.69_9.68_9.67_9.66_,178_174_272_294_585_
11:41:23,9.70,1,14187,9.71_9.72_9.73_9.74_9.75_,128_210_253_336_913_,9.70_9.69_9.68_9.67_9.66_,178_174_272_294_585_
11:41:28,9.70,1,14187,9.71_9.72_9.73_9.74_9.75_,136_210_253_336_913_,9.70_9.69_9.68_9.67_9.66_,178_174_272_294_585_
11:41:38,9.70,1,14187,9.71_9.72_9.73_9.74_9.75_,136_210_253_336_913_,9.70_9.69_9.68_9.67_9.66_,179_174_272_294_585_
11:41:43,9.71,4,14191,9.71_9.72_9.73_9.74_9.75_,132_210_253_336_913_,9.70_9.69_9.68_9.67_9.66_,179_174_272_294_585_
11:41:49,9.70,6,14197,9.71_9.72_9.73_9.74_9.75_,131_210_253_336_913_,9.70_9.69_9.68_9.67_9.66_,173_174_272_294_585_
11:41:54,9.70,12,14209,9.71_9.72_9.73_9.74_9.75_,132_210_253_336_913_,9.70_9.69_9.68_9.67_9.66_,162_174_272_294_585_
11:41:59,9.70,8,14217,9.71_9.72_9.73_9.74_9.75_,134_210_253_336_913_,9.70_9.69_9.68_9.67_9.66_,154_174_272_294_585_
11:42:04,9.70,2,14219,9.71_9.72_9.73_9.74_9.75_,141_210_253_336_913_,9.70_9.69_9.68_9.67_9.66_,152_174_272_294_585_
11:42:09,9.70,1,14220,9.71_9.72_9.73_9.74_9.75_,141_210_253_336_913_,9.70_9.69_9.68_9.67_9.66_,151_174_272_294_585_
11:42:14,9.70,5,14225,9.71_9.72_9.73_9.74_9.75_,142_210_253_336_913_,9.70_9.69_9.68_9.67_9.66_,147_174_272_294_585_
11:42:30,9.70,5,14225,9.71_9.72_9.73_9.74_9.75_,143_210_253_336_913_,9.70_9.69_9.68_9.67_9.66_,147_174_272_294_585_
11:42:35,9.71,6,14231,9.71_9.72_9.73_9.74_9.75_,137_210_253_336_913_,9.70_9.69_9.68_9.67_9.66_,147_174_272_294_585_
11:42:40,9.70,2,14233,9.71_9.72_9.73_9.74_9.75_,138_210_253_336_913_,9.70_9.69_9.68_9.67_9.66_,145_174_272_294_585_
11:42:45,9.70,1,14234,9.71_9.72_9.73_9.74_9.75_,139_210_253_336_913_,9.70_9.69_9.68_9.67_9.66_,145_174_272_294_585_
11:42:50,9.70,1,14234,9.71_9.72_9.73_9.74_9.75_,139_210_253_336_913_,9.70_9.69_9.68_9.67_9.66_,152_174_272_294_585_
11:42:55,9.70,5,14239,9.71_9.72_9.73_9.74_9.75_,139_210_253_336_913_,9.70_9.69_9.68_9.67_9.66_,147_174_272_294_585_
11:43:00,9.70,7,14246,9.71_9.72_9.73_9.74_9.75_,139_210_253_336_913_,9.70_9.69_9.68_9.67_9.66_,140_174_272_294_585_
11:43:05,9.70,1,14247,9.71_9.72_9.73_9.74_9.75_,132_210_253_336_913_,9.70_9.69_9.68_9.67_9.66_,144_174_272_294_585_
11:43:16,9.71,5,14252,9.71_9.72_9.73_9.74_9.75_,128_210_253_336_913_,9.70_9.69_9.68_9.67_9.66_,145_174_272_294_585_
11:43:21,9.71,5,14252,9.71_9.72_9.73_9.74_9.75_,130_210_253_336_913_,9.70_9.69_9.68_9.67_9.66_,145_174_272_294_585_
11:43:36,9.70,10,14262,9.71_9.72_9.73_9.74_9.75_,130_210_253_336_913_,9.70_9.69_9.68_9.67_9.66_,135_174_272_294_585_
11:43:41,9.70,13,14275,9.71_9.72_9.73_9.74_9.75_,131_210_253_336_913_,9.70_9.69_9.68_9.67_9.66_,122_174_272_294_585_
11:43:46,9.70,29,14304,9.71_9.72_9.73_9.74_9.75_,107_210_253_336_913_,9.70_9.69_9.68_9.67_9.66_,92_174_272_294_585_
11:43:52,9.70,9,14313,9.71_9.72_9.73_9.74_9.75_,107_210_253_336_913_,9.70_9.69_9.68_9.67_9.66_,88_174_272_294_585_
11:43:57,9.70,1,14314,9.71_9.72_9.73_9.74_9.75_,107_210_253_336_913_,9.70_9.69_9.68_9.67_9.66_,87_174_272_294_585_
11:44:07,9.70,87,14401,9.70_9.71_9.72_9.73_9.74_,14_107_210_253_336_,9.69_9.68_9.67_9.66_9.65_,174_272_294_585_392_
11:44:12,9.69,7,14408,9.70_9.71_9.72_9.73_9.74_,33_88_211_252_573_,9.69_9.68_9.67_9.66_9.65_,193_272_314_335_642_
11:44:17,9.69,7,14408,9.70_9.71_9.72_9.73_9.74_,40_86_211_252_558_,9.69_9.68_9.67_9.66_9.65_,228_272_313_335_642_
11:44:22,9.69,7,14408,9.70_9.71_9.72_9.73_9.74_,40_86_211_252_558_,9.69_9.68_9.67_9.66_9.65_,229_272_313_335_642_
11:44:33,9.69,7,14408,9.70_9.71_9.72_9.73_9.74_,41_86_211_252_558_,9.69_9.68_9.67_9.66_9.65_,229_272_313_335_642_
11:44:43,9.70,4,14412,9.70_9.71_9.72_9.73_9.74_,37_86_211_252_558_,9.69_9.68_9.67_9.66_9.65_,229_272_313_335_642_
11:44:48,9.70,39,14451,9.71_9.72_9.73_9.74_9.75_,86_211_252_558_671_,9.70_9.69_9.68_9.67_9.66_,61_229_272_313_335_
11:44:53,9.70,24,14475,9.71_9.72_9.73_9.74_9.75_,86_211_252_320_908_,9.70_9.69_9.68_9.67_9.66_,85_167_271_294_585_
11:44:58,9.70,24,14475,9.71_9.72_9.73_9.74_9.75_,86_211_252_320_908_,9.70_9.69_9.68_9.67_9.66_,86_169_271_294_585_
11:45:03,9.70,2,14477,9.71_9.72_9.73_9.74_9.75_,86_211_252_320_908_,9.70_9.69_9.68_9.67_9.66_,84_169_271_294_585_
11:45:08,9.70,1,14478,9.71_9.72_9.73_9.74_9.75_,86_211_252_330_908_,9.70_9.69_9.68_9.67_9.66_,83_169_272_294_585_
11:45:14,9.70,1,14478,9.71_9.72_9.73_9.74_9.75_,87_211_252_330_908_,9.70_9.69_9.68_9.67_9.66_,85_167_272_294_585_
11:45:19,9.70,10,14488,9.71_9.72_9.73_9.74_9.75_,87_211_252_330_908_,9.70_9.69_9.68_9.67_9.66_,76_167_272_294_585_
11:45:24,9.71,15,14503,9.71_9.72_9.73_9.74_9.75_,74_211_252_330_908_,9.70_9.69_9.68_9.67_9.66_,147_167_272_294_585_
11:45:29,9.70,3,14506,9.71_9.72_9.73_9.74_9.75_,87_211_252_330_908_,9.70_9.69_9.68_9.67_9.66_,170_168_272_294_585_
11:45:34,9.70,1,14507,9.71_9.72_9.73_9.74_9.75_,87_211_252_330_908_,9.70_9.69_9.68_9.67_9.66_,177_168_272_294_585_
11:45:39,9.70,1,14507,9.71_9.72_9.73_9.74_9.75_,87_211_252_330_908_,9.70_9.69_9.68_9.67_9.66_,184_168_272_294_585_
11:45:44,9.71,1,14508,9.71_9.72_9.73_9.74_9.75_,86_211_252_330_908_,9.70_9.69_9.68_9.67_9.66_,186_168_272_294_585_
11:45:55,9.70,2,14510,9.71_9.72_9.73_9.74_9.75_,87_211_252_330_908_,9.70_9.69_9.68_9.67_9.66_,158_168_272_294_585_
11:46:00,9.71,1,14511,9.71_9.72_9.73_9.74_9.75_,86_210_252_330_908_,9.70_9.69_9.68_9.67_9.66_,163_168_272_294_585_
11:46:05,9.70,56,14567,9.71_9.72_9.73_9.74_9.75_,86_210_252_330_908_,9.70_9.69_9.68_9.67_9.66_,152_168_272_294_585_
11:46:10,9.70,10,14577,9.71_9.72_9.73_9.74_9.75_,88_210_252_330_908_,9.70_9.69_9.68_9.67_9.66_,169_166_271_294_585_
11:46:15,9.71,4,14581,9.71_9.72_9.73_9.74_9.75_,84_210_252_289_908_,9.70_9.69_9.68_9.67_9.66_,169_166_271_294_585_
11:46:20,9.70,6,14587,9.71_9.72_9.73_9.74_9.75_,84_210_252_289_908_,9.70_9.69_9.68_9.67_9.66_,164_166_271_294_585_
11:46:25,9.70,1,14588,9.71_9.72_9.73_9.74_9.75_,84_210_252_289_908_,9.70_9.69_9.68_9.67_9.66_,163_166_271_294_585_
11:46:31,9.70,5,14593,9.71_9.72_9.73_9.74_9.75_,94_210_252_289_908_,9.70_9.69_9.68_9.67_9.66_,164_166_271_294_585_
11:46:36,9.70,1,14594,9.71_9.72_9.73_9.74_9.75_,94_210_252_289_908_,9.70_9.69_9.68_9.67_9.66_,163_167_272_295_586_
11:46:41,9.70,30,14624,9.71_9.72_9.73_9.74_9.75_,94_210_252_289_908_,9.70_9.69_9.68_9.67_9.66_,133_167_272_295_586_
11:46:46,9.70,7,14631,9.71_9.72_9.73_9.74_9.75_,96_210_252_289_908_,9.70_9.69_9.68_9.67_9.66_,126_167_275_295_586_
11:47:01,9.70,6,14637,9.71_9.72_9.73_9.74_9.75_,98_210_252_289_908_,9.70_9.69_9.68_9.67_9.66_,131_167_275_295_586_
11:47:07,9.70,1,14638,9.71_9.72_9.73_9.74_9.75_,98_210_252_289_908_,9.70_9.69_9.68_9.67_9.66_,130_167_275_295_586_
11:47:17,9.70,1,14638,9.71_9.72_9.73_9.74_9.75_,98_210_252_289_908_,9.70_9.69_9.68_9.67_9.66_,181_167_275_295_586_
11:47:22,9.70,1,14638,9.71_9.72_9.73_9.74_9.75_,99_209_252_289_908_,9.70_9.69_9.68_9.67_9.66_,186_167_275_295_586_
11:47:27,9.70,1,14638,9.71_9.72_9.73_9.74_9.75_,99_209_252_289_908_,9.70_9.69_9.68_9.67_9.66_,236_167_275_295_586_
11:47:32,9.70,1,14638,9.71_9.72_9.73_9.74_9.75_,99_209_252_289_908_,9.70_9.69_9.68_9.67_9.66_,253_166_275_295_586_
11:47:37,9.70,1,14638,9.71_9.72_9.73_9.74_9.75_,101_209_252_289_908_,9.70_9.69_9.68_9.67_9.66_,253_166_275_295_586_
11:47:42,9.71,5,14643,9.71_9.72_9.73_9.74_9.75_,98_209_252_289_908_,9.70_9.69_9.68_9.67_9.66_,253_166_275_295_586_
11:47:48,9.70,1,14644,9.71_9.72_9.73_9.74_9.75_,98_209_252_289_908_,9.70_9.69_9.68_9.67_9.66_,252_166_275_295_586_
11:47:53,9.70,11,14655,9.71_9.72_9.73_9.74_9.75_,98_209_252_289_908_,9.70_9.69_9.68_9.67_9.66_,242_166_275_295_586_
11:47:58,9.70,8,14663,9.71_9.72_9.73_9.74_9.75_,98_209_252_289_908_,9.70_9.69_9.68_9.67_9.66_,245_166_275_295_586_
11:48:03,9.70,1,14664,9.71_9.72_9.73_9.74_9.75_,98_209_252_289_908_,9.70_9.69_9.68_9.67_9.66_,250_166_275_295_586_
11:48:08,9.71,9,14673,9.71_9.72_9.73_9.74_9.75_,94_209_252_289_908_,9.70_9.69_9.68_9.67_9.66_,252_166_275_295_586_
11:48:13,9.70,2,14675,9.71_9.72_9.73_9.74_9.75_,94_209_252_289_908_,9.70_9.69_9.68_9.67_9.66_,251_166_275_295_586_
11:48:18,9.71,1,14676,9.71_9.72_9.73_9.74_9.75_,88_209_252_289_908_,9.70_9.69_9.68_9.67_9.66_,247_166_275_295_586_
11:48:23,9.70,7,14683,9.71_9.72_9.73_9.74_9.75_,88_209_252_289_908_,9.70_9.69_9.68_9.67_9.66_,272_166_275_295_586_
11:48:29,9.70,1,14684,9.71_9.72_9.73_9.74_9.75_,88_209_252_289_908_,9.70_9.69_9.68_9.67_9.66_,278_166_275_295_586_
11:48:34,9.70,11,14695,9.71_9.72_9.73_9.74_9.75_,88_209_252_289_908_,9.70_9.69_9.68_9.67_9.66_,268_166_275_295_586_
11:48:39,9.70,2,14697,9.71_9.72_9.73_9.74_9.75_,89_209_252_289_908_,9.70_9.69_9.68_9.67_9.66_,268_166_275_295_586_
11:48:44,9.70,11,14708,9.71_9.72_9.73_9.74_9.75_,89_209_252_289_908_,9.70_9.69_9.68_9.67_9.66_,257_166_275_295_586_
11:48:49,9.70,2,14710,9.71_9.72_9.73_9.74_9.75_,89_209_252_289_908_,9.70_9.69_9.68_9.67_9.66_,255_166_275_295_586_
11:48:54,9.70,2,14710,9.71_9.72_9.73_9.74_9.75_,89_209_252_289_908_,9.70_9.69_9.68_9.67_9.66_,263_166_275_295_586_
11:48:59,9.70,5,14715,9.71_9.72_9.73_9.74_9.75_,91_209_252_289_908_,9.70_9.69_9.68_9.67_9.66_,259_166_275_295_586_
11:49:05,9.70,1,14716,9.71_9.72_9.73_9.74_9.75_,91_209_252_289_908_,9.70_9.69_9.68_9.67_9.66_,258_166_275_295_586_
11:49:15,9.71,4,14720,9.71_9.72_9.73_9.74_9.75_,87_209_252_289_908_,9.70_9.69_9.68_9.67_9.66_,259_166_275_295_586_
11:49:20,9.70,1,14721,9.71_9.72_9.73_9.74_9.75_,87_209_252_289_908_,9.70_9.69_9.68_9.67_9.66_,258_166_275_295_586_
11:49:25,9.71,10,14731,9.71_9.72_9.73_9.74_9.75_,118_209_252_289_908_,9.70_9.69_9.68_9.67_9.66_,258_166_275_295_586_
11:49:30,9.71,10,14731,9.71_9.72_9.73_9.74_9.75_,130_209_252_289_908_,9.70_9.69_9.68_9.67_9.66_,258_166_275_295_586_
11:49:35,9.70,6,14737,9.71_9.72_9.73_9.74_9.75_,132_209_252_289_908_,9.70_9.69_9.68_9.67_9.66_,252_166_275_295_586_
11:49:40,9.70,10,14747,9.71_9.72_9.73_9.74_9.75_,133_209_252_289_908_,9.70_9.69_9.68_9.67_9.66_,242_166_275_295_586_
11:49:46,9.70,10,14747,9.71_9.72_9.73_9.74_9.75_,152_209_252_289_908_,9.70_9.69_9.68_9.67_9.66_,242_166_275_295_586_
11:49:51,9.70,4,14751,9.71_9.72_9.73_9.74_9.75_,152_209_252_289_908_,9.70_9.69_9.68_9.67_9.66_,238_166_275_295_586_
11:50:11,9.71,1,14752,9.71_9.72_9.73_9.74_9.75_,151_209_252_289_908_,9.70_9.69_9.68_9.67_9.66_,238_166_275_295_586_
11:50:22,9.71,1,14752,9.71_9.72_9.73_9.74_9.75_,152_209_252_289_908_,9.70_9.69_9.68_9.67_9.66_,238_166_275_295_586_
11:50:27,9.70,1,14753,9.71_9.72_9.73_9.74_9.75_,154_209_252_289_908_,9.70_9.69_9.68_9.67_9.66_,237_166_275_295_586_
11:50:32,9.70,1,14753,9.71_9.72_9.73_9.74_9.75_,154_209_252_289_908_,9.70_9.69_9.68_9.67_9.66_,239_166_275_295_586_
11:50:42,9.71,4,14757,9.71_9.72_9.73_9.74_9.75_,150_209_252_289_908_,9.70_9.69_9.68_9.67_9.66_,239_166_275_295_586_
11:50:47,9.70,7,14764,9.71_9.72_9.73_9.74_9.75_,151_209_252_289_908_,9.70_9.69_9.68_9.67_9.66_,239_166_275_295_586_
11:51:13,9.71,1,14765,9.71_9.72_9.73_9.74_9.75_,150_209_252_289_908_,9.70_9.69_9.68_9.67_9.66_,239_166_275_295_586_
11:51:18,9.71,2,14767,9.71_9.72_9.73_9.74_9.75_,148_209_252_289_908_,9.70_9.69_9.68_9.67_9.66_,239_166_275_295_586_
11:51:33,9.71,2,14767,9.71_9.72_9.73_9.74_9.75_,150_209_252_289_908_,9.70_9.69_9.68_9.67_9.66_,239_166_275_295_586_
11:51:39,9.71,1,14768,9.71_9.72_9.73_9.74_9.75_,149_209_252_289_908_,9.70_9.69_9.68_9.67_9.66_,239_166_275_295_586_
11:51:44,9.71,1,14768,9.71_9.72_9.73_9.74_9.75_,154_209_252_289_908_,9.70_9.69_9.68_9.67_9.66_,239_166_275_295_586_
11:51:54,9.70,16,14784,9.71_9.72_9.73_9.74_9.75_,154_209_252_289_908_,9.70_9.69_9.68_9.67_9.66_,223_166_275_295_586_
11:51:59,9.70,9,14793,9.71_9.72_9.73_9.74_9.75_,154_209_252_289_908_,9.70_9.69_9.68_9.67_9.66_,232_165_272_295_586_
11:52:04,9.70,1,14794,9.71_9.72_9.73_9.74_9.75_,154_209_252_289_908_,9.70_9.69_9.68_9.67_9.66_,232_165_272_295_586_
11:52:09,9.70,1,14794,9.71_9.72_9.73_9.74_9.75_,156_209_252_289_908_,9.70_9.69_9.68_9.67_9.66_,241_166_272_295_586_
11:52:14,9.71,4,14798,9.71_9.72_9.73_9.74_9.75_,152_209_252_289_908_,9.70_9.69_9.68_9.67_9.66_,241_166_272_295_586_
11:52:19,9.70,244,15042,9.70_9.71_9.72_9.73_9.74_,31_152_209_252_289_,9.69_9.68_9.67_9.66_9.65_,166_272_295_586_383_
11:52:25,9.70,3,15045,9.70_9.71_9.72_9.73_9.74_,52_136_209_252_526_,9.69_9.68_9.67_9.66_9.65_,169_295_295_336_633_
11:52:30,9.70,10,15055,9.70_9.71_9.72_9.73_9.74_,46_136_209_252_516_,9.69_9.68_9.67_9.66_9.65_,169_293_295_336_633_
11:52:35,9.70,46,15101,9.71_9.72_9.73_9.74_9.75_,136_209_252_516_671_,9.70_9.69_9.68_9.67_9.66_,54_169_293_296_336_
11:52:40,9.70,57,15158,9.71_9.72_9.73_9.74_9.75_,136_209_252_279_908_,9.70_9.69_9.68_9.67_9.66_,24_165_272_295_586_
11:52:45,9.70,3,15161,9.71_9.72_9.73_9.74_9.75_,129_199_260_279_908_,9.70_9.69_9.68_9.67_9.66_,71_171_272_295_586_
11:52:50,9.70,1,15162,9.71_9.72_9.73_9.74_9.75_,129_199_260_288_921_,9.70_9.69_9.68_9.67_9.66_,70_170_272_295_586_
11:52:55,9.70,3,15165,9.71_9.72_9.73_9.74_9.75_,131_207_252_288_921_,9.70_9.69_9.68_9.67_9.66_,167_170_272_295_586_
11:53:06,9.70,3,15165,9.71_9.72_9.73_9.74_9.75_,131_207_252_288_921_,9.70_9.69_9.68_9.67_9.66_,227_170_272_295_586_
11:53:11,9.70,3,15168,9.71_9.72_9.73_9.74_9.75_,131_207_253_288_921_,9.70_9.69_9.68_9.67_9.66_,225_170_272_295_586_
11:53:16,9.70,1,15169,9.71_9.72_9.73_9.74_9.75_,131_207_253_288_921_,9.70_9.69_9.68_9.67_9.66_,224_170_272_295_586_
11:53:21,9.70,5,15174,9.71_9.72_9.73_9.74_9.75_,163_207_253_288_921_,9.70_9.69_9.68_9.67_9.66_,225_165_272_295_586_
11:53:26,9.70,6,15180,9.71_9.72_9.73_9.74_9.75_,163_207_253_288_921_,9.70_9.69_9.68_9.67_9.66_,220_166_272_295_586_
11:53:31,9.70,1,15181,9.71_9.72_9.73_9.74_9.75_,163_207_253_288_921_,9.70_9.69_9.68_9.67_9.66_,220_165_272_295_586_
11:53:36,9.70,1,15181,9.71_9.72_9.73_9.74_9.75_,165_207_253_288_921_,9.70_9.69_9.68_9.67_9.66_,221_165_272_295_586_
11:53:42,9.70,6,15187,9.71_9.72_9.73_9.74_9.75_,165_207_253_288_921_,9.70_9.69_9.68_9.67_9.66_,215_165_272_295_586_
11:53:47,9.71,5,15192,9.71_9.72_9.73_9.74_9.75_,162_207_253_288_921_,9.70_9.69_9.68_9.67_9.66_,215_166_272_295_586_
11:53:52,9.71,5,15192,9.71_9.72_9.73_9.74_9.75_,162_207_253_288_921_,9.70_9.69_9.68_9.67_9.66_,221_166_272_295_586_
11:53:57,9.70,10,15202,9.71_9.72_9.73_9.74_9.75_,162_207_253_288_921_,9.70_9.69_9.68_9.67_9.66_,211_166_272_295_586_
11:54:02,9.70,4,15206,9.71_9.72_9.73_9.74_9.75_,162_207_253_288_921_,9.70_9.69_9.68_9.67_9.66_,207_166_273_295_586_
11:54:07,9.70,1,15207,9.71_9.72_9.73_9.74_9.75_,163_207_253_288_921_,9.70_9.69_9.68_9.67_9.66_,206_166_273_295_586_
11:54:12,9.70,1,15207,9.71_9.72_9.73_9.74_9.75_,163_207_253_289_921_,9.70_9.69_9.68_9.67_9.66_,206_166_273_295_586_
11:54:18,9.70,1,15207,9.71_9.72_9.73_9.74_9.75_,166_207_253_289_921_,9.70_9.69_9.68_9.67_9.66_,207_166_273_295_586_
11:54:33,9.70,1,15207,9.71_9.72_9.73_9.74_9.75_,166_207_253_289_931_,9.70_9.69_9.68_9.67_9.66_,208_166_273_295_586_
11:54:38,9.70,1,15207,9.71_9.72_9.73_9.74_9.75_,166_207_253_289_931_,9.70_9.69_9.68_9.67_9.66_,216_166_273_295_586_
11:54:48,9.70,6,15213,9.71_9.72_9.73_9.74_9.75_,166_207_253_289_931_,9.70_9.69_9.68_9.67_9.66_,212_166_273_295_586_
11:54:54,9.70,1,15214,9.71_9.72_9.73_9.74_9.75_,162_207_253_289_931_,9.70_9.69_9.68_9.67_9.66_,206_166_273_295_586_
11:54:59,9.70,1,15214,9.71_9.72_9.73_9.74_9.75_,163_207_253_289_931_,9.70_9.69_9.68_9.67_9.66_,206_166_273_295_586_
11:55:04,9.70,1,15214,9.71_9.72_9.73_9.74_9.75_,163_207_253_291_931_,9.70_9.69_9.68_9.67_9.66_,206_166_273_295_586_
11:55:09,9.70,1,15214,9.71_9.72_9.73_9.74_9.75_,164_207_253_291_931_,9.70_9.69_9.68_9.67_9.66_,206_166_273_295_586_
11:55:14,9.71,4,15218,9.71_9.72_9.73_9.74_9.75_,160_207_253_291_931_,9.70_9.69_9.68_9.67_9.66_,206_170_273_295_586_
11:55:19,9.71,4,15218,9.71_9.72_9.73_9.74_9.75_,162_207_253_291_931_,9.70_9.69_9.68_9.67_9.66_,208_170_273_295_586_
11:55:24,9.71,4,15218,9.71_9.72_9.73_9.74_9.75_,162_207_253_291_931_,9.70_9.69_9.68_9.67_9.66_,210_170_273_295_586_
11:55:40,9.71,4,15218,9.71_9.72_9.73_9.74_9.75_,162_208_252_291_931_,9.70_9.69_9.68_9.67_9.66_,210_170_273_295_586_
11:56:00,9.71,4,15218,9.71_9.72_9.73_9.74_9.75_,166_208_252_291_931_,9.70_9.69_9.68_9.67_9.66_,210_170_273_295_586_
11:56:10,9.71,4,15218,9.71_9.72_9.73_9.74_9.75_,167_208_252_291_931_,9.70_9.69_9.68_9.67_9.66_,210_170_273_295_586_
11:56:16,9.70,2,15220,9.71_9.72_9.73_9.74_9.75_,162_208_252_291_931_,9.70_9.69_9.68_9.67_9.66_,205_170_273_295_586_
11:56:21,9.70,1,15221,9.71_9.72_9.73_9.74_9.75_,162_208_252_291_931_,9.70_9.69_9.68_9.67_9.66_,205_170_273_295_586_
11:56:26,9.70,5,15226,9.71_9.72_9.73_9.74_9.75_,162_208_252_291_931_,9.70_9.69_9.68_9.67_9.66_,200_170_273_295_586_
11:56:31,9.70,1,15227,9.71_9.72_9.73_9.74_9.75_,166_208_252_291_931_,9.70_9.69_9.68_9.67_9.66_,199_170_273_295_586_
11:56:41,9.71,4,15231,9.71_9.72_9.73_9.74_9.75_,162_208_252_291_931_,9.70_9.69_9.68_9.67_9.66_,199_170_273_295_586_
11:56:47,9.71,4,15231,9.71_9.72_9.73_9.74_9.75_,166_207_252_291_931_,9.70_9.69_9.68_9.67_9.66_,199_170_273_295_486_
11:57:07,9.70,20,15251,9.71_9.72_9.73_9.74_9.75_,166_207_252_291_931_,9.70_9.69_9.68_9.67_9.66_,179_170_273_295_486_
11:57:12,9.70,4,15255,9.71_9.72_9.73_9.74_9.75_,166_207_252_291_931_,9.70_9.69_9.68_9.67_9.66_,175_170_273_295_486_
11:57:17,9.70,4,15255,9.71_9.72_9.73_9.74_9.75_,166_207_252_291_931_,9.70_9.69_9.68_9.67_9.66_,177_170_273_295_486_
11:57:22,9.71,1,15256,9.71_9.72_9.73_9.74_9.75_,165_207_252_291_931_,9.70_9.69_9.68_9.67_9.66_,177_170_273_295_486_
11:57:28,9.71,1,15256,9.71_9.72_9.73_9.74_9.75_,168_207_252_291_931_,9.70_9.69_9.68_9.67_9.66_,177_170_273_295_486_
11:57:48,9.70,4,15260,9.71_9.72_9.73_9.74_9.75_,165_207_252_291_931_,9.70_9.69_9.68_9.67_9.66_,173_170_273_295_486_
11:57:53,9.70,1,15261,9.71_9.72_9.73_9.74_9.75_,165_207_252_291_931_,9.70_9.69_9.68_9.67_9.66_,172_170_273_295_486_
11:57:58,9.70,1,15261,9.71_9.72_9.73_9.74_9.75_,175_207_252_291_931_,9.70_9.69_9.68_9.67_9.66_,172_170_273_295_486_
11:58:03,9.70,5,15266,9.71_9.72_9.73_9.74_9.75_,165_206_252_291_931_,9.70_9.69_9.68_9.67_9.66_,172_170_273_295_486_
11:58:09,9.70,1,15267,9.71_9.72_9.73_9.74_9.75_,175_206_252_291_931_,9.70_9.69_9.68_9.67_9.66_,178_170_273_295_486_
11:58:14,9.71,5,15272,9.71_9.72_9.73_9.74_9.75_,170_206_252_291_931_,9.70_9.69_9.68_9.67_9.66_,179_170_273_295_486_
11:58:19,9.71,1,15273,9.71_9.72_9.73_9.74_9.75_,160_206_252_291_931_,9.70_9.69_9.68_9.67_9.66_,179_170_273_295_486_
11:58:24,9.70,1,15274,9.71_9.72_9.73_9.74_9.75_,160_206_252_291_931_,9.70_9.69_9.68_9.67_9.66_,178_170_273_295_486_
11:58:29,9.70,1,15274,9.71_9.72_9.73_9.74_9.75_,168_206_252_291_931_,9.70_9.69_9.68_9.67_9.66_,178_170_273_295_486_
11:58:39,9.70,1,15274,9.71_9.72_9.73_9.74_9.75_,169_206_252_291_931_,9.70_9.69_9.68_9.67_9.66_,178_170_273_295_486_
11:58:55,9.70,1,15274,9.71_9.72_9.73_9.74_9.75_,166_206_252_291_931_,9.70_9.69_9.68_9.67_9.66_,174_170_273_295_486_
11:59:10,9.70,2,15276,9.71_9.72_9.73_9.74_9.75_,166_206_252_291_931_,9.70_9.69_9.68_9.67_9.66_,172_170_273_295_486_
11:59:20,9.70,10,15286,9.71_9.72_9.73_9.74_9.75_,166_206_252_291_931_,9.70_9.69_9.68_9.67_9.66_,163_170_273_295_486_
11:59:26,9.70,2,15288,9.71_9.72_9.73_9.74_9.75_,176_206_252_291_931_,9.70_9.69_9.68_9.67_9.66_,161_170_273_295_486_
11:59:31,9.70,2,15288,9.71_9.72_9.73_9.74_9.75_,178_206_252_291_931_,9.70_9.69_9.68_9.67_9.66_,161_170_273_295_486_
11:59:36,9.70,2,15288,9.71_9.72_9.73_9.74_9.75_,167_206_252_291_931_,9.70_9.69_9.68_9.67_9.66_,161_170_273_295_486_
11:59:41,9.71,4,15292,9.71_9.72_9.73_9.74_9.75_,163_206_252_291_931_,9.70_9.69_9.68_9.67_9.66_,161_170_273_295_486_
11:59:51,9.71,4,15292,9.71_9.72_9.73_9.74_9.75_,164_206_252_291_931_,9.70_9.69_9.68_9.67_9.66_,161_170_273_295_486_
12:00:07,9.71,1,15293,9.71_9.72_9.73_9.74_9.75_,163_206_252_291_931_,9.70_9.69_9.68_9.67_9.66_,160_170_273_295_486_
12:00:12,9.70,43,15336,9.71_9.72_9.73_9.74_9.75_,161_206_252_291_931_,9.70_9.69_9.68_9.67_9.66_,114_170_273_295_486_
12:00:17,9.70,7,15343,9.71_9.72_9.73_9.74_9.75_,171_206_252_291_931_,9.70_9.69_9.68_9.67_9.66_,109_170_273_295_486_
12:00:27,9.70,7,15343,9.71_9.72_9.73_9.74_9.75_,172_206_252_291_931_,9.70_9.69_9.68_9.67_9.66_,109_170_274_295_486_
12:00:32,9.70,7,15343,9.71_9.72_9.73_9.74_9.75_,174_206_252_291_931_,9.70_9.69_9.68_9.67_9.66_,109_170_274_295_486_
12:00:37,9.70,7,15343,9.71_9.72_9.73_9.74_9.75_,173_206_252_291_931_,9.70_9.69_9.68_9.67_9.66_,109_170_274_295_486_
12:00:43,9.70,7,15343,9.71_9.72_9.73_9.74_9.75_,174_206_252_291_931_,9.70_9.69_9.68_9.67_9.66_,109_170_274_295_486_
12:00:48,9.70,7,15343,9.71_9.72_9.73_9.74_9.75_,175_206_269_291_931_,9.70_9.69_9.68_9.67_9.66_,109_170_274_295_486_
12:00:53,9.70,3,15346,9.71_9.72_9.73_9.74_9.75_,173_206_269_291_931_,9.70_9.69_9.68_9.67_9.66_,106_170_274_295_486_
12:00:58,9.70,3,15349,9.71_9.72_9.73_9.74_9.75_,174_206_269_291_931_,9.70_9.69_9.68_9.67_9.66_,103_170_274_295_486_
12:01:03,9.71,2,15351,9.71_9.72_9.73_9.74_9.75_,202_206_239_291_931_,9.70_9.69_9.68_9.67_9.66_,101_170_274_295_486_
12:01:08,9.71,2,15351,9.71_9.72_9.73_9.74_9.75_,192_206_239_291_931_,9.70_9.69_9.68_9.67_9.66_,101_170_274_295_486_
12:01:13,9.71,4,15355,9.71_9.72_9.73_9.74_9.75_,188_206_239_291_931_,9.70_9.69_9.68_9.67_9.66_,108_170_274_295_486_
12:01:18,9.70,1,15356,9.71_9.72_9.73_9.74_9.75_,188_206_239_291_931_,9.70_9.69_9.68_9.67_9.66_,112_170_274_295_486_
12:01:23,9.70,1,15356,9.71_9.72_9.73_9.74_9.75_,198_206_239_291_931_,9.70_9.69_9.68_9.67_9.66_,162_170_274_295_486_
12:01:29,9.70,1,15356,9.71_9.72_9.73_9.74_9.75_,188_206_239_291_931_,9.70_9.69_9.68_9.67_9.66_,162_170_274_295_486_
12:01:34,9.70,1,15356,9.71_9.72_9.73_9.74_9.75_,190_206_239_291_931_,9.70_9.69_9.68_9.67_9.66_,162_170_274_295_486_
12:01:44,9.70,1,15356,9.71_9.72_9.73_9.74_9.75_,148_206_239_291_931_,9.70_9.69_9.68_9.67_9.66_,162_170_274_295_486_
12:01:49,9.70,1,15356,9.71_9.72_9.73_9.74_9.75_,146_206_239_291_931_,9.70_9.69_9.68_9.67_9.66_,160_170_274_295_486_
12:01:54,9.71,6,15362,9.71_9.72_9.73_9.74_9.75_,141_206_239_291_931_,9.70_9.69_9.68_9.67_9.66_,185_170_274_295_486_
12:01:59,9.70,42,15404,9.71_9.72_9.73_9.74_9.75_,141_206_239_291_931_,9.70_9.69_9.68_9.67_9.66_,143_170_273_295_486_
12:02:04,9.70,7,15411,9.71_9.72_9.73_9.74_9.75_,141_206_239_291_931_,9.70_9.69_9.68_9.67_9.66_,149_170_273_295_486_
12:02:10,9.70,7,15411,9.71_9.72_9.73_9.74_9.75_,140_206_239_291_931_,9.70_9.69_9.68_9.67_9.66_,156_170_273_295_486_
12:02:15,9.70,7,15411,9.71_9.72_9.73_9.74_9.75_,140_206_239_291_931_,9.70_9.69_9.68_9.67_9.66_,154_170_273_295_486_
12:02:20,9.70,7,15411,9.71_9.72_9.73_9.74_9.75_,142_206_239_291_931_,9.70_9.69_9.68_9.67_9.66_,155_170_273_295_486_
12:02:25,9.70,7,15411,9.71_9.72_9.73_9.74_9.75_,142_206_239_291_931_,9.70_9.69_9.68_9.67_9.66_,130_170_273_295_486_
12:02:40,9.71,5,15416,9.71_9.72_9.73_9.74_9.75_,137_206_239_291_931_,9.70_9.69_9.68_9.67_9.66_,130_170_273_295_486_
12:02:45,9.70,1,15417,9.71_9.72_9.73_9.74_9.75_,137_206_239_291_931_,9.70_9.69_9.68_9.67_9.66_,129_170_273_295_486_
12:02:50,9.70,1,15417,9.71_9.72_9.73_9.74_9.75_,137_206_239_291_931_,9.70_9.69_9.68_9.67_9.66_,127_170_273_295_486_
12:02:56,9.70,1,15417,9.71_9.72_9.73_9.74_9.75_,139_206_239_291_931_,9.70_9.69_9.68_9.67_9.66_,127_170_273_295_486_
12:03:01,9.70,1,15417,9.71_9.72_9.73_9.74_9.75_,139_223_222_291_931_,9.70_9.69_9.68_9.67_9.66_,127_170_273_295_486_
12:03:06,9.70,1,15417,9.71_9.72_9.73_9.74_9.75_,141_223_222_291_931_,9.70_9.69_9.68_9.67_9.66_,127_170_273_295_486_
12:03:16,9.70,1,15417,9.71_9.72_9.73_9.74_9.75_,142_223_222_291_931_,9.70_9.69_9.68_9.67_9.66_,127_170_273_295_486_
12:03:21,9.71,1,15418,9.71_9.72_9.73_9.74_9.75_,141_223_222_291_931_,9.70_9.69_9.68_9.67_9.66_,130_170_273_295_486_
12:03:37,9.70,1,15419,9.71_9.72_9.73_9.74_9.75_,141_223_222_291_931_,9.70_9.69_9.68_9.67_9.66_,129_170_273_295_486_
12:03:42,9.70,1,15420,9.71_9.72_9.73_9.74_9.75_,141_223_222_291_931_,9.70_9.69_9.68_9.67_9.66_,128_170_273_295_486_
12:03:47,9.70,1,15420,9.71_9.72_9.73_9.74_9.75_,152_223_222_291_931_,9.70_9.69_9.68_9.67_9.66_,128_170_273_295_486_
12:03:52,9.70,1,15421,9.71_9.72_9.73_9.74_9.75_,141_223_222_291_931_,9.70_9.69_9.68_9.67_9.66_,177_170_273_295_486_
12:03:57,9.70,1,15421,9.71_9.72_9.73_9.74_9.75_,152_223_222_291_931_,9.70_9.69_9.68_9.67_9.66_,188_170_273_295_486_
12:04:02,9.70,1,15421,9.71_9.72_9.73_9.74_9.75_,143_223_222_291_931_,9.70_9.69_9.68_9.67_9.66_,190_170_273_295_486_
12:04:13,9.71,4,15425,9.71_9.72_9.73_9.74_9.75_,139_223_222_291_931_,9.70_9.69_9.68_9.67_9.66_,190_170_273_295_486_
12:04:18,9.71,2,15427,9.71_9.72_9.73_9.74_9.75_,155_223_222_291_931_,9.70_9.69_9.68_9.67_9.66_,190_170_273_295_486_
12:04:23,9.70,5,15432,9.71_9.72_9.73_9.74_9.75_,156_223_222_291_931_,9.70_9.69_9.68_9.67_9.66_,191_170_273_295_486_
12:04:28,9.70,5,15432,9.71_9.72_9.73_9.74_9.75_,156_223_222_291_931_,9.70_9.69_9.68_9.67_9.66_,194_170_273_295_486_
12:04:33,9.70,5,15432,9.71_9.72_9.73_9.74_9.75_,156_223_222_291_931_,9.70_9.69_9.68_9.67_9.66_,199_170_273_295_486_
12:04:38,9.71,4,15436,9.71_9.72_9.73_9.74_9.75_,152_223_222_291_931_,9.70_9.69_9.68_9.67_9.66_,199_170_273_295_486_
12:04:43,9.70,1,15437,9.71_9.72_9.73_9.74_9.75_,152_223_222_291_931_,9.70_9.69_9.68_9.67_9.66_,197_170_273_295_486_
12:04:48,9.70,1,15438,9.71_9.72_9.73_9.74_9.75_,152_223_222_291_931_,9.70_9.69_9.68_9.67_9.66_,197_170_273_295_486_
12:04:54,9.71,1,15439,9.71_9.72_9.73_9.74_9.75_,151_223_222_291_931_,9.70_9.69_9.68_9.67_9.66_,197_170_273_295_486_
12:04:59,9.70,1,15440,9.71_9.72_9.73_9.74_9.75_,150_223_222_291_931_,9.70_9.69_9.68_9.67_9.66_,195_170_273_295_486_
12:05:04,9.70,1,15440,9.71_9.72_9.73_9.74_9.75_,167_206_222_291_931_,9.70_9.69_9.68_9.67_9.66_,195_170_273_295_486_
12:05:09,9.70,1,15440,9.71_9.72_9.73_9.74_9.75_,168_206_222_291_931_,9.70_9.69_9.68_9.67_9.66_,195_170_273_295_486_
12:05:14,9.70,1,15440,9.71_9.72_9.73_9.74_9.75_,178_216_222_291_931_,9.70_9.69_9.68_9.67_9.66_,195_170_273_295_486_
12:05:19,9.71,1,15441,9.71_9.72_9.73_9.74_9.75_,177_216_222_291_931_,9.70_9.69_9.68_9.67_9.66_,197_171_273_295_486_
12:05:24,9.71,1,15441,9.71_9.72_9.73_9.74_9.75_,177_217_222_291_931_,9.70_9.69_9.68_9.67_9.66_,198_171_273_295_486_
12:05:29,9.70,1,15442,9.71_9.72_9.73_9.74_9.75_,177_217_222_291_931_,9.70_9.69_9.68_9.67_9.66_,197_171_273_295_486_
12:05:35,9.70,1,15442,9.71_9.72_9.73_9.74_9.75_,176_217_222_291_931_,9.70_9.69_9.68_9.67_9.66_,198_171_273_295_486_
12:05:40,9.71,4,15446,9.71_9.72_9.73_9.74_9.75_,172_217_222_291_931_,9.70_9.69_9.68_9.67_9.66_,198_171_273_295_486_
12:05:45,9.71,4,15446,9.71_9.72_9.73_9.74_9.75_,191_217_222_291_931_,9.70_9.69_9.68_9.67_9.66_,198_171_273_295_486_
12:05:50,9.71,1,15447,9.71_9.72_9.73_9.74_9.75_,190_217_222_291_931_,9.70_9.69_9.68_9.67_9.66_,203_171_273_295_486_
12:05:55,9.71,1,15447,9.71_9.72_9.73_9.74_9.75_,190_217_222_291_931_,9.70_9.69_9.68_9.67_9.66_,205_171_273_295_486_
12:06:05,9.70,1,15448,9.71_9.72_9.73_9.74_9.75_,190_217_222_291_931_,9.70_9.69_9.68_9.67_9.66_,204_171_273_295_486_
12:06:16,9.70,10,15458,9.71_9.72_9.73_9.74_9.75_,190_217_222_291_931_,9.70_9.69_9.68_9.67_9.66_,194_171_273_295_486_
12:06:21,9.70,10,15458,9.71_9.72_9.73_9.74_9.75_,201_217_222_291_931_,9.70_9.69_9.68_9.67_9.66_,225_170_272_295_486_
12:06:26,9.71,6,15464,9.71_9.72_9.73_9.74_9.75_,183_217_224_291_931_,9.70_9.69_9.68_9.67_9.66_,228_170_272_295_486_
12:06:31,9.70,1,15465,9.71_9.72_9.73_9.74_9.75_,183_217_224_291_931_,9.70_9.69_9.68_9.67_9.66_,227_170_272_295_486_
12:06:36,9.70,10,15475,9.71_9.72_9.73_9.74_9.75_,183_218_222_291_931_,9.70_9.69_9.68_9.67_9.66_,217_170_272_295_486_
12:06:41,9.70,3,15478,9.71_9.72_9.73_9.74_9.75_,183_218_222_291_931_,9.70_9.69_9.68_9.67_9.66_,214_171_272_295_486_
12:06:47,9.70,10,15488,9.71_9.72_9.73_9.74_9.75_,183_217_222_291_931_,9.70_9.69_9.68_9.67_9.66_,204_171_272_295_486_
12:06:52,9.70,7,15495,9.71_9.72_9.73_9.74_9.75_,193_223_222_291_931_,9.70_9.69_9.68_9.67_9.66_,199_171_273_295_486_
12:06:57,9.70,2,15497,9.71_9.72_9.73_9.74_9.75_,204_223_222_291_931_,9.70_9.69_9.68_9.67_9.66_,197_171_273_295_486_
12:07:02,9.70,6,15503,9.71_9.72_9.73_9.74_9.75_,204_223_222_291_931_,9.70_9.69_9.68_9.67_9.66_,191_171_273_295_486_
12:07:07,9.70,1,15504,9.71_9.72_9.73_9.74_9.75_,206_223_222_291_931_,9.70_9.69_9.68_9.67_9.66_,190_171_273_295_486_
12:07:12,9.70,22,15526,9.71_9.72_9.73_9.74_9.75_,206_223_222_291_931_,9.70_9.69_9.68_9.67_9.66_,173_171_273_295_486_
12:07:17,9.70,4,15530,9.71_9.72_9.73_9.74_9.75_,206_223_222_291_931_,9.70_9.69_9.68_9.67_9.66_,169_171_273_295_486_
12:07:22,9.70,4,15530,9.71_9.72_9.73_9.74_9.75_,206_223_222_291_931_,9.70_9.69_9.68_9.67_9.66_,171_171_273_295_486_
12:07:28,9.70,4,15530,9.71_9.72_9.73_9.74_9.75_,211_223_222_291_931_,9.70_9.69_9.68_9.67_9.66_,171_171_273_295_486_
12:07:33,9.71,8,15538,9.71_9.72_9.73_9.74_9.75_,203_223_222_291_931_,9.70_9.69_9.68_9.67_9.66_,171_171_273_295_486_
12:07:38,9.70,3,15541,9.71_9.72_9.73_9.74_9.75_,192_223_222_291_931_,9.70_9.69_9.68_9.67_9.66_,175_171_273_295_486_
12:07:43,9.71,1,15542,9.71_9.72_9.73_9.74_9.75_,202_223_222_291_931_,9.70_9.69_9.68_9.67_9.66_,175_171_273_295_486_
12:07:48,9.71,1,15542,9.71_9.72_9.73_9.74_9.75_,191_223_222_291_931_,9.70_9.69_9.68_9.67_9.66_,175_171_273_295_486_
12:07:53,9.71,1,15542,9.71_9.72_9.73_9.74_9.75_,192_223_222_291_931_,9.70_9.69_9.68_9.67_9.66_,175_171_273_295_486_
12:07:58,9.70,32,15574,9.71_9.72_9.73_9.74_9.75_,192_223_222_291_929_,9.70_9.69_9.68_9.67_9.66_,143_171_273_295_486_
12:08:03,9.70,6,15580,9.71_9.72_9.73_9.74_9.75_,228_198_222_291_929_,9.70_9.69_9.68_9.67_9.66_,137_171_273_295_486_
12:08:09,9.70,6,15580,9.71_9.72_9.73_9.74_9.75_,229_198_222_291_929_,9.70_9.69_9.68_9.67_9.66_,137_171_273_295_486_
12:08:14,9.70,10,15590,9.71_9.72_9.73_9.74_9.75_,229_198_222_291_929_,9.70_9.69_9.68_9.67_9.66_,177_171_273_295_486_
12:08:19,9.70,6,15596,9.71_9.72_9.73_9.74_9.75_,229_198_222_291_929_,9.70_9.69_9.68_9.67_9.66_,178_171_273_295_486_
12:08:24,9.70,1,15597,9.71_9.72_9.73_9.74_9.75_,229_198_222_291_929_,9.70_9.69_9.68_9.67_9.66_,178_171_273_295_486_
12:08:29,9.70,1,15597,9.71_9.72_9.73_9.74_9.75_,230_198_222_291_929_,9.70_9.69_9.68_9.67_9.66_,178_171_273_295_486_
12:08:39,9.70,25,15622,9.71_9.72_9.73_9.74_9.75_,230_198_222_291_929_,9.70_9.69_9.68_9.67_9.66_,153_171_273_295_486_
12:08:44,9.70,5,15627,9.71_9.72_9.73_9.74_9.75_,230_199_222_291_929_,9.70_9.69_9.68_9.67_9.66_,152_171_273_295_486_
12:08:50,9.70,2,15629,9.71_9.72_9.73_9.74_9.75_,230_199_222_291_929_,9.70_9.69_9.68_9.67_9.66_,150_171_273_295_486_
12:08:55,9.70,2,15629,9.71_9.72_9.73_9.74_9.75_,330_199_222_291_929_,9.70_9.69_9.68_9.67_9.66_,150_171_273_295_486_
12:09:00,9.70,10,15639,9.71_9.72_9.73_9.74_9.75_,334_197_222_291_929_,9.70_9.69_9.68_9.67_9.66_,140_171_273_295_486_
12:09:05,9.70,22,15661,9.71_9.72_9.73_9.74_9.75_,306_189_222_291_929_,9.70_9.69_9.68_9.67_9.66_,118_171_273_295_486_
12:09:10,9.70,16,15677,9.71_9.72_9.73_9.74_9.75_,306_243_222_291_929_,9.70_9.69_9.68_9.67_9.66_,104_171_273_295_486_
12:09:15,9.70,14,15691,9.71_9.72_9.73_9.74_9.75_,306_242_222_291_929_,9.70_9.69_9.68_9.67_9.66_,92_171_273_295_486_
12:09:20,9.70,2,15693,9.71_9.72_9.73_9.74_9.75_,306_242_222_291_929_,9.70_9.69_9.68_9.67_9.66_,118_170_272_295_486_
12:09:26,9.70,1,15694,9.71_9.72_9.73_9.74_9.75_,306_242_222_291_929_,9.70_9.69_9.68_9.67_9.66_,124_170_272_295_486_
12:09:31,9.70,5,15699,9.71_9.72_9.73_9.74_9.75_,306_242_222_291_929_,9.70_9.69_9.68_9.67_9.66_,123_170_272_295_486_
12:09:36,9.70,1,15700,9.71_9.72_9.73_9.74_9.75_,307_242_222_291_929_,9.70_9.69_9.68_9.67_9.66_,122_170_272_295_486_
12:09:41,9.70,20,15720,9.71_9.72_9.73_9.74_9.75_,307_242_222_291_929_,9.70_9.69_9.68_9.67_9.66_,102_170_272_295_486_
12:09:46,9.70,53,15773,9.71_9.72_9.73_9.74_9.75_,307_242_222_291_929_,9.70_9.69_9.68_9.67_9.66_,53_172_272_295_486_
12:09:51,9.70,23,15796,9.71_9.72_9.73_9.74_9.75_,305_242_222_291_929_,9.70_9.69_9.68_9.67_9.66_,30_171_276_295_486_
12:09:56,9.70,2,15798,9.71_9.72_9.73_9.74_9.75_,305_242_222_291_929_,9.70_9.69_9.68_9.67_9.66_,37_169_272_295_486_
12:10:02,9.70,10,15808,9.71_9.72_9.73_9.74_9.75_,305_242_222_291_929_,9.70_9.69_9.68_9.67_9.66_,26_169_272_295_486_
12:10:07,9.70,3,15811,9.71_9.72_9.73_9.74_9.75_,305_242_222_291_929_,9.70_9.69_9.68_9.67_9.66_,24_169_272_295_486_
12:10:12,9.71,20,15831,9.71_9.72_9.73_9.74_9.75_,285_242_222_291_929_,9.70_9.69_9.68_9.67_9.66_,23_169_272_295_486_
12:10:17,9.70,73,15904,9.70_9.71_9.72_9.73_9.74_,28_206_216_222_291_,9.69_9.68_9.67_9.66_9.65_,171_272_295_486_383_
12:10:22,9.70,1,15905,9.70_9.71_9.72_9.73_9.74_,54_144_189_232_556_,9.69_9.68_9.67_9.66_9.65_,223_278_295_236_633_
12:10:27,9.70,1,15906,9.70_9.71_9.72_9.73_9.74_,81_144_189_232_546_,9.69_9.68_9.67_9.66_9.65_,239_278_295_236_633_
12:10:32,9.70,9,15915,9.70_9.71_9.72_9.73_9.74_,71_144_189_232_546_,9.69_9.68_9.67_9.66_9.65_,240_278_295_236_633_
12:10:37,9.70,9,15915,9.70_9.71_9.72_9.73_9.74_,71_144_189_232_546_,9.69_9.68_9.67_9.66_9.65_,240_278_296_236_633_
12:10:48,9.69,20,15935,9.70_9.71_9.72_9.73_9.74_,72_144_189_232_546_,9.69_9.68_9.67_9.66_9.65_,220_278_296_236_633_
12:10:58,9.69,20,15935,9.70_9.71_9.72_9.73_9.74_,72_144_189_232_546_,9.69_9.68_9.67_9.66_9.65_,220_288_296_236_633_
12:11:13,9.69,10,15945,9.70_9.71_9.72_9.73_9.74_,72_144_189_232_546_,9.69_9.68_9.67_9.66_9.65_,218_288_296_236_633_
12:11:24,9.70,2,15947,9.70_9.71_9.72_9.73_9.74_,70_144_189_232_556_,9.69_9.68_9.67_9.66_9.65_,220_288_296_236_633_
12:11:34,9.70,50,15997,9.70_9.71_9.72_9.73_9.74_,21_144_189_232_556_,9.69_9.68_9.67_9.66_9.65_,220_288_296_236_633_
12:11:39,9.70,34,16031,9.71_9.72_9.73_9.74_9.75_,144_189_232_556_730_,9.70_9.69_9.68_9.67_9.66_,16_221_288_296_236_
12:11:44,9.70,28,16059,9.71_9.72_9.73_9.74_9.75_,144_189_232_319_967_,9.70_9.69_9.68_9.67_9.66_,29_148_282_295_486_
12:11:49,9.70,1,16060,9.71_9.72_9.73_9.74_9.75_,165_217_232_291_929_,9.70_9.69_9.68_9.67_9.66_,34_148_282_295_486_
12:11:54,9.70,10,16070,9.71_9.72_9.73_9.74_9.75_,166_217_232_302_929_,9.70_9.69_9.68_9.67_9.66_,30_148_282_295_486_
12:11:59,9.70,1,16071,9.71_9.72_9.73_9.74_9.75_,166_217_232_302_929_,9.70_9.69_9.68_9.67_9.66_,29_148_282_295_486_
12:12:05,9.70,5,16076,9.71_9.72_9.73_9.74_9.75_,166_217_232_302_929_,9.70_9.69_9.68_9.67_9.66_,24_148_282_295_486_
12:12:10,9.70,1,16077,9.71_9.72_9.73_9.74_9.75_,166_217_232_302_929_,9.70_9.69_9.68_9.67_9.66_,25_146_282_295_486_
12:12:15,9.70,5,16082,9.71_9.72_9.73_9.74_9.75_,166_217_232_302_929_,9.70_9.69_9.68_9.67_9.66_,20_146_282_295_486_
12:12:20,9.70,1,16083,9.71_9.72_9.73_9.74_9.75_,169_217_232_302_929_,9.70_9.69_9.68_9.67_9.66_,21_145_282_295_486_
12:12:25,9.70,5,16088,9.71_9.72_9.73_9.74_9.75_,170_217_232_302_929_,9.70_9.69_9.68_9.67_9.66_,16_145_282_295_486_
12:12:30,9.70,1,16089,9.71_9.72_9.73_9.74_9.75_,170_217_232_302_929_,9.70_9.69_9.68_9.67_9.66_,15_145_282_295_486_
12:12:35,9.70,10,16099,9.71_9.72_9.73_9.74_9.75_,170_217_232_302_929_,9.70_9.69_9.68_9.67_9.66_,5_145_282_295_486_
12:12:41,9.70,2,16101,9.71_9.72_9.73_9.74_9.75_,170_217_232_302_929_,9.70_9.69_9.68_9.67_9.66_,3_145_272_295_486_
12:12:46,9.70,4,16105,9.70_9.71_9.72_9.73_9.74_,6_170_217_232_302_,9.69_9.68_9.67_9.66_9.65_,145_272_295_486_384_
12:12:51,9.70,4,16105,9.70_9.71_9.72_9.73_9.74_,15_168_217_232_539_,9.69_9.68_9.67_9.66_9.65_,228_272_295_236_634_
12:12:56,9.70,1,16106,9.70_9.71_9.72_9.73_9.74_,17_168_217_232_529_,9.69_9.68_9.67_9.66_9.65_,241_272_295_236_634_
12:13:01,9.69,4,16110,9.70_9.71_9.72_9.73_9.74_,17_147_189_232_557_,9.69_9.68_9.67_9.66_9.65_,239_272_295_236_634_
12:13:06,9.70,4,16114,9.70_9.71_9.72_9.73_9.74_,13_147_189_232_557_,9.69_9.68_9.67_9.66_9.65_,239_272_295_236_634_
12:13:11,9.70,9,16123,9.70_9.71_9.72_9.73_9.74_,4_147_189_232_557_,9.69_9.68_9.67_9.66_9.65_,239_272_295_236_634_
12:13:16,9.70,9,16123,9.70_9.71_9.72_9.73_9.74_,8_144_189_232_557_,9.69_9.68_9.67_9.66_9.65_,239_272_295_236_634_
12:13:22,9.70,5,16128,9.70_9.71_9.72_9.73_9.74_,4_144_189_232_557_,9.69_9.68_9.67_9.66_9.65_,240_272_295_236_634_
12:13:27,9.70,2,16130,9.70_9.71_9.72_9.73_9.74_,14_144_189_232_557_,9.69_9.68_9.67_9.66_9.65_,247_272_295_236_634_
12:13:32,9.70,1,16131,9.70_9.71_9.72_9.73_9.74_,13_144_189_232_557_,9.69_9.68_9.67_9.66_9.65_,250_272_295_236_634_
12:13:37,9.70,1,16131,9.70_9.71_9.72_9.73_9.74_,13_144_189_232_557_,9.69_9.68_9.67_9.66_9.65_,251_272_295_236_634_
12:13:42,9.70,16,16147,9.71_9.72_9.73_9.74_9.75_,141_189_232_557_713_,9.70_9.69_9.68_9.67_9.66_,35_251_272_295_236_
12:13:47,9.70,8,16155,9.71_9.72_9.73_9.74_9.75_,141_189_232_319_950_,9.70_9.69_9.68_9.67_9.66_,75_152_272_295_486_
12:13:52,9.70,8,16155,9.71_9.72_9.73_9.74_9.75_,162_217_232_291_929_,9.70_9.69_9.68_9.67_9.66_,64_144_272_295_486_
12:13:58,9.71,6,16161,9.71_9.72_9.73_9.74_9.75_,156_217_232_291_929_,9.70_9.69_9.68_9.67_9.66_,64_144_272_295_486_
12:14:03,9.70,1,16162,9.71_9.72_9.73_9.74_9.75_,156_217_232_301_929_,9.70_9.69_9.68_9.67_9.66_,64_143_272_295_486_
12:14:08,9.71,1,16163,9.71_9.72_9.73_9.74_9.75_,156_217_232_302_929_,9.70_9.69_9.68_9.67_9.66_,64_143_272_295_486_
12:14:18,9.71,1,16163,9.71_9.72_9.73_9.74_9.75_,166_217_232_302_929_,9.70_9.69_9.68_9.67_9.66_,64_143_272_295_486_
12:14:23,9.71,1,16163,9.71_9.72_9.73_9.74_9.75_,166_217_232_302_929_,9.70_9.69_9.68_9.67_9.66_,66_143_272_295_486_
12:14:28,9.70,1,16164,9.71_9.72_9.73_9.74_9.75_,167_217_232_302_929_,9.70_9.69_9.68_9.67_9.66_,65_143_272_295_486_
12:14:34,9.70,25,16189,9.71_9.72_9.73_9.74_9.75_,168_217_232_302_929_,9.70_9.69_9.68_9.67_9.66_,40_143_272_295_486_
12:14:39,9.70,5,16194,9.71_9.72_9.73_9.74_9.75_,168_217_232_302_929_,9.70_9.69_9.68_9.67_9.66_,35_143_272_295_486_
12:14:44,9.71,4,16198,9.71_9.72_9.73_9.74_9.75_,164_217_232_302_929_,9.70_9.69_9.68_9.67_9.66_,36_142_272_295_486_
12:14:54,9.71,4,16198,9.71_9.72_9.73_9.74_9.75_,184_217_232_302_929_,9.70_9.69_9.68_9.67_9.66_,136_142_272_295_486_
12:14:59,9.70,80,16278,9.71_9.72_9.73_9.74_9.75_,185_217_232_302_929_,9.70_9.69_9.68_9.67_9.66_,79_142_272_295_486_
12:15:04,9.70,15,16293,9.71_9.72_9.73_9.74_9.75_,185_217_232_302_929_,9.70_9.69_9.68_9.67_9.66_,70_142_272_295_486_
12:15:09,9.70,2,16295,9.71_9.72_9.73_9.74_9.75_,185_217_232_302_929_,9.70_9.69_9.68_9.67_9.66_,76_143_272_295_486_
12:15:15,9.70,7,16302,9.71_9.72_9.73_9.74_9.75_,185_217_232_302_929_,9.70_9.69_9.68_9.67_9.66_,69_143_272_295_486_
12:15:20,9.70,21,16323,9.71_9.72_9.73_9.74_9.75_,185_217_232_302_929_,9.70_9.69_9.68_9.67_9.66_,49_143_272_295_486_
12:15:25,9.70,4,16327,9.71_9.72_9.73_9.74_9.75_,185_217_232_302_929_,9.70_9.69_9.68_9.67_9.66_,46_143_274_295_486_
12:15:30,9.70,16,16343,9.71_9.72_9.73_9.74_9.75_,219_217_232_302_929_,9.70_9.69_9.68_9.67_9.66_,39_143_274_295_486_
12:15:35,9.70,2,16345,9.71_9.72_9.73_9.74_9.75_,219_216_232_302_929_,9.70_9.69_9.68_9.67_9.66_,39_143_274_295_486_
12:15:40,9.71,1,16346,9.71_9.72_9.73_9.74_9.75_,218_220_232_302_929_,9.70_9.69_9.68_9.67_9.66_,39_143_274_295_486_
12:15:45,9.70,1,16347,9.71_9.72_9.73_9.74_9.75_,218_220_232_302_929_,9.70_9.69_9.68_9.67_9.66_,39_143_274_295_486_
12:15:51,9.70,3,16350,9.71_9.72_9.73_9.74_9.75_,218_220_242_302_929_,9.70_9.69_9.68_9.67_9.66_,36_143_274_295_486_
12:16:11,9.71,5,16355,9.71_9.72_9.73_9.74_9.75_,213_220_242_302_929_,9.70_9.69_9.68_9.67_9.66_,36_143_274_295_486_
12:16:16,9.70,1,16356,9.71_9.72_9.73_9.74_9.75_,213_220_242_302_929_,9.70_9.69_9.68_9.67_9.66_,34_143_274_295_486_
12:16:21,9.70,1,16356,9.71_9.72_9.73_9.74_9.75_,214_220_242_302_929_,9.70_9.69_9.68_9.67_9.66_,34_143_274_295_486_
12:16:27,9.70,1,16357,9.71_9.72_9.73_9.74_9.75_,206_220_242_302_929_,9.70_9.69_9.68_9.67_9.66_,34_143_274_295_486_
12:16:32,9.70,13,16370,9.71_9.72_9.73_9.74_9.75_,207_221_242_302_929_,9.70_9.69_9.68_9.67_9.66_,21_143_274_295_486_
12:16:37,9.70,2,16372,9.71_9.72_9.73_9.74_9.75_,212_221_242_302_929_,9.70_9.69_9.68_9.67_9.66_,23_143_274_295_486_
12:16:42,9.70,11,16383,9.71_9.72_9.73_9.74_9.75_,212_220_242_302_929_,9.70_9.69_9.68_9.67_9.66_,14_148_274_295_486_
12:16:47,9.70,5,16388,9.71_9.72_9.73_9.74_9.75_,213_220_242_302_929_,9.70_9.69_9.68_9.67_9.66_,18_147_272_295_486_
12:16:52,9.70,1,16389,9.71_9.72_9.73_9.74_9.75_,213_220_242_302_929_,9.70_9.69_9.68_9.67_9.66_,17_147_272_295_486_
12:16:57,9.70,1,16389,9.71_9.72_9.73_9.74_9.75_,214_220_242_302_929_,9.70_9.69_9.68_9.67_9.66_,18_147_272_295_486_
12:17:13,9.70,1,16390,9.71_9.72_9.73_9.74_9.75_,214_220_242_302_929_,9.70_9.69_9.68_9.67_9.66_,17_147_272_295_486_
12:17:18,9.70,5,16395,9.71_9.72_9.73_9.74_9.75_,214_220_242_302_929_,9.70_9.69_9.68_9.67_9.66_,17_147_272_295_486_
12:17:23,9.70,2,16397,9.71_9.72_9.73_9.74_9.75_,214_220_242_302_929_,9.70_9.69_9.68_9.67_9.66_,19_147_272_295_486_
12:17:28,9.70,10,16407,9.71_9.72_9.73_9.74_9.75_,213_220_242_302_929_,9.70_9.69_9.68_9.67_9.66_,110_148_272_295_486_
12:17:33,9.70,2,16409,9.71_9.72_9.73_9.74_9.75_,212_220_242_302_929_,9.70_9.69_9.68_9.67_9.66_,153_147_272_295_486_
12:17:38,9.70,2,16409,9.71_9.72_9.73_9.74_9.75_,212_220_242_302_929_,9.70_9.69_9.68_9.67_9.66_,156_147_272_295_486_
12:17:44,9.71,4,16413,9.71_9.72_9.73_9.74_9.75_,208_220_242_302_929_,9.70_9.69_9.68_9.67_9.66_,156_147_272_295_486_
12:17:49,9.70,1,16414,9.71_9.72_9.73_9.74_9.75_,208_220_242_302_929_,9.70_9.69_9.68_9.67_9.66_,155_147_272_295_486_
12:17:54,9.70,1,16414,9.71_9.72_9.73_9.74_9.75_,208_220_242_302_929_,9.70_9.69_9.68_9.67_9.66_,159_147_272_295_486_
12:17:59,9.70,1,16414,9.71_9.72_9.73_9.74_9.75_,208_220_242_302_929_,9.70_9.69_9.68_9.67_9.66_,160_147_272_295_486_
12:18:04,9.70,1,16414,9.71_9.72_9.73_9.74_9.75_,208_220_242_302_929_,9.70_9.69_9.68_9.67_9.66_,160_152_272_295_486_
12:18:09,9.70,11,16425,9.71_9.72_9.73_9.74_9.75_,208_220_242_302_929_,9.70_9.69_9.68_9.67_9.66_,156_152_272_295_486_
12:18:14,9.70,2,16427,9.71_9.72_9.73_9.74_9.75_,208_220_242_302_929_,9.70_9.69_9.68_9.67_9.66_,157_152_272_295_486_
12:18:20,9.70,2,16427,9.71_9.72_9.73_9.74_9.75_,208_220_242_302_929_,9.70_9.69_9.68_9.67_9.66_,157_153_272_295_486_
12:18:25,9.70,6,16433,9.71_9.72_9.73_9.74_9.75_,208_220_242_302_929_,9.70_9.69_9.68_9.67_9.66_,182_153_272_295_486_
12:18:30,9.70,1,16434,9.71_9.72_9.73_9.74_9.75_,208_220_242_302_929_,9.70_9.69_9.68_9.67_9.66_,192_153_272_295_486_
12:18:35,9.70,7,16441,9.71_9.72_9.73_9.74_9.75_,208_220_242_302_929_,9.70_9.69_9.68_9.67_9.66_,186_153_272_295_486_
12:18:40,9.70,12,16453,9.71_9.72_9.73_9.74_9.75_,209_220_242_302_929_,9.70_9.69_9.68_9.67_9.66_,174_153_273_295_486_
12:18:45,9.70,2,16455,9.71_9.72_9.73_9.74_9.75_,209_220_242_302_929_,9.70_9.69_9.68_9.67_9.66_,172_153_273_295_486_
12:18:55,9.70,2,16455,9.71_9.72_9.73_9.74_9.75_,209_220_242_302_929_,9.70_9.69_9.68_9.67_9.66_,146_153_273_295_486_
12:19:11,9.71,4,16459,9.71_9.72_9.73_9.74_9.75_,205_220_242_302_929_,9.70_9.69_9.68_9.67_9.66_,146_153_273_295_486_
12:19:16,9.70,1,16460,9.71_9.72_9.73_9.74_9.75_,205_220_242_302_929_,9.70_9.69_9.68_9.67_9.66_,145_153_273_295_486_
12:19:21,9.70,6,16466,9.71_9.72_9.73_9.74_9.75_,205_220_242_302_929_,9.70_9.69_9.68_9.67_9.66_,139_153_273_295_486_
12:19:26,9.70,2,16468,9.71_9.72_9.73_9.74_9.75_,206_220_242_302_929_,9.70_9.69_9.68_9.67_9.66_,138_153_273_295_486_
12:19:31,9.70,1,16469,9.71_9.72_9.73_9.74_9.75_,206_220_242_302_929_,9.70_9.69_9.68_9.67_9.66_,137_153_273_295_486_
12:19:37,9.70,1,16469,9.71_9.72_9.73_9.74_9.75_,206_220_242_302_929_,9.70_9.69_9.68_9.67_9.66_,76_153_273_295_486_
12:19:42,9.70,1,16469,9.71_9.72_9.73_9.74_9.75_,206_220_242_302_929_,9.70_9.69_9.68_9.67_9.66_,75_153_273_295_486_
12:19:47,9.70,14,16483,9.71_9.72_9.73_9.74_9.75_,206_220_242_302_929_,9.70_9.69_9.68_9.67_9.66_,61_153_273_295_486_
12:19:52,9.70,2,16485,9.71_9.72_9.73_9.74_9.75_,215_220_242_302_929_,9.70_9.69_9.68_9.67_9.66_,70_153_273_295_486_
12:19:57,9.70,2,16487,9.71_9.72_9.73_9.74_9.75_,215_220_242_302_929_,9.70_9.69_9.68_9.67_9.66_,68_153_273_295_486_
12:20:02,9.70,1,16488,9.71_9.72_9.73_9.74_9.75_,214_220_242_302_929_,9.70_9.69_9.68_9.67_9.66_,68_153_273_295_486_
12:20:28,9.70,1,16488,9.71_9.72_9.73_9.74_9.75_,215_220_242_302_929_,9.70_9.69_9.68_9.67_9.66_,70_153_273_295_486_
12:20:33,9.70,2,16490,9.71_9.72_9.73_9.74_9.75_,215_220_242_302_929_,9.70_9.69_9.68_9.67_9.66_,68_153_273_295_486_
12:20:38,9.71,4,16494,9.71_9.72_9.73_9.74_9.75_,213_220_242_302_929_,9.70_9.69_9.68_9.67_9.66_,68_153_273_295_486_
12:20:43,9.70,1,16495,9.71_9.72_9.73_9.74_9.75_,214_220_242_302_929_,9.70_9.69_9.68_9.67_9.66_,67_153_273_295_486_
12:20:59,9.70,1,16495,9.71_9.72_9.73_9.74_9.75_,215_220_242_302_929_,9.70_9.69_9.68_9.67_9.66_,67_153_273_295_486_
12:21:04,9.70,1,16495,9.71_9.72_9.73_9.74_9.75_,215_220_242_302_929_,9.70_9.69_9.68_9.67_9.66_,69_153_273_295_486_
12:21:09,9.71,4,16499,9.71_9.72_9.73_9.74_9.75_,211_220_242_302_929_,9.70_9.69_9.68_9.67_9.66_,76_153_273_295_486_
12:21:14,9.70,1,16500,9.71_9.72_9.73_9.74_9.75_,211_220_242_302_929_,9.70_9.69_9.68_9.67_9.66_,75_153_273_295_486_
12:21:19,9.70,1,16500,9.71_9.72_9.73_9.74_9.75_,212_220_242_302_929_,9.70_9.69_9.68_9.67_9.66_,73_153_273_295_486_
12:21:24,9.70,1,16500,9.71_9.72_9.73_9.74_9.75_,211_220_242_302_929_,9.70_9.69_9.68_9.67_9.66_,74_153_273_295_486_
12:21:30,9.70,1,16500,9.71_9.72_9.73_9.74_9.75_,211_220_242_302_929_,9.70_9.69_9.68_9.67_9.66_,78_153_273_295_486_
12:21:40,9.70,2,16502,9.71_9.72_9.73_9.74_9.75_,211_220_242_302_929_,9.70_9.69_9.68_9.67_9.66_,77_153_273_295_486_
12:21:45,9.71,4,16506,9.71_9.72_9.73_9.74_9.75_,207_220_242_302_929_,9.70_9.69_9.68_9.67_9.66_,77_153_273_295_486_
12:21:50,9.70,21,16527,9.71_9.72_9.73_9.74_9.75_,206_220_242_302_929_,9.70_9.69_9.68_9.67_9.66_,59_153_273_295_486_
12:21:55,9.71,10,16537,9.71_9.72_9.73_9.74_9.75_,199_220_242_302_929_,9.70_9.69_9.68_9.67_9.66_,69_152_272_295_486_
12:22:00,9.70,1,16538,9.71_9.72_9.73_9.74_9.75_,199_220_242_302_929_,9.70_9.69_9.68_9.67_9.66_,69_153_272_295_486_
12:22:05,9.71,3,16541,9.71_9.72_9.73_9.74_9.75_,196_220_242_302_929_,9.70_9.69_9.68_9.67_9.66_,69_153_272_295_486_
12:22:11,9.71,5,16546,9.71_9.72_9.73_9.74_9.75_,192_220_242_307_929_,9.70_9.69_9.68_9.67_9.66_,69_153_272_295_486_
12:22:16,9.70,1,16547,9.71_9.72_9.73_9.74_9.75_,192_220_242_307_929_,9.70_9.69_9.68_9.67_9.66_,68_153_272_295_486_
12:22:21,9.70,17,16564,9.71_9.72_9.73_9.74_9.75_,193_220_242_307_929_,9.70_9.69_9.68_9.67_9.66_,51_153_273_295_486_
12:22:26,9.71,6,16570,9.71_9.72_9.73_9.74_9.75_,191_220_242_307_929_,9.70_9.69_9.68_9.67_9.66_,53_153_273_295_486_
12:22:36,9.71,6,16570,9.71_9.72_9.73_9.74_9.75_,192_220_242_307_929_,9.70_9.69_9.68_9.67_9.66_,53_153_273_295_486_
12:22:47,9.71,6,16570,9.71_9.72_9.73_9.74_9.75_,193_220_242_307_929_,9.70_9.69_9.68_9.67_9.66_,55_153_273_295_486_
12:22:52,9.71,6,16570,9.71_9.72_9.73_9.74_9.75_,193_220_242_307_929_,9.70_9.69_9.68_9.67_9.66_,56_153_273_295_486_
12:23:12,9.70,28,16598,9.71_9.72_9.73_9.74_9.75_,193_220_242_307_929_,9.70_9.69_9.68_9.67_9.66_,28_153_273_295_486_
12:23:17,9.70,5,16603,9.71_9.72_9.73_9.74_9.75_,193_220_242_307_929_,9.70_9.69_9.68_9.67_9.66_,25_153_273_295_486_
12:23:22,9.70,6,16609,9.71_9.72_9.73_9.74_9.75_,193_220_242_307_929_,9.70_9.69_9.68_9.67_9.66_,23_153_273_295_486_
12:23:28,9.70,1,16610,9.71_9.72_9.73_9.74_9.75_,193_220_242_307_929_,9.70_9.69_9.68_9.67_9.66_,23_153_273_295_486_
12:23:43,9.70,16,16626,9.71_9.72_9.73_9.74_9.75_,198_220_242_307_929_,9.70_9.69_9.68_9.67_9.66_,11_153_273_295_486_
12:23:48,9.71,8,16634,9.71_9.72_9.73_9.74_9.75_,193_220_242_307_929_,9.70_9.69_9.68_9.67_9.66_,20_152_272_295_486_
12:23:53,9.70,1,16635,9.71_9.72_9.73_9.74_9.75_,194_220_242_307_929_,9.70_9.69_9.68_9.67_9.66_,19_152_272_295_486_
12:23:58,9.71,1,16636,9.71_9.72_9.73_9.74_9.75_,193_220_242_307_929_,9.70_9.69_9.68_9.67_9.66_,19_152_272_295_486_
12:24:03,9.70,2,16638,9.71_9.72_9.73_9.74_9.75_,193_220_242_307_929_,9.70_9.69_9.68_9.67_9.66_,24_152_272_295_486_
12:24:09,9.70,2,16638,9.71_9.72_9.73_9.74_9.75_,193_220_242_307_929_,9.70_9.69_9.68_9.67_9.66_,25_152_272_295_486_
12:24:14,9.70,2,16638,9.71_9.72_9.73_9.74_9.75_,193_220_242_307_929_,9.70_9.69_9.68_9.67_9.66_,27_152_272_295_486_
12:24:19,9.70,10,16648,9.71_9.72_9.73_9.74_9.75_,193_220_242_307_929_,9.70_9.69_9.68_9.67_9.66_,18_152_272_295_486_
12:24:24,9.71,4,16652,9.71_9.72_9.73_9.74_9.75_,191_220_242_307_929_,9.70_9.69_9.68_9.67_9.66_,26_153_272_295_486_
12:24:29,9.70,20,16672,9.71_9.72_9.73_9.74_9.75_,191_220_242_307_929_,9.70_9.69_9.68_9.67_9.66_,8_153_272_295_486_
12:24:34,9.70,5,16677,9.71_9.72_9.73_9.74_9.75_,193_220_242_307_929_,9.70_9.69_9.68_9.67_9.66_,6_152_272_295_486_
12:24:39,9.70,1,16678,9.71_9.72_9.73_9.74_9.75_,194_220_242_307_929_,9.70_9.69_9.68_9.67_9.66_,5_152_272_295_486_
12:24:55,9.69,23,16701,9.71_9.72_9.73_9.74_9.75_,194_220_242_307_929_,9.69_9.68_9.67_9.66_9.65_,134_272_295_486_385_
12:25:00,9.70,7,16708,9.70_9.71_9.72_9.73_9.74_,2_191_215_242_307_,9.69_9.68_9.67_9.66_9.65_,181_272_295_255_616_
12:25:05,9.69,10,16718,9.70_9.71_9.72_9.73_9.74_,21_160_187_242_540_,9.69_9.68_9.67_9.66_9.65_,173_272_295_236_635_
12:25:10,9.70,4,16722,9.70_9.71_9.72_9.73_9.74_,23_160_182_242_540_,9.69_9.68_9.67_9.66_9.65_,173_273_295_236_635_
12:25:15,9.70,4,16722,9.70_9.71_9.72_9.73_9.74_,25_165_182_242_540_,9.69_9.68_9.67_9.66_9.65_,173_273_296_236_635_
12:25:20,9.69,9,16731,9.70_9.71_9.72_9.73_9.74_,25_165_182_242_540_,9.69_9.68_9.67_9.66_9.65_,164_273_296_236_635_
12:25:26,9.69,9,16731,9.70_9.71_9.72_9.73_9.74_,25_165_182_242_540_,9.69_9.68_9.67_9.66_9.65_,167_274_296_236_635_
12:25:36,9.69,12,16743,9.70_9.71_9.72_9.73_9.74_,25_165_182_242_540_,9.69_9.68_9.67_9.66_9.65_,155_274_296_236_635_
12:25:41,9.70,6,16749,9.70_9.71_9.72_9.73_9.74_,19_165_182_242_540_,9.69_9.68_9.67_9.66_9.65_,155_274_296_236_635_
12:25:46,9.70,6,16749,9.70_9.71_9.72_9.73_9.74_,20_165_182_242_540_,9.69_9.68_9.67_9.66_9.65_,155_274_296_236_635_
12:26:01,9.70,6,16749,9.70_9.71_9.72_9.73_9.74_,21_165_182_242_540_,9.69_9.68_9.67_9.66_9.65_,155_274_296_236_635_
12:26:07,9.70,6,16749,9.70_9.71_9.72_9.73_9.74_,21_165_182_242_540_,9.69_9.68_9.67_9.66_9.65_,161_274_296_236_635_
12:26:17,9.70,3,16752,9.70_9.71_9.72_9.73_9.74_,18_165_182_242_540_,9.69_9.68_9.67_9.66_9.65_,161_274_296_236_635_
12:26:22,9.70,3,16752,9.70_9.71_9.72_9.73_9.74_,18_165_182_242_540_,9.69_9.68_9.67_9.66_9.65_,194_274_296_236_635_
12:26:27,9.70,5,16757,9.70_9.71_9.72_9.73_9.74_,13_165_182_242_540_,9.69_9.68_9.67_9.66_9.65_,200_274_296_236_635_
12:26:32,9.70,3,16760,9.70_9.71_9.72_9.73_9.74_,11_165_182_242_540_,9.69_9.68_9.67_9.66_9.65_,201_274_296_236_635_
12:26:37,9.70,3,16760,9.70_9.71_9.72_9.73_9.74_,22_165_182_242_540_,9.69_9.68_9.67_9.66_9.65_,201_274_296_236_635_
12:26:43,9.70,5,16765,9.70_9.71_9.72_9.73_9.74_,17_165_182_242_540_,9.69_9.68_9.67_9.66_9.65_,201_274_296_236_635_
12:26:48,9.70,5,16765,9.70_9.71_9.72_9.73_9.74_,18_165_182_242_540_,9.69_9.68_9.67_9.66_9.65_,201_274_296_236_635_
12:26:53,9.70,5,16765,9.70_9.71_9.72_9.73_9.74_,18_169_182_242_540_,9.69_9.68_9.67_9.66_9.65_,201_274_296_236_635_
12:26:58,9.70,1,16766,9.70_9.71_9.72_9.73_9.74_,16_169_182_242_540_,9.69_9.68_9.67_9.66_9.65_,201_274_296_236_635_
12:27:03,9.70,1,16766,9.70_9.71_9.72_9.73_9.74_,18_169_182_242_540_,9.69_9.68_9.67_9.66_9.65_,201_274_296_236_635_
12:27:24,9.70,1,16766,9.70_9.71_9.72_9.73_9.74_,18_169_182_242_540_,9.69_9.68_9.67_9.66_9.65_,209_274_296_236_635_
12:27:29,9.70,2,16768,9.70_9.71_9.72_9.73_9.74_,16_169_182_242_540_,9.69_9.68_9.67_9.66_9.65_,212_274_296_236_635_
12:27:34,9.70,2,16768,9.70_9.71_9.72_9.73_9.74_,16_169_182_242_540_,9.69_9.68_9.67_9.66_9.65_,213_274_296_236_635_
12:27:39,9.70,1,16769,9.70_9.71_9.72_9.73_9.74_,15_169_182_242_540_,9.69_9.68_9.67_9.66_9.65_,213_274_296_236_635_
12:28:05,9.69,10,16779,9.70_9.71_9.72_9.73_9.74_,16_169_182_242_540_,9.69_9.68_9.67_9.66_9.65_,203_274_296_236_635_
12:28:10,9.70,7,16786,9.70_9.71_9.72_9.73_9.74_,9_169_182_242_540_,9.69_9.68_9.67_9.66_9.65_,203_274_296_236_635_
12:28:30,9.69,7,16793,9.70_9.71_9.72_9.73_9.74_,9_169_182_242_540_,9.69_9.68_9.67_9.66_9.65_,197_274_296_236_635_
12:28:41,9.69,6,16799,9.70_9.71_9.72_9.73_9.74_,9_169_182_242_540_,9.69_9.68_9.67_9.66_9.65_,192_274_296_236_635_
12:28:46,9.69,6,16799,9.70_9.71_9.72_9.73_9.74_,25_169_182_242_540_,9.69_9.68_9.67_9.66_9.65_,192_274_296_236_635_
12:28:56,9.69,6,16805,9.70_9.71_9.72_9.73_9.74_,25_169_182_242_540_,9.69_9.68_9.67_9.66_9.65_,186_274_296_236_635_
12:29:01,9.70,1,16806,9.70_9.71_9.72_9.73_9.74_,25_169_182_242_539_,9.69_9.68_9.67_9.66_9.65_,193_274_296_236_635_
12:29:11,9.70,1,16806,9.70_9.71_9.72_9.73_9.74_,26_169_182_242_539_,9.69_9.68_9.67_9.66_9.65_,193_274_296_236_635_
12:29:16,9.70,1,16806,9.70_9.71_9.72_9.73_9.74_,26_169_182_242_539_,9.69_9.68_9.67_9.66_9.65_,191_274_296_236_635_
12:29:22,9.70,1,16806,9.70_9.71_9.72_9.73_9.74_,36_169_182_242_539_,9.69_9.68_9.67_9.66_9.65_,191_274_296_236_635_
12:29:27,9.70,1,16807,9.70_9.71_9.72_9.73_9.74_,45_169_182_242_539_,9.69_9.68_9.67_9.66_9.65_,191_274_296_236_635_
12:29:32,9.70,13,16820,9.70_9.71_9.72_9.73_9.74_,32_169_182_242_539_,9.69_9.68_9.67_9.66_9.65_,192_274_296_236_635_
12:29:37,9.69,1,16821,9.70_9.71_9.72_9.73_9.74_,44_169_182_242_539_,9.69_9.68_9.67_9.66_9.65_,191_274_296_236_635_
12:29:42,9.70,4,16825,9.70_9.71_9.72_9.73_9.74_,40_169_182_242_539_,9.69_9.68_9.67_9.66_9.65_,191_274_296_236_635_
12:29:47,9.70,1,16826,9.70_9.71_9.72_9.73_9.74_,40_169_182_242_539_,9.69_9.68_9.67_9.66_9.65_,191_274_296_236_635_
12:30:08,9.70,1,16826,9.70_9.71_9.72_9.73_9.74_,40_169_182_242_539_,9.69_9.68_9.67_9.66_9.65_,193_274_296_236_635_
12:30:23,9.70,1,16826,9.70_9.71_9.72_9.73_9.74_,41_169_182_242_539_,9.69_9.68_9.67_9.66_9.65_,193_274_296_236_635_
12:30:28,9.70,3,16829,9.70_9.71_9.72_9.73_9.74_,38_169_182_242_539_,9.69_9.68_9.67_9.66_9.65_,193_274_296_236_635_
12:30:33,9.70,2,16831,9.70_9.71_9.72_9.73_9.74_,36_169_182_242_539_,9.69_9.68_9.67_9.66_9.65_,191_274_296_236_635_
12:30:44,9.70,2,16831,9.70_9.71_9.72_9.73_9.74_,37_169_182_242_539_,9.69_9.68_9.67_9.66_9.65_,191_274_296_236_635_
12:30:49,9.70,1,16832,9.70_9.71_9.72_9.73_9.74_,36_169_182_242_539_,9.69_9.68_9.67_9.66_9.65_,199_274_296_236_635_
12:30:54,9.70,1,16832,9.70_9.71_9.72_9.73_9.74_,37_169_182_242_539_,9.69_9.68_9.67_9.66_9.65_,199_274_296_236_635_
12:31:09,9.70,5,16837,9.70_9.71_9.72_9.73_9.74_,37_169_182_242_539_,9.69_9.68_9.67_9.66_9.65_,200_274_296_236_635_
12:31:14,9.70,1,16838,9.70_9.71_9.72_9.73_9.74_,36_179_182_242_539_,9.69_9.68_9.67_9.66_9.65_,199_274_296_236_635_
12:31:20,9.69,52,16890,9.70_9.71_9.72_9.73_9.74_,36_179_182_242_539_,9.69_9.68_9.67_9.66_9.65_,147_274_296_236_635_
12:31:25,9.70,7,16897,9.70_9.71_9.72_9.73_9.74_,32_179_182_242_539_,9.69_9.68_9.67_9.66_9.65_,147_274_296_236_635_
12:31:30,9.70,7,16897,9.70_9.71_9.72_9.73_9.74_,33_179_182_242_539_,9.69_9.68_9.67_9.66_9.65_,148_274_296_236_635_
12:31:35,9.69,31,16928,9.70_9.71_9.72_9.73_9.74_,33_179_182_242_539_,9.69_9.68_9.67_9.66_9.65_,117_274_296_236_635_
12:31:40,9.70,8,16936,9.70_9.71_9.72_9.73_9.74_,25_179_182_242_539_,9.69_9.68_9.67_9.66_9.65_,117_274_296_236_635_
12:31:45,9.69,8,16944,9.70_9.71_9.72_9.73_9.74_,25_179_182_242_539_,9.69_9.68_9.67_9.66_9.65_,109_274_296_236_635_
12:31:50,9.69,8,16944,9.70_9.71_9.72_9.73_9.74_,35_179_182_242_539_,9.69_9.68_9.67_9.66_9.65_,109_274_296_236_635_
12:32:06,9.69,8,16944,9.70_9.71_9.72_9.73_9.74_,36_179_182_260_540_,9.69_9.68_9.67_9.66_9.65_,109_274_296_236_635_
12:32:11,9.70,1,16945,9.70_9.71_9.72_9.73_9.74_,38_179_182_260_540_,9.69_9.68_9.67_9.66_9.65_,106_274_296_236_635_
12:32:26,9.70,1,16945,9.70_9.71_9.72_9.73_9.74_,41_179_182_260_540_,9.69_9.68_9.67_9.66_9.65_,107_274_296_236_635_
12:32:31,9.69,10,16955,9.70_9.71_9.72_9.73_9.74_,45_179_182_265_540_,9.69_9.68_9.67_9.66_9.65_,105_274_296_236_635_
12:32:36,9.70,3,16958,9.70_9.71_9.72_9.73_9.74_,42_179_182_265_540_,9.69_9.68_9.67_9.66_9.65_,108_274_296_236_635_
12:32:41,9.70,5,16963,9.70_9.71_9.72_9.73_9.74_,37_179_182_265_540_,9.69_9.68_9.67_9.66_9.65_,108_274_296_236_635_
12:32:47,9.69,35,16998,9.70_9.71_9.72_9.73_9.74_,42_179_182_265_540_,9.69_9.68_9.67_9.66_9.65_,73_274_296_236_635_
12:32:52,9.70,4,17002,9.70_9.71_9.72_9.73_9.74_,38_179_182_265_540_,9.69_9.68_9.67_9.66_9.65_,91_273_295_236_635_
12:32:57,9.70,4,17002,9.70_9.71_9.72_9.73_9.74_,38_179_182_265_540_,9.69_9.68_9.67_9.66_9.65_,95_273_295_236_635_
12:33:02,9.70,2,17004,9.70_9.71_9.72_9.73_9.74_,37_179_182_277_540_,9.69_9.68_9.67_9.66_9.65_,95_273_295_236_635_
12:33:07,9.70,1,17005,9.70_9.71_9.72_9.73_9.74_,47_179_182_277_540_,9.69_9.68_9.67_9.66_9.65_,94_273_295_236_635_
12:33:12,9.70,1,17005,9.70_9.71_9.72_9.73_9.74_,47_177_182_277_540_,9.69_9.68_9.67_9.66_9.65_,94_273_295_236_635_
12:33:17,9.70,1,17006,9.70_9.71_9.72_9.73_9.74_,46_177_182_277_540_,9.69_9.68_9.67_9.66_9.65_,94_273_295_236_635_
12:33:22,9.70,1,17006,9.70_9.71_9.72_9.73_9.74_,47_177_182_277_540_,9.69_9.68_9.67_9.66_9.65_,94_273_295_236_635_
12:33:28,9.70,1,17006,9.70_9.71_9.72_9.73_9.74_,47_177_182_277_540_,9.69_9.68_9.67_9.66_9.65_,96_273_295_236_635_
12:33:33,9.70,1,17006,9.70_9.71_9.72_9.73_9.74_,88_177_182_277_540_,9.69_9.68_9.67_9.66_9.65_,97_273_295_236_635_
12:33:38,9.70,1,17006,9.70_9.71_9.72_9.73_9.74_,90_176_182_277_540_,9.69_9.68_9.67_9.66_9.65_,97_273_295_236_635_
12:33:43,9.69,1,17007,9.70_9.71_9.72_9.73_9.74_,90_176_182_277_540_,9.69_9.68_9.67_9.66_9.65_,96_273_295_236_635_
12:33:48,9.69,1,17007,9.70_9.71_9.72_9.73_9.74_,92_176_182_277_540_,9.69_9.68_9.67_9.66_9.65_,66_273_295_236_635_
12:33:53,9.70,10,17017,9.70_9.71_9.72_9.73_9.74_,84_176_182_277_540_,9.69_9.68_9.67_9.66_9.65_,89_273_295_236_635_
12:34:03,9.69,10,17027,9.70_9.71_9.72_9.73_9.74_,84_176_182_277_540_,9.69_9.68_9.67_9.66_9.65_,79_273_295_236_635_
12:34:09,9.70,7,17034,9.70_9.71_9.72_9.73_9.74_,78_176_182_277_540_,9.69_9.68_9.67_9.66_9.65_,84_273_295_236_635_
12:34:14,9.69,5,17039,9.70_9.71_9.72_9.73_9.74_,78_176_182_277_540_,9.69_9.68_9.67_9.66_9.65_,82_273_295_236_635_
12:34:19,9.69,5,17039,9.70_9.71_9.72_9.73_9.74_,79_176_182_277_540_,9.69_9.68_9.67_9.66_9.65_,83_273_295_236_635_
12:34:24,9.69,5,17039,9.70_9.71_9.72_9.73_9.74_,79_176_182_277_540_,9.69_9.68_9.67_9.66_9.65_,63_273_295_236_635_
12:34:29,9.70,2,17041,9.70_9.71_9.72_9.73_9.74_,97_176_182_277_540_,9.69_9.68_9.67_9.66_9.65_,66_273_295_236_635_
12:34:34,9.70,1,17042,9.70_9.71_9.72_9.73_9.74_,96_176_182_277_540_,9.69_9.68_9.67_9.66_9.65_,65_273_295_236_635_
12:34:39,9.69,1,17043,9.70_9.71_9.72_9.73_9.74_,96_176_182_277_540_,9.69_9.68_9.67_9.66_9.65_,64_273_295_236_635_
12:34:44,9.69,1,17043,9.70_9.71_9.72_9.73_9.74_,97_176_182_277_540_,9.69_9.68_9.67_9.66_9.65_,64_273_295_236_635_
12:34:49,9.69,1,17043,9.70_9.71_9.72_9.73_9.74_,101_176_182_277_540_,9.69_9.68_9.67_9.66_9.65_,64_273_295_236_635_
12:34:55,9.69,20,17063,9.70_9.71_9.72_9.73_9.74_,101_176_182_277_540_,9.69_9.68_9.67_9.66_9.65_,44_273_295_236_635_
12:35:00,9.69,7,17070,9.70_9.71_9.72_9.73_9.74_,97_176_182_277_540_,9.69_9.68_9.67_9.66_9.65_,41_273_295_236_635_
12:35:05,9.69,7,17070,9.70_9.71_9.72_9.73_9.74_,97_176_188_277_534_,9.69_9.68_9.67_9.66_9.65_,41_273_295_236_635_
12:35:15,9.69,5,17075,9.70_9.71_9.72_9.73_9.74_,98_176_188_277_534_,9.69_9.68_9.67_9.66_9.65_,36_273_295_236_635_
12:35:20,9.69,5,17075,9.70_9.71_9.72_9.73_9.74_,98_176_188_277_534_,9.69_9.68_9.67_9.66_9.65_,37_273_295_237_635_
12:35:25,9.69,3,17078,9.70_9.71_9.72_9.73_9.74_,103_176_188_277_534_,9.69_9.68_9.67_9.66_9.65_,34_273_295_237_635_
12:35:30,9.69,4,17082,9.70_9.71_9.72_9.73_9.74_,103_176_188_277_534_,9.69_9.68_9.67_9.66_9.65_,31_273_295_237_635_
12:35:41,9.70,5,17087,9.70_9.71_9.72_9.73_9.74_,98_176_188_277_534_,9.69_9.68_9.67_9.66_9.65_,31_273_295_237_635_
12:35:46,9.70,1,17088,9.70_9.71_9.72_9.73_9.74_,98_176_188_277_534_,9.69_9.68_9.67_9.66_9.65_,31_273_295_237_635_
12:35:56,9.70,1,17088,9.70_9.71_9.72_9.73_9.74_,126_176_188_277_534_,9.69_9.68_9.67_9.66_9.65_,31_273_295_237_635_
12:36:01,9.70,1,17088,9.70_9.71_9.72_9.73_9.74_,127_176_188_277_534_,9.69_9.68_9.67_9.66_9.65_,31_272_295_237_635_
12:36:06,9.69,1,17089,9.70_9.71_9.72_9.73_9.74_,128_176_188_277_534_,9.69_9.68_9.67_9.66_9.65_,30_272_295_237_635_
12:36:12,9.69,1,17089,9.70_9.71_9.72_9.73_9.74_,128_176_188_277_534_,9.69_9.68_9.67_9.66_9.65_,31_272_295_237_635_
12:36:17,9.69,1,17089,9.70_9.71_9.72_9.73_9.74_,129_176_188_277_534_,9.69_9.68_9.67_9.66_9.65_,32_272_295_237_635_
12:36:27,9.69,1,17089,9.70_9.71_9.72_9.73_9.74_,134_176_188_277_534_,9.69_9.68_9.67_9.66_9.65_,33_272_295_237_635_
12:36:32,9.69,5,17094,9.70_9.71_9.72_9.73_9.74_,134_176_188_277_534_,9.69_9.68_9.67_9.66_9.65_,28_272_295_237_635_
12:36:37,9.69,5,17099,9.70_9.71_9.72_9.73_9.74_,134_176_188_277_534_,9.69_9.68_9.67_9.66_9.65_,26_272_295_237_635_
12:36:42,9.69,5,17099,9.70_9.71_9.72_9.73_9.74_,136_176_188_277_534_,9.69_9.68_9.67_9.66_9.65_,36_272_295_237_635_
12:36:48,9.69,5,17099,9.70_9.71_9.72_9.73_9.74_,136_176_188_277_534_,9.69_9.68_9.67_9.66_9.65_,41_272_295_237_635_
12:36:58,9.69,5,17099,9.70_9.71_9.72_9.73_9.74_,136_176_188_277_534_,9.69_9.68_9.67_9.66_9.65_,42_272_295_237_635_
12:37:03,9.70,3,17102,9.70_9.71_9.72_9.73_9.74_,163_176_188_277_534_,9.69_9.68_9.67_9.66_9.65_,43_272_295_237_635_
12:37:08,9.70,4,17106,9.70_9.71_9.72_9.73_9.74_,159_176_188_277_534_,9.69_9.68_9.67_9.66_9.65_,43_272_295_237_635_
12:37:13,9.69,2,17108,9.70_9.71_9.72_9.73_9.74_,159_176_188_277_534_,9.69_9.68_9.67_9.66_9.65_,42_272_295_237_635_
12:37:18,9.69,41,17149,9.70_9.71_9.72_9.73_9.74_,118_176_188_277_534_,9.69_9.68_9.67_9.66_9.65_,2_272_295_237_635_
12:37:23,9.70,5,17154,9.70_9.71_9.72_9.73_9.74_,114_176_188_277_534_,9.69_9.68_9.67_9.66_9.65_,4_272_295_237_635_
12:37:29,9.68,10,17164,9.70_9.71_9.72_9.73_9.74_,115_176_188_277_534_,9.68_9.67_9.66_9.65_9.64_,266_295_237_637_92_
12:37:34,9.68,10,17164,9.70_9.71_9.72_9.73_9.74_,115_176_188_277_534_,9.69_9.68_9.67_9.66_9.65_,2_356_295_237_406_
12:37:39,9.68,10,17164,9.70_9.71_9.72_9.73_9.74_,115_176_188_277_534_,9.69_9.68_9.67_9.66_9.65_,2_266_295_237_637_
12:37:49,9.68,10,17164,9.70_9.71_9.72_9.73_9.74_,116_176_188_277_534_,9.69_9.68_9.67_9.66_9.65_,5_266_295_237_637_
12:37:54,9.69,1,17165,9.70_9.71_9.72_9.73_9.74_,117_176_188_277_534_,9.69_9.68_9.67_9.66_9.65_,5_266_295_237_637_
12:37:59,9.69,1,17165,9.70_9.71_9.72_9.73_9.74_,116_176_188_277_534_,9.69_9.68_9.67_9.66_9.65_,5_266_295_237_637_
12:38:04,9.69,1,17165,9.70_9.71_9.72_9.73_9.74_,115_176_188_277_534_,9.69_9.68_9.67_9.66_9.65_,5_266_295_237_637_
12:38:10,9.69,1,17166,9.70_9.71_9.72_9.73_9.74_,115_176_188_277_534_,9.69_9.68_9.67_9.66_9.65_,4_266_295_237_637_
12:38:15,9.69,1,17166,9.70_9.71_9.72_9.73_9.74_,116_176_188_277_534_,9.69_9.68_9.67_9.66_9.65_,4_266_295_237_637_
12:38:20,9.69,1,17166,9.70_9.71_9.72_9.73_9.74_,116_176_188_277_534_,9.69_9.68_9.67_9.66_9.65_,4_268_295_237_637_
12:38:25,9.69,1,17167,9.70_9.71_9.72_9.73_9.74_,116_176_188_277_534_,9.69_9.68_9.67_9.66_9.65_,4_268_295_237_637_
12:38:30,9.69,1,17167,9.70_9.71_9.72_9.73_9.74_,116_176_188_277_534_,9.69_9.68_9.67_9.66_9.65_,5_268_295_237_637_
12:38:35,9.69,1,17168,9.70_9.71_9.72_9.73_9.74_,117_176_188_277_534_,9.69_9.68_9.67_9.66_9.65_,4_268_295_237_637_
12:38:40,9.70,4,17172,9.70_9.71_9.72_9.73_9.74_,113_176_188_277_534_,9.69_9.68_9.67_9.66_9.65_,4_268_295_237_637_
12:38:50,9.69,4,17176,9.69_9.70_9.71_9.72_9.73_,16_93_176_188_277_,9.68_9.67_9.66_9.65_9.64_,268_295_237_637_92_
12:38:56,9.69,3,17179,9.69_9.70_9.71_9.72_9.73_,33_82_176_188_514_,9.68_9.67_9.66_9.65_9.64_,360_295_237_387_342_
12:39:01,9.69,3,17179,9.69_9.70_9.71_9.72_9.73_,40_82_176_182_454_,9.68_9.67_9.66_9.65_9.64_,361_295_236_387_342_
12:39:06,9.69,3,17179,9.69_9.70_9.71_9.72_9.73_,45_82_176_182_454_,9.68_9.67_9.66_9.65_9.64_,361_295_236_387_342_
12:39:11,9.69,3,17179,9.69_9.70_9.71_9.72_9.73_,51_82_176_182_451_,9.68_9.67_9.66_9.65_9.64_,361_295_236_387_342_
12:39:21,9.69,3,17179,9.69_9.70_9.71_9.72_9.73_,52_82_176_182_451_,9.68_9.67_9.66_9.65_9.64_,359_295_236_387_342_
12:39:32,9.69,3,17179,9.69_9.70_9.71_9.72_9.73_,52_82_176_182_451_,9.68_9.67_9.66_9.65_9.64_,373_295_236_387_342_
12:39:37,9.69,5,17184,9.69_9.70_9.71_9.72_9.73_,47_82_176_182_451_,9.68_9.67_9.66_9.65_9.64_,377_295_236_387_347_
12:39:42,9.69,4,17188,9.69_9.70_9.71_9.72_9.73_,43_82_176_182_451_,9.68_9.67_9.66_9.65_9.64_,378_295_236_387_347_
12:39:47,9.69,5,17193,9.69_9.70_9.71_9.72_9.73_,38_82_176_182_451_,9.68_9.67_9.66_9.65_9.64_,379_295_236_387_347_
12:39:52,9.69,1,17194,9.69_9.70_9.71_9.72_9.73_,37_82_176_182_451_,9.68_9.67_9.66_9.65_9.64_,420_295_236_387_347_
12:39:57,9.69,2,17196,9.69_9.70_9.71_9.72_9.73_,35_82_176_182_451_,9.68_9.67_9.66_9.65_9.64_,434_295_236_387_347_
12:40:07,9.69,6,17203,9.69_9.70_9.71_9.72_9.73_,29_82_176_182_451_,9.68_9.67_9.66_9.65_9.64_,442_295_236_387_347_
12:40:18,9.69,5,17208,9.69_9.70_9.71_9.72_9.73_,24_82_176_182_451_,9.68_9.67_9.66_9.65_9.64_,442_295_236_387_347_
12:40:23,9.68,10,17218,9.69_9.70_9.71_9.72_9.73_,24_82_176_182_451_,9.68_9.67_9.66_9.65_9.64_,435_295_236_387_347_
12:40:28,9.69,3,17221,9.69_9.70_9.71_9.72_9.73_,21_82_176_182_451_,9.68_9.67_9.66_9.65_9.64_,435_295_236_387_347_
12:40:33,9.69,3,17221,9.69_9.70_9.71_9.72_9.73_,42_82_176_182_451_,9.68_9.67_9.66_9.65_9.64_,439_295_236_387_347_
12:40:38,9.68,10,17231,9.69_9.70_9.71_9.72_9.73_,42_82_176_182_451_,9.68_9.67_9.66_9.65_9.64_,429_295_236_387_347_
12:40:48,9.68,10,17231,9.69_9.70_9.71_9.72_9.73_,42_82_171_182_451_,9.68_9.67_9.66_9.65_9.64_,429_295_236_387_347_
12:40:54,9.69,2,17233,9.69_9.70_9.71_9.72_9.73_,46_82_171_182_451_,9.68_9.67_9.66_9.65_9.64_,430_295_236_387_347_
12:40:59,9.69,2,17233,9.69_9.70_9.71_9.72_9.73_,47_82_166_182_451_,9.68_9.67_9.66_9.65_9.64_,430_295_236_387_347_
12:41:04,9.69,2,17235,9.69_9.70_9.71_9.72_9.73_,50_82_166_182_451_,9.68_9.67_9.66_9.65_9.64_,430_295_236_387_347_
12:41:09,9.69,2,17235,9.69_9.70_9.71_9.72_9.73_,50_112_166_182_451_,9.68_9.67_9.66_9.65_9.64_,430_295_236_387_347_
12:41:14,9.69,2,17235,9.69_9.70_9.71_9.72_9.73_,51_112_166_182_451_,9.68_9.67_9.66_9.65_9.64_,430_295_236_387_347_
12:41:19,9.68,2,17237,9.69_9.70_9.71_9.72_9.73_,52_112_166_182_451_,9.68_9.67_9.66_9.65_9.64_,428_295_236_387_347_
12:41:24,9.68,2,17237,9.69_9.70_9.71_9.72_9.73_,53_112_166_182_451_,9.68_9.67_9.66_9.65_9.64_,428_295_236_387_347_
12:41:29,9.68,2,17237,9.69_9.70_9.71_9.72_9.73_,53_112_166_182_451_,9.68_9.67_9.66_9.65_9.64_,430_295_236_387_347_
12:41:34,9.68,6,17243,9.69_9.70_9.71_9.72_9.73_,53_112_166_182_451_,9.68_9.67_9.66_9.65_9.64_,424_295_236_387_347_
12:41:40,9.69,4,17247,9.69_9.70_9.71_9.72_9.73_,49_122_166_182_451_,9.68_9.67_9.66_9.65_9.64_,424_295_236_387_347_
12:41:45,9.69,2,17249,9.69_9.70_9.71_9.72_9.73_,47_222_166_182_451_,9.68_9.67_9.66_9.65_9.64_,425_295_236_387_347_
12:41:50,9.69,5,17254,9.69_9.70_9.71_9.72_9.73_,42_222_166_182_451_,9.68_9.67_9.66_9.65_9.64_,425_295_236_387_347_
12:41:55,9.69,4,17258,9.69_9.70_9.71_9.72_9.73_,39_222_166_182_451_,9.68_9.67_9.66_9.65_9.64_,425_295_236_387_347_
12:42:00,9.69,4,17258,9.69_9.70_9.71_9.72_9.73_,40_222_166_182_451_,9.68_9.67_9.66_9.65_9.64_,427_295_236_387_347_
12:42:15,9.69,4,17258,9.69_9.70_9.71_9.72_9.73_,41_222_166_182_451_,9.68_9.67_9.66_9.65_9.64_,427_295_236_387_347_
12:42:21,9.69,4,17258,9.69_9.70_9.71_9.72_9.73_,39_222_166_182_451_,9.68_9.67_9.66_9.65_9.64_,425_295_236_387_347_
12:42:31,9.69,4,17258,9.69_9.70_9.71_9.72_9.73_,39_222_166_182_451_,9.68_9.67_9.66_9.65_9.64_,426_295_236_387_347_
12:42:41,9.69,2,17260,9.69_9.70_9.71_9.72_9.73_,37_222_166_182_451_,9.68_9.67_9.66_9.65_9.64_,426_295_236_387_347_
12:42:46,9.69,2,17260,9.69_9.70_9.71_9.72_9.73_,41_222_166_182_451_,9.68_9.67_9.66_9.65_9.64_,426_295_236_387_347_
12:42:56,9.69,2,17260,9.69_9.70_9.71_9.72_9.73_,43_222_166_182_451_,9.68_9.67_9.66_9.65_9.64_,427_295_236_387_347_
12:43:12,9.69,1,17265,9.69_9.70_9.71_9.72_9.73_,38_222_166_182_451_,9.68_9.67_9.66_9.65_9.64_,426_295_236_387_347_
12:43:17,9.69,5,17270,9.69_9.70_9.71_9.72_9.73_,33_222_166_182_451_,9.68_9.67_9.66_9.65_9.64_,434_295_236_387_347_
12:43:27,9.69,1,17271,9.69_9.70_9.71_9.72_9.73_,32_222_166_182_451_,9.68_9.67_9.66_9.65_9.64_,434_295_236_387_347_
12:43:32,9.68,30,17301,9.69_9.70_9.71_9.72_9.73_,33_222_166_182_451_,9.68_9.67_9.66_9.65_9.64_,403_295_236_387_347_
12:43:38,9.69,4,17305,9.69_9.70_9.71_9.72_9.73_,29_222_166_182_451_,9.68_9.67_9.66_9.65_9.64_,403_295_236_387_347_
12:43:43,9.69,4,17305,9.69_9.70_9.71_9.72_9.73_,30_222_166_182_451_,9.68_9.67_9.66_9.65_9.64_,403_295_236_387_347_
12:43:53,9.69,4,17305,9.69_9.70_9.71_9.72_9.73_,30_222_166_182_451_,9.68_9.67_9.66_9.65_9.64_,404_295_236_387_347_
12:43:58,9.69,4,17305,9.69_9.70_9.71_9.72_9.73_,39_222_166_182_451_,9.68_9.67_9.66_9.65_9.64_,404_295_236_387_347_
12:44:03,9.69,4,17305,9.69_9.70_9.71_9.72_9.73_,40_222_166_182_451_,9.68_9.67_9.66_9.65_9.64_,404_295_236_387_347_
12:44:18,9.69,4,17305,9.69_9.70_9.71_9.72_9.73_,40_224_166_182_451_,9.68_9.67_9.66_9.65_9.64_,404_295_236_387_347_
12:44:24,9.69,4,17305,9.69_9.70_9.71_9.72_9.73_,41_224_166_182_451_,9.68_9.67_9.66_9.65_9.64_,404_295_236_387_347_
12:44:29,9.69,2,17307,9.69_9.70_9.71_9.72_9.73_,39_224_166_182_451_,9.68_9.67_9.66_9.65_9.64_,404_295_236_387_347_
12:44:34,9.68,4,17311,9.69_9.70_9.71_9.72_9.73_,39_224_166_182_452_,9.68_9.67_9.66_9.65_9.64_,400_295_236_387_347_
12:44:39,9.69,6,17317,9.69_9.70_9.71_9.72_9.73_,33_224_166_182_452_,9.68_9.67_9.66_9.65_9.64_,399_295_236_387_347_
12:44:44,9.69,1,17318,9.69_9.70_9.71_9.72_9.73_,55_224_166_182_452_,9.68_9.67_9.66_9.65_9.64_,399_295_236_387_347_
12:44:49,9.69,1,17318,9.69_9.70_9.71_9.72_9.73_,55_224_166_182_456_,9.68_9.67_9.66_9.65_9.64_,399_295_236_387_347_
12:44:54,9.69,1,17318,9.69_9.70_9.71_9.72_9.73_,57_224_166_182_456_,9.68_9.67_9.66_9.65_9.64_,399_295_236_387_347_
12:45:00,9.68,2,17320,9.69_9.70_9.71_9.72_9.73_,190_224_166_182_456_,9.68_9.67_9.66_9.65_9.64_,397_295_236_387_347_
12:45:05,9.68,2,17320,9.69_9.70_9.71_9.72_9.73_,191_224_166_182_474_,9.68_9.67_9.66_9.65_9.64_,397_295_236_387_347_
12:45:10,9.68,2,17320,9.69_9.70_9.71_9.72_9.73_,191_224_166_182_474_,9.68_9.67_9.66_9.65_9.64_,399_295_236_387_347_
12:45:15,9.69,3,17323,9.69_9.70_9.71_9.72_9.73_,190_224_166_182_474_,9.68_9.67_9.66_9.65_9.64_,399_295_236_387_347_
12:45:20,9.69,3,17323,9.69_9.70_9.71_9.72_9.73_,190_224_166_182_474_,9.68_9.67_9.66_9.65_9.64_,397_295_236_392_347_
12:45:25,9.69,3,17326,9.69_9.70_9.71_9.72_9.73_,187_224_166_182_474_,9.68_9.67_9.66_9.65_9.64_,396_295_236_392_347_
12:45:30,9.69,3,17329,9.69_9.70_9.71_9.72_9.73_,194_224_166_182_474_,9.68_9.67_9.66_9.65_9.64_,397_295_236_392_347_
12:45:35,9.69,3,17329,9.69_9.70_9.71_9.72_9.73_,194_224_166_182_474_,9.68_9.67_9.66_9.65_9.64_,399_295_236_392_347_
12:45:41,9.69,3,17329,9.69_9.70_9.71_9.72_9.73_,195_224_166_182_474_,9.68_9.67_9.66_9.65_9.64_,412_295_236_392_347_
12:45:46,9.68,33,17362,9.69_9.70_9.71_9.72_9.73_,203_224_166_182_474_,9.68_9.67_9.66_9.65_9.64_,380_295_236_392_347_
12:45:51,9.69,3,17365,9.69_9.70_9.71_9.72_9.73_,200_224_166_182_474_,9.68_9.67_9.66_9.65_9.64_,380_295_236_392_311_
12:45:56,9.69,3,17365,9.69_9.70_9.71_9.72_9.73_,201_224_166_182_474_,9.68_9.67_9.66_9.65_9.64_,380_295_236_392_311_
12:46:01,9.69,3,17365,9.69_9.70_9.71_9.72_9.73_,201_224_166_182_474_,9.68_9.67_9.66_9.65_9.64_,378_295_236_392_311_
12:46:06,9.69,4,17369,9.69_9.70_9.71_9.72_9.73_,202_224_166_182_474_,9.68_9.67_9.66_9.65_9.64_,385_295_236_392_311_
12:46:11,9.69,4,17369,9.69_9.70_9.71_9.72_9.73_,202_224_166_182_474_,9.68_9.67_9.66_9.65_9.64_,397_295_236_392_311_
12:46:16,9.69,4,17369,9.69_9.70_9.71_9.72_9.73_,203_224_166_182_474_,9.68_9.67_9.66_9.65_9.64_,397_295_236_392_311_
12:46:27,9.69,2,17371,9.69_9.70_9.71_9.72_9.73_,201_224_166_182_474_,9.68_9.67_9.66_9.65_9.64_,397_295_236_392_311_
12:46:32,9.69,2,17371,9.69_9.70_9.71_9.72_9.73_,201_224_166_182_474_,9.68_9.67_9.66_9.65_9.64_,398_295_236_392_311_
12:46:52,9.69,2,17371,9.69_9.70_9.71_9.72_9.73_,202_224_166_182_474_,9.68_9.67_9.66_9.65_9.64_,398_295_236_392_311_
12:47:03,9.69,2,17371,9.69_9.70_9.71_9.72_9.73_,207_224_166_182_474_,9.68_9.67_9.66_9.65_9.64_,398_295_236_392_311_
12:47:08,9.69,2,17371,9.69_9.70_9.71_9.72_9.73_,210_224_161_182_474_,9.68_9.67_9.66_9.65_9.64_,398_295_236_392_311_
12:47:13,9.68,2,17373,9.69_9.70_9.71_9.72_9.73_,208_224_161_182_474_,9.68_9.67_9.66_9.65_9.64_,396_295_236_392_311_
12:47:23,9.69,20,17393,9.69_9.70_9.71_9.72_9.73_,188_224_161_182_474_,9.68_9.67_9.66_9.65_9.64_,396_295_236_392_311_
12:47:28,9.69,4,17397,9.69_9.70_9.71_9.72_9.73_,187_224_161_182_474_,9.68_9.67_9.66_9.65_9.64_,397_295_236_392_311_
12:47:34,9.68,1,17398,9.69_9.70_9.71_9.72_9.73_,187_224_161_182_474_,9.68_9.67_9.66_9.65_9.64_,396_295_236_392_311_
12:47:39,9.69,4,17402,9.69_9.70_9.71_9.72_9.73_,183_224_161_182_474_,9.68_9.67_9.66_9.65_9.64_,396_295_236_392_311_
12:47:44,9.69,4,17402,9.69_9.70_9.71_9.72_9.73_,188_224_161_182_474_,9.68_9.67_9.66_9.65_9.64_,396_295_236_392_311_
12:47:49,9.69,4,17402,9.69_9.70_9.71_9.72_9.73_,192_224_161_182_474_,9.68_9.67_9.66_9.65_9.64_,396_295_236_392_311_
12:47:54,9.69,6,17408,9.69_9.70_9.71_9.72_9.73_,186_224_161_182_474_,9.68_9.67_9.66_9.65_9.64_,396_295_236_392_311_
12:47:59,9.69,5,17413,9.69_9.70_9.71_9.72_9.73_,182_224_161_182_474_,9.68_9.67_9.66_9.65_9.64_,396_295_236_392_311_
12:48:04,9.69,5,17413,9.69_9.70_9.71_9.72_9.73_,216_224_161_182_474_,9.68_9.67_9.66_9.65_9.64_,396_295_236_392_311_
12:48:10,9.69,1,17414,9.69_9.70_9.71_9.72_9.73_,215_224_161_182_474_,9.68_9.67_9.66_9.65_9.64_,395_295_236_392_311_
12:48:20,9.68,10,17424,9.69_9.70_9.71_9.72_9.73_,215_224_161_182_474_,9.68_9.67_9.66_9.65_9.64_,385_295_236_392_311_
12:48:25,9.69,3,17427,9.69_9.70_9.71_9.72_9.73_,212_224_161_182_474_,9.68_9.67_9.66_9.65_9.64_,385_295_236_392_311_
12:48:30,9.69,3,17427,9.69_9.70_9.71_9.72_9.73_,214_224_161_182_474_,9.68_9.67_9.66_9.65_9.64_,385_295_236_392_311_
12:48:35,9.68,5,17432,9.69_9.70_9.71_9.72_9.73_,212_224_161_182_474_,9.68_9.67_9.66_9.65_9.64_,382_295_236_392_311_
12:48:40,9.68,5,17432,9.69_9.70_9.71_9.72_9.73_,217_224_161_182_474_,9.68_9.67_9.66_9.65_9.64_,381_295_236_392_311_
12:48:45,9.69,1,17433,9.69_9.70_9.71_9.72_9.73_,216_224_161_182_474_,9.68_9.67_9.66_9.65_9.64_,381_295_236_392_311_
12:48:51,9.68,1,17434,9.69_9.70_9.71_9.72_9.73_,218_224_161_182_474_,9.68_9.67_9.66_9.65_9.64_,380_295_236_392_311_
12:49:06,9.69,4,17438,9.69_9.70_9.71_9.72_9.73_,214_224_161_182_474_,9.68_9.67_9.66_9.65_9.64_,380_295_236_389_311_
12:49:11,9.69,4,17438,9.69_9.70_9.71_9.72_9.73_,214_224_161_182_474_,9.68_9.67_9.66_9.65_9.64_,379_295_236_389_311_
12:49:21,9.69,4,17438,9.69_9.70_9.71_9.72_9.73_,215_224_161_182_474_,9.68_9.67_9.66_9.65_9.64_,380_295_236_389_311_
12:49:27,9.69,4,17438,9.69_9.70_9.71_9.72_9.73_,217_224_161_182_474_,9.68_9.67_9.66_9.65_9.64_,388_295_236_389_311_
12:49:32,9.69,12,17450,9.69_9.70_9.71_9.72_9.73_,205_224_161_182_474_,9.68_9.67_9.66_9.65_9.64_,388_295_236_389_311_
12:49:37,9.68,15,17465,9.69_9.70_9.71_9.72_9.73_,205_224_161_182_474_,9.68_9.67_9.66_9.65_9.64_,374_295_236_389_311_
12:49:42,9.69,4,17469,9.69_9.70_9.71_9.72_9.73_,203_224_161_182_474_,9.68_9.67_9.66_9.65_9.64_,374_295_236_389_311_
12:50:03,9.69,4,17469,9.69_9.70_9.71_9.72_9.73_,203_226_161_182_474_,9.68_9.67_9.66_9.65_9.64_,376_295_236_389_311_
12:50:08,9.68,40,17509,9.69_9.70_9.71_9.72_9.73_,203_226_161_182_474_,9.68_9.67_9.66_9.65_9.64_,336_295_236_389_311_
12:50:13,9.69,4,17513,9.69_9.70_9.71_9.72_9.73_,202_226_161_182_474_,9.68_9.67_9.66_9.65_9.64_,336_295_236_389_311_
12:50:18,9.68,1,17514,9.69_9.70_9.71_9.72_9.73_,201_226_161_182_474_,9.68_9.67_9.66_9.65_9.64_,335_295_236_389_311_
12:50:23,9.68,1,17514,9.69_9.70_9.71_9.72_9.73_,203_226_161_182_474_,9.68_9.67_9.66_9.65_9.64_,335_296_236_389_311_
12:50:28,9.68,1,17514,9.69_9.70_9.71_9.72_9.73_,203_226_161_182_474_,9.68_9.67_9.66_9.65_9.64_,337_296_236_389_311_
12:50:33,9.69,1,17515,9.69_9.70_9.71_9.72_9.73_,202_226_161_182_474_,9.68_9.67_9.66_9.65_9.64_,337_296_236_389_311_
12:50:39,9.69,5,17520,9.69_9.70_9.71_9.72_9.73_,197_226_161_182_474_,9.68_9.67_9.66_9.65_9.64_,285_296_236_389_311_
12:50:49,9.69,5,17520,9.69_9.70_9.71_9.72_9.73_,198_226_161_182_474_,9.68_9.67_9.66_9.65_9.64_,285_296_236_389_311_
12:50:54,9.69,5,17520,9.69_9.70_9.71_9.72_9.73_,198_226_161_182_474_,9.68_9.67_9.66_9.65_9.64_,283_296_236_389_311_
12:51:04,9.69,2,17522,9.69_9.70_9.71_9.72_9.73_,197_226_161_182_474_,9.68_9.67_9.66_9.65_9.64_,282_296_236_389_311_
12:51:09,9.69,2,17522,9.69_9.70_9.71_9.72_9.73_,197_226_161_182_474_,9.68_9.67_9.66_9.65_9.64_,281_296_236_389_311_
12:51:14,9.69,100,17622,9.69_9.70_9.71_9.72_9.73_,97_226_161_182_474_,9.68_9.67_9.66_9.65_9.64_,282_296_236_389_311_
12:51:20,9.69,20,17642,9.69_9.70_9.71_9.72_9.73_,81_226_161_182_474_,9.68_9.67_9.66_9.65_9.64_,278_295_236_389_311_
12:51:25,9.69,1,17643,9.69_9.70_9.71_9.72_9.73_,91_226_161_182_474_,9.68_9.67_9.66_9.65_9.64_,277_295_236_389_311_
12:51:30,9.69,90,17733,9.70_9.71_9.72_9.73_9.74_,226_161_182_474_308_,9.69_9.68_9.67_9.66_9.65_,117_277_295_236_389_
12:51:35,9.69,133,17866,9.70_9.71_9.72_9.73_9.74_,227_161_182_237_545_,9.69_9.68_9.67_9.66_9.65_,61_84_295_236_639_
12:51:40,9.69,18,17884,9.70_9.71_9.72_9.73_9.74_,238_184_182_214_534_,9.69_9.68_9.67_9.66_9.65_,92_83_295_236_639_
12:51:45,9.69,1,17885,9.70_9.71_9.72_9.73_9.74_,238_184_182_233_534_,9.69_9.68_9.67_9.66_9.65_,108_83_295_236_639_
12:51:50,9.69,1,17885,9.70_9.71_9.72_9.73_9.74_,241_184_182_233_534_,9.69_9.68_9.67_9.66_9.65_,114_83_295_236_639_
12:51:55,9.70,4,17889,9.70_9.71_9.72_9.73_9.74_,357_184_182_233_534_,9.69_9.68_9.67_9.66_9.65_,118_81_295_236_639_
12:52:01,9.70,4,17889,9.70_9.71_9.72_9.73_9.74_,381_184_182_233_534_,9.69_9.68_9.67_9.66_9.65_,120_77_295_236_639_
12:52:06,9.70,4,17893,9.70_9.71_9.72_9.73_9.74_,378_184_182_233_534_,9.69_9.68_9.67_9.66_9.65_,122_76_295_236_639_
12:52:11,9.70,1,17894,9.70_9.71_9.72_9.73_9.74_,373_174_182_233_534_,9.69_9.68_9.67_9.66_9.65_,122_76_295_236_639_
12:52:26,9.69,1,17895,9.70_9.71_9.72_9.73_9.74_,378_174_182_233_534_,9.69_9.68_9.67_9.66_9.65_,121_76_295_236_639_
12:52:31,9.69,10,17905,9.70_9.71_9.72_9.73_9.74_,378_174_182_233_534_,9.69_9.68_9.67_9.66_9.65_,114_76_295_236_639_
12:52:36,9.69,3,17908,9.70_9.71_9.72_9.73_9.74_,380_174_182_233_534_,9.69_9.68_9.67_9.66_9.65_,283_76_295_236_639_
12:52:42,9.70,8,17916,9.70_9.71_9.72_9.73_9.74_,373_174_182_233_534_,9.69_9.68_9.67_9.66_9.65_,344_76_295_236_639_
12:52:47,9.69,3,17919,9.70_9.71_9.72_9.73_9.74_,371_174_182_233_534_,9.69_9.68_9.67_9.66_9.65_,342_76_295_236_639_
12:52:52,9.69,1,17920,9.70_9.71_9.72_9.73_9.74_,381_174_182_233_534_,9.69_9.68_9.67_9.66_9.65_,379_76_295_236_639_
12:52:57,9.70,2,17922,9.70_9.71_9.72_9.73_9.74_,380_174_182_233_534_,9.69_9.68_9.67_9.66_9.65_,389_76_295_236_639_
12:53:02,9.69,12,17934,9.70_9.71_9.72_9.73_9.74_,380_174_182_233_534_,9.69_9.68_9.67_9.66_9.65_,382_76_295_236_639_
12:53:07,9.69,2,17936,9.70_9.71_9.72_9.73_9.74_,380_174_182_233_534_,9.69_9.68_9.67_9.66_9.65_,381_76_295_236_639_
12:53:12,9.69,50,17986,9.70_9.71_9.72_9.73_9.74_,430_174_182_233_534_,9.69_9.68_9.67_9.66_9.65_,335_76_295_236_639_
12:53:17,9.69,11,17997,9.70_9.71_9.72_9.73_9.74_,430_174_182_233_534_,9.69_9.68_9.67_9.66_9.65_,348_78_295_236_639_
12:53:22,9.69,1,17998,9.70_9.71_9.72_9.73_9.74_,431_174_182_233_534_,9.69_9.68_9.67_9.66_9.65_,549_78_296_236_639_
12:53:28,9.69,1,17998,9.70_9.71_9.72_9.73_9.74_,431_174_182_233_534_,9.69_9.68_9.67_9.66_9.65_,623_78_296_236_639_
12:53:33,9.69,1,17999,9.70_9.71_9.72_9.73_9.74_,431_174_182_233_534_,9.69_9.68_9.67_9.66_9.65_,625_78_296_236_639_
12:53:38,9.70,4,18003,9.70_9.71_9.72_9.73_9.74_,427_174_182_233_534_,9.69_9.68_9.67_9.66_9.65_,626_78_296_236_639_
12:53:43,9.69,2,18005,9.70_9.71_9.72_9.73_9.74_,431_174_182_233_534_,9.69_9.68_9.67_9.66_9.65_,624_78_296_236_639_
12:53:48,9.69,2,18005,9.70_9.71_9.72_9.73_9.74_,436_174_182_233_534_,9.69_9.68_9.67_9.66_9.65_,625_78_296_236_639_
12:53:53,9.69,2,18005,9.70_9.71_9.72_9.73_9.74_,447_174_182_233_534_,9.69_9.68_9.67_9.66_9.65_,626_78_296_236_639_
12:53:58,9.69,2,18005,9.70_9.71_9.72_9.73_9.74_,447_174_182_233_534_,9.69_9.68_9.67_9.66_9.65_,633_78_296_236_639_
12:54:03,9.69,2,18005,9.70_9.71_9.72_9.73_9.74_,588_174_182_233_534_,9.69_9.68_9.67_9.66_9.65_,635_78_296_236_639_
12:54:09,9.70,235,18240,9.70_9.71_9.72_9.73_9.74_,353_174_182_233_534_,9.69_9.68_9.67_9.66_9.65_,639_78_296_236_639_
12:54:14,9.69,40,18280,9.70_9.71_9.72_9.73_9.74_,384_151_182_233_534_,9.69_9.68_9.67_9.66_9.65_,627_76_295_236_639_
12:54:19,9.69,40,18280,9.70_9.71_9.72_9.73_9.74_,384_201_182_233_534_,9.69_9.68_9.67_9.66_9.65_,630_76_295_236_639_
12:54:24,9.70,1,18281,9.70_9.71_9.72_9.73_9.74_,383_201_182_233_534_,9.69_9.68_9.67_9.66_9.65_,629_76_295_236_639_
12:54:29,9.70,1,18281,9.70_9.71_9.72_9.73_9.74_,383_201_182_233_534_,9.69_9.68_9.67_9.66_9.65_,630_76_295_236_639_
12:54:34,9.70,2,18283,9.70_9.71_9.72_9.73_9.74_,381_201_182_233_534_,9.69_9.68_9.67_9.66_9.65_,631_76_295_236_639_
12:54:44,9.69,1,18284,9.70_9.71_9.72_9.73_9.74_,381_201_182_233_534_,9.69_9.68_9.67_9.66_9.65_,630_76_295_236_639_
12:54:50,9.69,1,18284,9.70_9.71_9.72_9.73_9.74_,381_201_182_233_534_,9.69_9.68_9.67_9.66_9.65_,631_76_295_236_639_
12:55:00,9.70,5,18289,9.70_9.71_9.72_9.73_9.74_,376_201_182_233_534_,9.69_9.68_9.67_9.66_9.65_,631_76_295_236_639_
12:55:05,9.70,5,18294,9.70_9.71_9.72_9.73_9.74_,371_199_182_233_534_,9.69_9.68_9.67_9.66_9.65_,631_76_295_236_639_
12:55:10,9.70,5,18294,9.70_9.71_9.72_9.73_9.74_,371_199_182_233_534_,9.69_9.68_9.67_9.66_9.65_,630_76_295_236_639_
12:55:15,9.69,1,18295,9.70_9.71_9.72_9.73_9.74_,391_199_182_233_534_,9.69_9.68_9.67_9.66_9.65_,629_76_295_236_639_
12:55:20,9.70,1,18296,9.70_9.71_9.72_9.73_9.74_,390_199_182_233_534_,9.69_9.68_9.67_9.66_9.65_,628_76_295_236_639_
12:55:25,9.69,30,18326,9.70_9.71_9.72_9.73_9.74_,390_199_182_233_534_,9.69_9.68_9.67_9.66_9.65_,598_76_295_236_639_
12:55:36,9.69,30,18326,9.70_9.71_9.72_9.73_9.74_,390_199_182_233_534_,9.69_9.68_9.67_9.66_9.65_,599_76_295_236_639_
12:55:41,9.69,20,18346,9.70_9.71_9.72_9.73_9.74_,390_199_182_233_534_,9.69_9.68_9.67_9.66_9.65_,579_76_295_236_639_
12:55:46,9.70,8,18354,9.70_9.71_9.72_9.73_9.74_,384_199_182_233_534_,9.69_9.68_9.67_9.66_9.65_,579_76_295_236_639_
12:55:51,9.70,24,18378,9.70_9.71_9.72_9.73_9.74_,360_199_182_233_534_,9.69_9.68_9.67_9.66_9.65_,588_76_295_236_639_
12:55:56,9.69,1,18379,9.70_9.71_9.72_9.73_9.74_,360_199_182_233_534_,9.69_9.68_9.67_9.66_9.65_,589_77_295_236_639_
12:56:01,9.69,1,18379,9.70_9.71_9.72_9.73_9.74_,360_199_182_233_534_,9.69_9.68_9.67_9.66_9.65_,588_77_295_236_639_
12:56:12,9.69,1,18379,9.70_9.71_9.72_9.73_9.74_,391_199_182_233_534_,9.69_9.68_9.67_9.66_9.65_,589_77_295_236_639_
12:56:22,9.69,1,18379,9.70_9.71_9.72_9.73_9.74_,392_199_182_233_534_,9.69_9.68_9.67_9.66_9.65_,574_77_295_236_639_
12:56:27,9.70,4,18383,9.70_9.71_9.72_9.73_9.74_,388_199_182_233_534_,9.69_9.68_9.67_9.66_9.65_,574_82_295_236_639_
12:56:32,9.69,1,18384,9.70_9.71_9.72_9.73_9.74_,388_199_182_233_534_,9.69_9.68_9.67_9.66_9.65_,573_82_295_236_639_
12:56:37,9.70,4,18388,9.70_9.71_9.72_9.73_9.74_,384_199_182_233_534_,9.69_9.68_9.67_9.66_9.65_,575_82_295_236_640_
12:56:43,9.69,1,18389,9.70_9.71_9.72_9.73_9.74_,384_199_182_233_534_,9.69_9.68_9.67_9.66_9.65_,574_82_295_236_640_
12:56:48,9.69,1,18389,9.70_9.71_9.72_9.73_9.74_,384_199_182_233_534_,9.69_9.68_9.67_9.66_9.65_,576_82_295_236_640_
12:56:53,9.69,1,18389,9.70_9.71_9.72_9.73_9.74_,384_199_182_233_534_,9.69_9.68_9.67_9.66_9.65_,575_82_295_236_640_
12:56:58,9.69,1,18389,9.70_9.71_9.72_9.73_9.74_,384_199_182_233_534_,9.69_9.68_9.67_9.66_9.65_,583_82_295_236_640_
12:57:08,9.69,1,18389,9.70_9.71_9.72_9.73_9.74_,384_199_182_233_534_,9.69_9.68_9.67_9.66_9.65_,581_82_295_236_640_
12:57:13,9.69,1,18390,9.70_9.71_9.72_9.73_9.74_,385_199_182_233_534_,9.69_9.68_9.67_9.66_9.65_,581_82_295_236_640_
12:57:18,9.69,1,18390,9.70_9.71_9.72_9.73_9.74_,396_199_182_233_534_,9.69_9.68_9.67_9.66_9.65_,581_82_295_236_640_
12:57:24,9.69,10,18400,9.70_9.71_9.72_9.73_9.74_,396_199_182_233_534_,9.69_9.68_9.67_9.66_9.65_,570_82_295_236_640_
12:57:29,9.70,5,18405,9.70_9.71_9.72_9.73_9.74_,392_199_182_233_534_,9.69_9.68_9.67_9.66_9.65_,575_82_295_236_640_
12:57:34,9.69,2,18407,9.70_9.71_9.72_9.73_9.74_,393_199_182_233_534_,9.69_9.68_9.67_9.66_9.65_,573_82_295_236_640_
12:57:39,9.69,2,18407,9.70_9.71_9.72_9.73_9.74_,393_199_182_233_534_,9.69_9.68_9.67_9.66_9.65_,574_82_295_236_640_
12:57:44,9.69,2,18407,9.70_9.71_9.72_9.73_9.74_,392_199_182_233_534_,9.69_9.68_9.67_9.66_9.65_,573_81_295_236_640_
12:57:59,9.69,2,18407,9.70_9.71_9.72_9.73_9.74_,392_199_182_233_534_,9.69_9.68_9.67_9.66_9.65_,574_81_295_236_640_
12:58:05,9.70,4,18411,9.70_9.71_9.72_9.73_9.74_,390_199_182_233_534_,9.69_9.68_9.67_9.66_9.65_,574_81_295_236_640_
12:58:10,9.69,1,18412,9.70_9.71_9.72_9.73_9.74_,390_199_182_233_534_,9.69_9.68_9.67_9.66_9.65_,573_81_295_236_640_
12:58:15,9.69,10,18422,9.70_9.71_9.72_9.73_9.74_,390_199_182_233_534_,9.69_9.68_9.67_9.66_9.65_,587_81_295_236_640_
12:58:20,9.69,2,18424,9.70_9.71_9.72_9.73_9.74_,390_199_182_233_534_,9.69_9.68_9.67_9.66_9.65_,585_81_295_236_640_
12:58:25,9.69,2,18424,9.70_9.71_9.72_9.73_9.74_,392_199_182_233_534_,9.69_9.68_9.67_9.66_9.65_,585_81_295_236_640_
12:58:35,9.70,1,18425,9.70_9.71_9.72_9.73_9.74_,405_199_182_233_534_,9.69_9.68_9.67_9.66_9.65_,585_81_295_236_640_
12:58:41,9.69,2,18427,9.70_9.71_9.72_9.73_9.74_,404_199_182_233_534_,9.69_9.68_9.67_9.66_9.65_,583_81_295_236_640_
12:58:46,9.69,2,18427,9.70_9.71_9.72_9.73_9.74_,399_199_182_233_534_,9.69_9.68_9.67_9.66_9.65_,583_81_295_236_640_
12:58:56,9.69,5,18432,9.70_9.71_9.72_9.73_9.74_,399_199_182_233_534_,9.69_9.68_9.67_9.66_9.65_,578_81_295_236_640_
12:59:01,9.69,1,18433,9.70_9.71_9.72_9.73_9.74_,399_199_182_233_534_,9.69_9.68_9.67_9.66_9.65_,573_81_295_236_640_
12:59:06,9.70,4,18437,9.70_9.71_9.72_9.73_9.74_,397_199_182_233_534_,9.69_9.68_9.67_9.66_9.65_,573_81_295_236_640_
12:59:11,9.69,1,18438,9.70_9.71_9.72_9.73_9.74_,398_199_182_233_534_,9.69_9.68_9.67_9.66_9.65_,571_81_295_236_640_
12:59:16,9.70,1,18439,9.70_9.71_9.72_9.73_9.74_,397_199_182_233_534_,9.69_9.68_9.67_9.66_9.65_,571_81_295_236_640_
12:59:21,9.69,7,18446,9.70_9.71_9.72_9.73_9.74_,397_199_182_233_534_,9.69_9.68_9.67_9.66_9.65_,564_81_295_236_640_
12:59:27,9.69,1,18447,9.70_9.71_9.72_9.73_9.74_,399_199_182_233_534_,9.69_9.68_9.67_9.66_9.65_,563_81_295_236_640_
12:59:37,9.70,7,18454,9.70_9.71_9.72_9.73_9.74_,393_199_182_233_534_,9.69_9.68_9.67_9.66_9.65_,563_81_295_236_640_
12:59:42,9.69,1,18455,9.70_9.71_9.72_9.73_9.74_,405_199_182_233_534_,9.69_9.68_9.67_9.66_9.65_,571_81_295_236_640_
12:59:47,9.70,1,18456,9.70_9.71_9.72_9.73_9.74_,405_209_182_233_534_,9.69_9.68_9.67_9.66_9.65_,573_81_295_236_640_
12:59:52,9.70,2,18458,9.70_9.71_9.72_9.73_9.74_,405_209_182_233_534_,9.69_9.68_9.67_9.66_9.65_,570_81_295_236_640_
12:59:57,9.69,1,18459,9.70_9.71_9.72_9.73_9.74_,405_209_182_233_534_,9.69_9.68_9.67_9.66_9.65_,577_81_295_236_640_
13:00:03,9.69,3,18462,9.70_9.71_9.72_9.73_9.74_,405_209_182_233_534_,9.69_9.68_9.67_9.66_9.65_,574_81_295_236_641_
13:00:18,9.69,3,18462,9.70_9.71_9.72_9.73_9.74_,406_209_182_233_534_,9.69_9.68_9.67_9.66_9.65_,574_81_295_236_641_
13:00:23,9.70,1,18463,9.70_9.71_9.72_9.73_9.74_,405_209_182_233_534_,9.69_9.68_9.67_9.66_9.65_,575_81_296_236_641_
13:00:28,9.69,1,18464,9.70_9.71_9.72_9.73_9.74_,404_209_182_233_534_,9.69_9.68_9.67_9.66_9.65_,574_81_296_236_641_
13:00:33,9.70,3,18467,9.70_9.71_9.72_9.73_9.74_,404_209_182_233_534_,9.69_9.68_9.67_9.66_9.65_,674_81_296_236_641_
13:00:38,9.70,3,18467,9.70_9.71_9.72_9.73_9.74_,405_209_182_233_534_,9.69_9.68_9.67_9.66_9.65_,690_81_295_236_641_
13:00:44,9.69,1,18468,9.70_9.71_9.72_9.73_9.74_,401_208_180_232_534_,9.69_9.68_9.67_9.66_9.65_,690_81_295_236_641_
13:00:49,9.70,1,18469,9.70_9.71_9.72_9.73_9.74_,402_208_180_232_534_,9.69_9.68_9.67_9.66_9.65_,689_81_295_236_641_
13:00:59,9.70,1,18469,9.70_9.71_9.72_9.73_9.74_,379_191_148_214_534_,9.69_9.68_9.67_9.66_9.65_,690_81_295_236_641_
13:01:04,9.70,1,18469,9.70_9.71_9.72_9.73_9.74_,404_163_149_214_534_,9.69_9.68_9.67_9.66_9.65_,690_81_295_236_641_
13:01:09,9.70,4,18473,9.70_9.71_9.72_9.73_9.74_,401_163_149_214_534_,9.69_9.68_9.67_9.66_9.65_,689_81_295_236_641_
13:01:14,9.70,4,18473,9.70_9.71_9.72_9.73_9.74_,409_155_149_214_534_,9.69_9.68_9.67_9.66_9.65_,689_81_295_236_641_
13:01:19,9.69,2,18475,9.70_9.71_9.72_9.73_9.74_,407_155_149_214_534_,9.69_9.68_9.67_9.66_9.65_,687_81_295_236_641_
13:01:24,9.69,2,18475,9.70_9.71_9.72_9.73_9.74_,407_155_149_214_534_,9.69_9.68_9.67_9.66_9.65_,688_81_295_236_641_
13:01:30,9.69,2,18475,9.70_9.71_9.72_9.73_9.74_,417_155_149_214_534_,9.69_9.68_9.67_9.66_9.65_,688_81_295_236_641_
13:01:35,9.70,3,18478,9.70_9.71_9.72_9.73_9.74_,414_155_149_214_534_,9.69_9.68_9.67_9.66_9.65_,688_81_295_236_641_
13:01:40,9.69,1,18479,9.70_9.71_9.72_9.73_9.74_,524_146_149_214_534_,9.69_9.68_9.67_9.66_9.65_,688_81_295_236_641_
13:01:45,9.70,1,18480,9.70_9.71_9.72_9.73_9.74_,523_146_149_214_534_,9.69_9.68_9.67_9.66_9.65_,688_81_295_236_641_
13:01:50,9.70,1,18481,9.70_9.71_9.72_9.73_9.74_,530_146_149_214_534_,9.69_9.68_9.67_9.66_9.65_,688_81_295_236_641_
13:01:55,9.70,1,18481,9.70_9.71_9.72_9.73_9.74_,530_146_149_214_534_,9.69_9.68_9.67_9.66_9.65_,679_81_295_236_641_
13:02:05,9.70,1,18481,9.70_9.71_9.72_9.73_9.74_,528_147_148_214_534_,9.69_9.68_9.67_9.66_9.65_,679_81_295_236_641_
13:02:11,9.70,10,18491,9.70_9.71_9.72_9.73_9.74_,518_147_148_214_534_,9.69_9.68_9.67_9.66_9.65_,679_81_295_236_641_
13:02:16,9.70,2,18493,9.70_9.71_9.72_9.73_9.74_,516_147_148_214_534_,9.69_9.68_9.67_9.66_9.65_,679_81_295_236_641_
13:02:21,9.69,2,18495,9.70_9.71_9.72_9.73_9.74_,526_147_148_214_534_,9.69_9.68_9.67_9.66_9.65_,677_81_295_236_641_
13:02:31,9.69,2,18495,9.70_9.71_9.72_9.73_9.74_,529_147_148_214_534_,9.69_9.68_9.67_9.66_9.65_,680_81_295_236_641_
13:02:36,9.70,4,18499,9.70_9.71_9.72_9.73_9.74_,542_147_148_214_534_,9.69_9.68_9.67_9.66_9.65_,690_81_295_236_641_
13:02:41,9.69,2,18501,9.70_9.71_9.72_9.73_9.74_,543_147_148_214_534_,9.69_9.68_9.67_9.66_9.65_,688_81_295_236_641_
13:02:46,9.69,2,18503,9.70_9.71_9.72_9.73_9.74_,543_147_148_214_534_,9.69_9.68_9.67_9.66_9.65_,686_81_295_236_641_
13:02:52,9.69,2,18503,9.70_9.71_9.72_9.73_9.74_,531_147_148_214_534_,9.69_9.68_9.67_9.66_9.65_,672_81_295_236_641_
13:02:57,9.69,2,18503,9.70_9.71_9.72_9.73_9.74_,532_147_148_214_534_,9.69_9.68_9.67_9.66_9.65_,672_81_295_236_641_
13:03:07,9.69,7,18510,9.70_9.71_9.72_9.73_9.74_,532_147_88_214_534_,9.69_9.68_9.67_9.66_9.65_,665_81_295_236_641_
13:03:12,9.70,2,18512,9.70_9.71_9.72_9.73_9.74_,532_147_88_214_534_,9.69_9.68_9.67_9.66_9.65_,665_81_295_236_641_
13:03:17,9.69,1,18513,9.70_9.71_9.72_9.73_9.74_,531_147_88_214_534_,9.69_9.68_9.67_9.66_9.65_,664_81_295_236_641_
13:03:22,9.69,50,18563,9.70_9.71_9.72_9.73_9.74_,480_147_88_214_534_,9.69_9.68_9.67_9.66_9.65_,614_81_295_236_641_
13:03:28,9.70,12,18575,9.70_9.71_9.72_9.73_9.74_,483_147_88_214_534_,9.69_9.68_9.67_9.66_9.65_,614_81_295_236_641_
13:03:33,9.69,5,18580,9.70_9.71_9.72_9.73_9.74_,483_147_88_214_534_,9.69_9.68_9.67_9.66_9.65_,609_81_295_236_641_
13:03:38,9.69,5,18580,9.70_9.71_9.72_9.73_9.74_,483_147_88_214_534_,9.69_9.68_9.67_9.66_9.65_,611_81_295_236_641_
13:03:43,9.69,5,18580,9.70_9.71_9.72_9.73_9.74_,483_158_88_214_534_,9.69_9.68_9.67_9.66_9.65_,611_81_295_236_641_
13:03:48,9.69,27,18607,9.70_9.71_9.72_9.73_9.74_,484_158_88_214_534_,9.69_9.68_9.67_9.66_9.65_,584_81_295_236_641_
13:03:53,9.69,5,18612,9.70_9.71_9.72_9.73_9.74_,492_158_88_214_554_,9.69_9.68_9.67_9.66_9.65_,583_81_295_236_641_
13:04:03,9.69,4,18616,9.70_9.71_9.72_9.73_9.74_,488_158_88_214_554_,9.69_9.68_9.67_9.66_9.65_,579_81_295_236_641_
13:04:09,9.69,40,18656,9.70_9.71_9.72_9.73_9.74_,488_158_88_214_554_,9.69_9.68_9.67_9.66_9.65_,544_81_295_236_641_
13:04:14,9.69,7,18663,9.70_9.71_9.72_9.73_9.74_,489_158_88_214_554_,9.69_9.68_9.67_9.66_9.65_,550_81_295_236_641_
13:04:19,9.69,7,18663,9.70_9.71_9.72_9.73_9.74_,489_158_88_214_554_,9.69_9.68_9.67_9.66_9.65_,553_81_295_236_641_
13:04:24,9.70,15,18678,9.70_9.71_9.72_9.73_9.74_,476_158_88_214_554_,9.69_9.68_9.67_9.66_9.65_,553_81_295_236_641_
13:04:29,9.69,4,18682,9.70_9.71_9.72_9.73_9.74_,475_158_88_214_554_,9.69_9.68_9.67_9.66_9.65_,749_81_295_236_641_
13:04:34,9.70,3,18685,9.70_9.71_9.72_9.73_9.74_,472_158_88_214_554_,9.69_9.68_9.67_9.66_9.65_,818_81_295_236_641_
13:04:39,9.70,3,18685,9.70_9.71_9.72_9.73_9.74_,472_158_88_214_554_,9.69_9.68_9.67_9.66_9.65_,823_81_295_236_641_
13:04:44,9.69,5,18690,9.70_9.71_9.72_9.73_9.74_,469_158_88_214_554_,9.69_9.68_9.67_9.66_9.65_,807_81_295_236_641_
13:04:49,9.69,41,18731,9.70_9.71_9.72_9.73_9.74_,469_158_88_214_554_,9.69_9.68_9.67_9.66_9.65_,766_81_295_236_641_
13:04:55,9.70,8,18739,9.70_9.71_9.72_9.73_9.74_,470_158_98_214_554_,9.69_9.68_9.67_9.66_9.65_,788_81_295_236_641_
13:05:00,9.70,47,18786,9.70_9.71_9.72_9.73_9.74_,423_158_98_214_554_,9.69_9.68_9.67_9.66_9.65_,788_81_295_236_641_
13:05:05,9.69,44,18830,9.70_9.71_9.72_9.73_9.74_,403_112_98_214_554_,9.69_9.68_9.67_9.66_9.65_,748_81_295_236_641_
13:05:10,9.69,7,18837,9.70_9.71_9.72_9.73_9.74_,403_112_98_214_554_,9.69_9.68_9.67_9.66_9.65_,752_81_295_236_641_
13:05:15,9.70,5,18842,9.70_9.71_9.72_9.73_9.74_,398_171_98_214_554_,9.69_9.68_9.67_9.66_9.65_,761_81_295_236_641_
13:05:20,9.69,20,18862,9.70_9.71_9.72_9.73_9.74_,398_175_98_214_554_,9.69_9.68_9.67_9.66_9.65_,741_81_295_236_641_
13:05:25,9.69,6,18868,9.70_9.71_9.72_9.73_9.74_,396_179_98_214_554_,9.69_9.68_9.67_9.66_9.65_,735_83_295_236_641_
13:05:31,9.69,6,18868,9.70_9.71_9.72_9.73_9.74_,398_179_98_214_554_,9.69_9.68_9.67_9.66_9.65_,736_83_296_236_641_
13:05:36,9.70,5,18873,9.70_9.71_9.72_9.73_9.74_,393_179_98_214_554_,9.69_9.68_9.67_9.66_9.65_,736_83_296_236_641_
13:05:41,9.69,3,18876,9.70_9.71_9.72_9.73_9.74_,390_179_98_214_554_,9.69_9.68_9.67_9.66_9.65_,733_83_296_236_641_
13:05:51,9.69,3,18876,9.70_9.71_9.72_9.73_9.74_,432_179_98_214_554_,9.69_9.68_9.67_9.66_9.65_,733_83_296_236_641_
13:05:56,9.70,26,18902,9.70_9.71_9.72_9.73_9.74_,408_183_98_214_554_,9.69_9.68_9.67_9.66_9.65_,707_83_296_236_641_
13:06:01,9.70,7,18909,9.70_9.71_9.72_9.73_9.74_,405_176_105_214_554_,9.69_9.68_9.67_9.66_9.65_,709_83_296_236_641_
13:06:06,9.70,1,18910,9.70_9.71_9.72_9.73_9.74_,404_177_98_214_554_,9.69_9.68_9.67_9.66_9.65_,708_83_296_236_641_
13:06:17,9.69,1,18911,9.70_9.71_9.72_9.73_9.74_,405_177_98_214_554_,9.69_9.68_9.67_9.66_9.65_,707_83_296_236_641_
13:06:22,9.69,2,18913,9.70_9.71_9.72_9.73_9.74_,414_177_98_214_554_,9.69_9.68_9.67_9.66_9.65_,705_83_296_236_641_
13:06:27,9.69,1,18914,9.70_9.71_9.72_9.73_9.74_,414_177_106_214_554_,9.69_9.68_9.67_9.66_9.65_,704_83_296_236_641_
13:06:32,9.69,6,18920,9.70_9.71_9.72_9.73_9.74_,414_177_106_214_554_,9.69_9.68_9.67_9.66_9.65_,690_83_296_236_641_
13:06:37,9.69,1,18921,9.70_9.71_9.72_9.73_9.74_,414_175_106_214_554_,9.69_9.68_9.67_9.66_9.65_,690_83_296_236_641_
13:06:42,9.69,1,18921,9.70_9.71_9.72_9.73_9.74_,414_174_106_214_554_,9.69_9.68_9.67_9.66_9.65_,690_83_296_236_641_
13:06:48,9.69,2,18923,9.70_9.71_9.72_9.73_9.74_,416_174_106_214_554_,9.69_9.68_9.67_9.66_9.65_,688_83_296_236_641_
13:06:53,9.69,10,18933,9.70_9.71_9.72_9.73_9.74_,418_173_106_214_554_,9.69_9.68_9.67_9.66_9.65_,678_83_296_236_641_
13:06:58,9.69,2,18935,9.70_9.71_9.72_9.73_9.74_,419_173_106_214_554_,9.69_9.68_9.67_9.66_9.65_,676_83_296_236_641_
13:07:03,9.69,2,18935,9.70_9.71_9.72_9.73_9.74_,419_177_106_214_554_,9.69_9.68_9.67_9.66_9.65_,676_83_296_236_641_
13:07:08,9.70,5,18940,9.70_9.71_9.72_9.73_9.74_,415_177_106_214_554_,9.69_9.68_9.67_9.66_9.65_,675_83_296_236_641_
13:07:13,9.70,2,18942,9.70_9.71_9.72_9.73_9.74_,413_177_106_214_554_,9.69_9.68_9.67_9.66_9.65_,675_83_295_236_641_
13:07:18,9.69,2,18944,9.70_9.71_9.72_9.73_9.74_,412_177_106_214_554_,9.69_9.68_9.67_9.66_9.65_,674_83_295_236_641_
13:07:23,9.69,2,18946,9.70_9.71_9.72_9.73_9.74_,410_177_106_214_554_,9.69_9.68_9.67_9.66_9.65_,672_83_295_236_641_
13:07:39,9.69,2,18946,9.70_9.71_9.72_9.73_9.74_,410_177_106_214_554_,9.69_9.68_9.67_9.66_9.65_,674_83_295_236_641_
13:07:44,9.69,5,18951,9.70_9.71_9.72_9.73_9.74_,410_177_106_214_554_,9.69_9.68_9.67_9.66_9.65_,669_83_295_236_641_
13:07:54,9.69,1,18956,9.70_9.71_9.72_9.73_9.74_,410_177_106_214_554_,9.69_9.68_9.67_9.66_9.65_,676_83_295_236_641_
13:08:05,9.70,2,18958,9.70_9.71_9.72_9.73_9.74_,410_177_106_214_554_,9.69_9.68_9.67_9.66_9.65_,674_83_295_236_641_
13:08:10,9.69,3,18961,9.70_9.71_9.72_9.73_9.74_,431_177_106_214_554_,9.69_9.68_9.67_9.66_9.65_,671_83_296_236_641_
13:08:15,9.69,6,18967,9.70_9.71_9.72_9.73_9.74_,431_172_106_214_554_,9.69_9.68_9.67_9.66_9.65_,657_83_296_236_641_
13:08:20,9.70,2,18969,9.70_9.71_9.72_9.73_9.74_,430_172_106_214_554_,9.69_9.68_9.67_9.66_9.65_,657_83_296_236_641_
13:08:25,9.69,3,18972,9.70_9.71_9.72_9.73_9.74_,428_172_106_214_554_,9.69_9.68_9.67_9.66_9.65_,654_83_296_236_641_
13:08:30,9.69,3,18972,9.70_9.71_9.72_9.73_9.74_,428_172_106_214_554_,9.69_9.68_9.67_9.66_9.65_,654_84_296_236_641_
13:08:35,9.70,15,18987,9.70_9.71_9.72_9.73_9.74_,412_172_106_214_554_,9.69_9.68_9.67_9.66_9.65_,654_84_296_236_641_
13:08:41,9.70,6,18993,9.70_9.71_9.72_9.73_9.74_,409_172_106_214_554_,9.69_9.68_9.67_9.66_9.65_,655_84_296_236_641_
13:08:46,9.70,11,19004,9.70_9.71_9.72_9.73_9.74_,403_172_106_214_554_,9.69_9.68_9.67_9.66_9.65_,657_84_296_236_641_
13:08:51,9.70,11,19015,9.70_9.71_9.72_9.73_9.74_,401_176_106_214_554_,9.69_9.68_9.67_9.66_9.65_,657_84_296_236_641_
13:08:56,9.70,12,19027,9.70_9.71_9.72_9.73_9.74_,391_174_107_214_554_,9.69_9.68_9.67_9.66_9.65_,657_84_296_236_641_
13:09:01,9.70,16,19043,9.70_9.71_9.72_9.73_9.74_,377_177_107_214_554_,9.69_9.68_9.67_9.66_9.65_,656_84_296_236_641_
13:09:06,9.70,12,19055,9.70_9.71_9.72_9.73_9.74_,367_176_107_214_554_,9.69_9.68_9.67_9.66_9.65_,654_82_296_236_641_
13:09:11,9.70,1,19056,9.70_9.71_9.72_9.73_9.74_,432_140_106_214_554_,9.69_9.68_9.67_9.66_9.65_,654_82_296_236_641_
13:09:16,9.69,41,19097,9.70_9.71_9.72_9.73_9.74_,437_141_107_214_554_,9.69_9.68_9.67_9.66_9.65_,623_82_296_236_641_
13:09:22,9.70,23,19120,9.70_9.71_9.72_9.73_9.74_,414_141_107_214_554_,9.69_9.68_9.67_9.66_9.65_,623_86_296_236_641_
13:09:32,9.70,10,19140,9.70_9.71_9.72_9.73_9.74_,396_141_112_214_554_,9.69_9.68_9.67_9.66_9.65_,623_86_296_236_641_
13:09:37,9.70,10,19150,9.70_9.71_9.72_9.73_9.74_,386_141_110_214_554_,9.69_9.68_9.67_9.66_9.65_,623_86_296_236_641_
13:09:42,9.70,15,19165,9.70_9.71_9.72_9.73_9.74_,372_141_120_214_554_,9.69_9.68_9.67_9.66_9.65_,624_86_296_236_641_
13:09:47,9.70,11,19176,9.70_9.71_9.72_9.73_9.74_,361_141_120_214_554_,9.69_9.68_9.67_9.66_9.65_,624_86_296_236_641_
13:09:52,9.70,10,19186,9.70_9.71_9.72_9.73_9.74_,353_141_120_214_554_,9.69_9.68_9.67_9.66_9.65_,624_86_296_236_641_
13:09:57,9.70,10,19196,9.70_9.71_9.72_9.73_9.74_,344_141_120_214_554_,9.69_9.68_9.67_9.66_9.65_,624_86_296_236_641_
13:10:03,9.69,15,19211,9.70_9.71_9.72_9.73_9.74_,354_141_120_214_554_,9.69_9.68_9.67_9.66_9.65_,620_86_296_236_641_
13:10:08,9.70,21,19232,9.70_9.71_9.72_9.73_9.74_,334_141_120_214_554_,9.69_9.68_9.67_9.66_9.65_,620_86_296_236_641_
13:10:13,9.70,11,19243,9.70_9.71_9.72_9.73_9.74_,345_141_120_214_554_,9.69_9.68_9.67_9.66_9.65_,620_86_296_236_641_
13:10:18,9.70,10,19253,9.70_9.71_9.72_9.73_9.74_,337_141_120_214_554_,9.69_9.68_9.67_9.66_9.65_,620_86_296_236_641_
13:10:23,9.70,13,19266,9.70_9.71_9.72_9.73_9.74_,335_141_120_214_554_,9.69_9.68_9.67_9.66_9.65_,648_105_296_236_641_
13:10:28,9.70,10,19276,9.70_9.71_9.72_9.73_9.74_,327_141_120_214_554_,9.69_9.68_9.67_9.66_9.65_,648_105_296_236_641_
13:10:33,9.70,17,19293,9.70_9.71_9.72_9.73_9.74_,311_141_120_214_554_,9.69_9.68_9.67_9.66_9.65_,648_105_296_236_641_
13:10:38,9.70,10,19303,9.70_9.71_9.72_9.73_9.74_,303_141_120_214_554_,9.69_9.68_9.67_9.66_9.65_,624_105_296_236_641_
13:10:44,9.70,12,19315,9.70_9.71_9.72_9.73_9.74_,292_141_120_214_554_,9.69_9.68_9.67_9.66_9.65_,623_105_296_236_641_
13:10:49,9.70,10,19325,9.70_9.71_9.72_9.73_9.74_,285_141_120_214_554_,9.69_9.68_9.67_9.66_9.65_,624_105_296_236_641_
13:10:54,9.70,10,19335,9.70_9.71_9.72_9.73_9.74_,277_141_120_214_554_,9.69_9.68_9.67_9.66_9.65_,624_105_296_236_641_
13:10:59,9.70,16,19351,9.70_9.71_9.72_9.73_9.74_,261_139_120_214_554_,9.69_9.68_9.67_9.66_9.65_,624_104_296_236_641_
13:11:04,9.70,10,19361,9.70_9.71_9.72_9.73_9.74_,256_139_122_214_554_,9.69_9.68_9.67_9.66_9.65_,624_104_296_236_641_
13:11:09,9.70,12,19373,9.70_9.71_9.72_9.73_9.74_,245_139_123_214_554_,9.69_9.68_9.67_9.66_9.65_,624_104_296_236_641_
13:11:14,9.70,16,19389,9.70_9.71_9.72_9.73_9.74_,229_139_123_214_554_,9.69_9.68_9.67_9.66_9.65_,624_104_296_236_641_
13:11:19,9.70,13,19402,9.70_9.71_9.72_9.73_9.74_,216_138_123_214_554_,9.69_9.68_9.67_9.66_9.65_,624_104_296_236_641_
13:11:24,9.70,20,19422,9.70_9.71_9.72_9.73_9.74_,201_138_123_214_554_,9.69_9.68_9.67_9.66_9.65_,623_104_296_236_641_
13:11:30,9.70,11,19433,9.70_9.71_9.72_9.73_9.74_,190_137_124_214_554_,9.69_9.68_9.67_9.66_9.65_,624_104_296_236_641_
13:11:35,9.70,10,19443,9.70_9.71_9.72_9.73_9.74_,185_138_122_214_554_,9.69_9.68_9.67_9.66_9.65_,624_104_296_236_641_
13:11:40,9.70,12,19455,9.70_9.71_9.72_9.73_9.74_,179_138_122_214_554_,9.69_9.68_9.67_9.66_9.65_,626_104_296_236_641_
13:11:45,9.70,12,19467,9.70_9.71_9.72_9.73_9.74_,168_138_123_214_554_,9.69_9.68_9.67_9.66_9.65_,626_104_296_236_641_
13:11:50,9.70,13,19480,9.70_9.71_9.72_9.73_9.74_,155_138_123_214_554_,9.69_9.68_9.67_9.66_9.65_,626_104_296_236_641_
13:11:55,9.70,18,19498,9.70_9.71_9.72_9.73_9.74_,139_138_123_214_554_,9.69_9.68_9.67_9.66_9.65_,626_104_296_236_641_
13:12:00,9.70,2,19500,9.70_9.71_9.72_9.73_9.74_,334_138_123_214_554_,9.69_9.68_9.67_9.66_9.65_,622_104_296_236_641_
13:12:06,9.70,10,19510,9.70_9.71_9.72_9.73_9.74_,339_138_120_214_554_,9.69_9.68_9.67_9.66_9.65_,622_105_296_236_641_
13:12:11,9.70,11,19521,9.70_9.71_9.72_9.73_9.74_,330_138_120_214_554_,9.69_9.68_9.67_9.66_9.65_,622_105_296_236_641_
13:12:16,9.69,1,19522,9.70_9.71_9.72_9.73_9.74_,330_138_120_214_554_,9.69_9.68_9.67_9.66_9.65_,621_105_296_236_641_
13:12:21,9.70,9,19531,9.70_9.71_9.72_9.73_9.74_,321_138_110_214_554_,9.69_9.68_9.67_9.66_9.65_,619_105_296_236_641_
13:12:26,9.69,2,19533,9.70_9.71_9.72_9.73_9.74_,322_138_110_214_554_,9.69_9.68_9.67_9.66_9.65_,617_105_296_236_641_
13:12:31,9.70,1,19534,9.70_9.71_9.72_9.73_9.74_,326_138_110_214_554_,9.69_9.68_9.67_9.66_9.65_,617_105_296_236_641_
13:12:36,9.70,1,19534,9.70_9.71_9.72_9.73_9.74_,328_138_110_214_554_,9.69_9.68_9.67_9.66_9.65_,617_105_296_236_641_
13:12:41,9.70,1,19534,9.70_9.71_9.72_9.73_9.74_,329_138_110_214_554_,9.69_9.68_9.67_9.66_9.65_,618_105_296_236_641_
13:12:47,9.70,3,19537,9.70_9.71_9.72_9.73_9.74_,327_138_110_214_554_,9.69_9.68_9.67_9.66_9.65_,618_105_296_238_641_
13:12:52,9.69,3,19540,9.70_9.71_9.72_9.73_9.74_,327_138_110_214_554_,9.69_9.68_9.67_9.66_9.65_,615_105_296_238_641_
13:12:57,9.69,10,19550,9.70_9.71_9.72_9.73_9.74_,328_138_110_214_554_,9.69_9.68_9.67_9.66_9.65_,592_86_296_238_641_
13:13:02,9.70,24,19574,9.70_9.71_9.72_9.73_9.74_,306_138_104_214_554_,9.69_9.68_9.67_9.66_9.65_,592_86_296_238_641_
13:13:07,9.70,11,19585,9.70_9.71_9.72_9.73_9.74_,298_138_104_214_554_,9.69_9.68_9.67_9.66_9.65_,591_86_296_238_641_
13:13:12,9.69,2,19587,9.70_9.71_9.72_9.73_9.74_,317_138_104_214_554_,9.69_9.68_9.67_9.66_9.65_,589_86_296_238_641_
13:13:23,9.70,1,19588,9.70_9.71_9.72_9.73_9.74_,318_138_104_214_554_,9.69_9.68_9.67_9.66_9.65_,588_86_296_238_641_
13:13:28,9.70,1,19588,9.70_9.71_9.72_9.73_9.74_,319_139_105_215_555_,9.69_9.68_9.67_9.66_9.65_,588_86_296_238_641_
13:13:33,9.70,4,19592,9.70_9.71_9.72_9.73_9.74_,316_139_105_215_555_,9.69_9.68_9.67_9.66_9.65_,588_86_296_238_641_
13:13:38,9.69,1,19593,9.70_9.71_9.72_9.73_9.74_,322_139_105_215_555_,9.69_9.68_9.67_9.66_9.65_,588_86_296_238_641_
13:13:43,9.70,1,19594,9.70_9.71_9.72_9.73_9.74_,321_139_105_215_555_,9.69_9.68_9.67_9.66_9.65_,587_86_296_238_641_
13:13:48,9.69,9,19603,9.70_9.71_9.72_9.73_9.74_,323_139_115_215_555_,9.69_9.68_9.67_9.66_9.65_,585_86_296_238_641_
13:13:53,9.69,2,19605,9.70_9.71_9.72_9.73_9.74_,323_139_115_215_555_,9.69_9.68_9.67_9.66_9.65_,583_85_296_238_641_
13:13:58,9.70,1,19606,9.70_9.71_9.72_9.73_9.74_,322_139_115_215_555_,9.69_9.68_9.67_9.66_9.65_,583_85_296_238_641_
13:14:04,9.69,2,19608,9.70_9.71_9.72_9.73_9.74_,321_139_115_215_555_,9.69_9.68_9.67_9.66_9.65_,581_85_296_238_641_
13:14:09,9.70,5,19613,9.70_9.71_9.72_9.73_9.74_,316_139_115_215_555_,9.69_9.68_9.67_9.66_9.65_,583_85_296_238_641_
13:14:14,9.70,9,19622,9.70_9.71_9.72_9.73_9.74_,407_139_115_215_555_,9.69_9.68_9.67_9.66_9.65_,569_85_296_238_641_
13:14:19,9.69,15,19637,9.70_9.71_9.72_9.73_9.74_,458_139_115_215_555_,9.69_9.68_9.67_9.66_9.65_,554_85_296_238_641_
13:14:24,9.69,15,19637,9.70_9.71_9.72_9.73_9.74_,460_139_115_215_555_,9.69_9.68_9.67_9.66_9.65_,554_85_296_238_641_
13:14:29,9.70,1,19638,9.70_9.71_9.72_9.73_9.74_,459_139_115_215_555_,9.69_9.68_9.67_9.66_9.65_,553_85_296_238_641_
13:14:34,9.69,20,19658,9.70_9.71_9.72_9.73_9.74_,459_139_115_215_555_,9.69_9.68_9.67_9.66_9.65_,533_85_296_238_641_
13:14:40,9.69,20,19658,9.70_9.71_9.72_9.73_9.74_,459_139_115_215_555_,9.69_9.68_9.67_9.66_9.65_,534_85_296_238_641_
13:14:45,9.69,14,19672,9.70_9.71_9.72_9.73_9.74_,458_139_115_215_555_,9.69_9.68_9.67_9.66_9.65_,525_85_296_238_641_
13:14:50,9.69,5,19677,9.70_9.71_9.72_9.73_9.74_,456_139_115_215_555_,9.69_9.68_9.67_9.66_9.65_,520_85_296_238_641_
13:14:55,9.69,5,19677,9.70_9.71_9.72_9.73_9.74_,458_139_115_215_555_,9.69_9.68_9.67_9.66_9.65_,520_85_296_238_641_
13:15:00,9.69,5,19677,9.70_9.71_9.72_9.73_9.74_,467_140_115_215_555_,9.69_9.68_9.67_9.66_9.65_,528_85_296_238_641_
13:15:05,9.69,5,19677,9.70_9.71_9.72_9.73_9.74_,470_140_115_215_555_,9.69_9.68_9.67_9.66_9.65_,540_97_296_238_641_
13:15:10,9.69,5,19677,9.70_9.71_9.72_9.73_9.74_,469_140_115_215_555_,9.69_9.68_9.67_9.66_9.65_,540_97_296_238_641_
13:15:15,9.69,5,19677,9.70_9.71_9.72_9.73_9.74_,471_140_114_215_555_,9.69_9.68_9.67_9.66_9.65_,540_97_296_238_641_
13:15:21,9.70,5,19682,9.70_9.71_9.72_9.73_9.74_,466_140_112_215_555_,9.69_9.68_9.67_9.66_9.65_,540_97_296_238_641_
13:15:26,9.70,7,19689,9.70_9.71_9.72_9.73_9.74_,459_140_112_215_555_,9.69_9.68_9.67_9.66_9.65_,541_97_296_238_641_
13:15:31,9.70,7,19689,9.70_9.71_9.72_9.73_9.74_,459_140_115_215_555_,9.69_9.68_9.67_9.66_9.65_,541_97_296_238_641_
13:15:36,9.70,12,19701,9.70_9.71_9.72_9.73_9.74_,448_140_115_215_555_,9.69_9.68_9.67_9.66_9.65_,541_97_296_238_641_
13:15:41,9.70,10,19711,9.70_9.71_9.72_9.73_9.74_,438_140_115_215_555_,9.69_9.68_9.67_9.66_9.65_,541_97_296_238_641_
13:15:46,9.69,1,19712,9.70_9.71_9.72_9.73_9.74_,438_140_115_215_555_,9.69_9.68_9.67_9.66_9.65_,540_97_296_238_641_
13:15:51,9.70,10,19722,9.70_9.71_9.72_9.73_9.74_,431_140_115_215_555_,9.69_9.68_9.67_9.66_9.65_,541_97_296_238_641_
13:15:56,9.70,14,19736,9.70_9.71_9.72_9.73_9.74_,431_140_113_215_555_,9.69_9.68_9.67_9.66_9.65_,541_97_296_238_641_
13:16:02,9.70,11,19747,9.70_9.71_9.72_9.73_9.74_,444_140_112_215_555_,9.69_9.68_9.67_9.66_9.65_,540_97_296_238_641_
13:16:07,9.70,16,19763,9.70_9.71_9.72_9.73_9.74_,440_140_112_215_555_,9.69_9.68_9.67_9.66_9.65_,540_97_296_238_641_
13:16:12,9.70,11,19774,9.70_9.71_9.72_9.73_9.74_,432_140_115_215_555_,9.69_9.68_9.67_9.66_9.65_,539_97_296_238_641_
13:16:17,9.70,10,19784,9.70_9.71_9.72_9.73_9.74_,424_140_115_215_555_,9.69_9.68_9.67_9.66_9.65_,539_97_296_238_641_
13:16:22,9.70,10,19794,9.70_9.71_9.72_9.73_9.74_,415_139_115_215_555_,9.69_9.68_9.67_9.66_9.65_,540_97_296_238_641_
13:16:27,9.70,10,19804,9.70_9.71_9.72_9.73_9.74_,411_139_115_215_555_,9.69_9.68_9.67_9.66_9.65_,542_98_296_238_641_
13:16:32,9.70,24,19828,9.70_9.71_9.72_9.73_9.74_,400_139_115_215_555_,9.69_9.68_9.67_9.66_9.65_,539_98_296_238_641_
13:16:38,9.70,11,19839,9.70_9.71_9.72_9.73_9.74_,395_139_115_215_555_,9.69_9.68_9.67_9.66_9.65_,537_98_296_238_641_
13:16:43,9.70,10,19849,9.70_9.71_9.72_9.73_9.74_,393_139_115_215_555_,9.69_9.68_9.67_9.66_9.65_,548_98_296_238_641_
13:16:48,9.70,10,19859,9.70_9.71_9.72_9.73_9.74_,384_139_115_215_555_,9.69_9.68_9.67_9.66_9.65_,548_98_296_238_641_
13:16:53,9.70,10,19869,9.70_9.71_9.72_9.73_9.74_,378_139_115_215_555_,9.69_9.68_9.67_9.66_9.65_,548_98_296_238_641_
13:16:58,9.70,10,19879,9.70_9.71_9.72_9.73_9.74_,371_139_115_215_555_,9.69_9.68_9.67_9.66_9.65_,549_100_296_238_641_
13:17:03,9.70,18,19897,9.70_9.71_9.72_9.73_9.74_,359_139_115_215_555_,9.69_9.68_9.67_9.66_9.65_,549_100_296_238_641_
13:17:08,9.70,17,19914,9.70_9.71_9.72_9.73_9.74_,349_139_115_215_555_,9.69_9.68_9.67_9.66_9.65_,549_100_296_238_641_
13:17:14,9.70,11,19925,9.70_9.71_9.72_9.73_9.74_,341_139_115_215_555_,9.69_9.68_9.67_9.66_9.65_,548_100_296_238_641_
13:17:19,9.69,1,19926,9.70_9.71_9.72_9.73_9.74_,340_139_115_215_555_,9.69_9.68_9.67_9.66_9.65_,547_100_296_238_641_
13:17:24,9.69,18,19944,9.70_9.71_9.72_9.73_9.74_,320_129_115_215_555_,9.69_9.68_9.67_9.66_9.65_,544_100_296_238_641_
13:17:29,9.69,4,19948,9.70_9.71_9.72_9.73_9.74_,321_129_115_215_555_,9.69_9.68_9.67_9.66_9.65_,540_100_296_238_641_
13:17:34,9.69,4,19948,9.70_9.71_9.72_9.73_9.74_,319_129_115_215_555_,9.69_9.68_9.67_9.66_9.65_,540_102_296_238_641_
13:17:39,9.70,1,19949,9.70_9.71_9.72_9.73_9.74_,320_129_115_215_555_,9.69_9.68_9.67_9.66_9.65_,541_102_296_238_641_
13:17:49,9.70,7,19963,9.70_9.71_9.72_9.73_9.74_,313_129_115_215_555_,9.69_9.68_9.67_9.66_9.65_,538_102_296_238_641_
13:17:55,9.69,2,19965,9.70_9.71_9.72_9.73_9.74_,314_129_115_215_555_,9.69_9.68_9.67_9.66_9.65_,536_102_296_238_641_
13:18:00,9.69,5,19970,9.70_9.71_9.72_9.73_9.74_,311_129_116_215_555_,9.69_9.68_9.67_9.66_9.65_,531_102_296_238_641_
13:18:05,9.69,1,19971,9.70_9.71_9.72_9.73_9.74_,302_129_116_215_555_,9.69_9.68_9.67_9.66_9.65_,531_102_296_238_641_
13:18:10,9.70,1,19972,9.70_9.71_9.72_9.73_9.74_,300_129_116_215_555_,9.69_9.68_9.67_9.66_9.65_,530_102_296_238_641_
13:18:15,9.70,1,19972,9.70_9.71_9.72_9.73_9.74_,300_129_115_215_555_,9.69_9.68_9.67_9.66_9.65_,520_102_296_238_641_
13:18:20,9.70,7,19979,9.70_9.71_9.72_9.73_9.74_,293_129_115_215_555_,9.69_9.68_9.67_9.66_9.65_,521_102_296_238_641_
13:18:25,9.69,2,19981,9.70_9.71_9.72_9.73_9.74_,294_129_115_215_555_,9.69_9.68_9.67_9.66_9.65_,519_102_296_238_641_
13:18:31,9.69,5,19986,9.70_9.71_9.72_9.73_9.74_,293_129_115_215_555_,9.69_9.68_9.67_9.66_9.65_,514_102_296_238_641_
13:18:36,9.69,1,19987,9.70_9.71_9.72_9.73_9.74_,301_129_115_215_555_,9.69_9.68_9.67_9.66_9.65_,513_102_296_238_641_
13:18:41,9.69,2,19989,9.70_9.71_9.72_9.73_9.74_,301_129_115_215_555_,9.69_9.68_9.67_9.66_9.65_,512_102_296_238_641_
13:18:46,9.69,14,20003,9.70_9.71_9.72_9.73_9.74_,301_129_113_215_555_,9.69_9.68_9.67_9.66_9.65_,498_102_296_238_641_
13:18:51,9.69,5,20008,9.70_9.71_9.72_9.73_9.74_,299_129_113_215_555_,9.69_9.68_9.67_9.66_9.65_,495_102_296_238_641_
13:19:01,9.69,5,20008,9.70_9.71_9.72_9.73_9.74_,302_129_113_215_555_,9.69_9.68_9.67_9.66_9.65_,495_102_296_238_641_
13:19:07,9.69,1,20009,9.70_9.71_9.72_9.73_9.74_,303_129_117_215_555_,9.69_9.68_9.67_9.66_9.65_,494_102_296_238_641_
13:19:17,9.69,1,20009,9.70_9.71_9.72_9.73_9.74_,305_129_117_215_555_,9.69_9.68_9.67_9.66_9.65_,494_102_296_238_641_
13:19:22,9.69,4,20013,9.70_9.71_9.72_9.73_9.74_,305_129_117_215_555_,9.69_9.68_9.67_9.66_9.65_,490_102_296_238_641_
13:19:27,9.70,11,20024,9.70_9.71_9.72_9.73_9.74_,295_129_115_215_555_,9.69_9.68_9.67_9.66_9.65_,490_102_296_238_641_
13:19:32,9.69,5,20029,9.70_9.71_9.72_9.73_9.74_,295_129_115_215_555_,9.69_9.68_9.67_9.66_9.65_,486_102_296_238_641_
13:19:37,9.70,3,20032,9.70_9.71_9.72_9.73_9.74_,293_129_115_215_555_,9.69_9.68_9.67_9.66_9.65_,485_102_296_238_641_
13:19:42,9.69,3,20035,9.70_9.71_9.72_9.73_9.74_,292_129_115_215_555_,9.69_9.68_9.67_9.66_9.65_,482_102_296_238_641_
13:19:48,9.69,1,20036,9.70_9.71_9.72_9.73_9.74_,293_129_115_215_555_,9.69_9.68_9.67_9.66_9.65_,481_102_296_238_641_
13:19:53,9.69,1,20036,9.70_9.71_9.72_9.73_9.74_,293_129_113_215_555_,9.69_9.68_9.67_9.66_9.65_,481_102_296_238_641_
13:19:58,9.69,2,20038,9.70_9.71_9.72_9.73_9.74_,313_129_112_215_555_,9.69_9.68_9.67_9.66_9.65_,479_103_296_238_641_
13:20:03,9.69,48,20086,9.70_9.71_9.72_9.73_9.74_,316_112_112_215_555_,9.69_9.68_9.67_9.66_9.65_,431_103_296_238_641_
13:20:08,9.70,15,20101,9.70_9.71_9.72_9.73_9.74_,354_112_112_215_555_,9.69_9.68_9.67_9.66_9.65_,433_103_296_238_641_
13:20:18,9.69,3,20107,9.70_9.71_9.72_9.73_9.74_,345_140_112_215_555_,9.69_9.68_9.67_9.66_9.65_,427_103_296_238_641_
13:20:24,9.69,2,20109,9.70_9.71_9.72_9.73_9.74_,344_140_112_215_555_,9.69_9.68_9.67_9.66_9.65_,426_103_296_238_641_
13:20:29,9.69,2,20109,9.70_9.71_9.72_9.73_9.74_,344_140_130_215_555_,9.69_9.68_9.67_9.66_9.65_,426_103_296_238_641_
13:20:39,9.70,2,20111,9.70_9.71_9.72_9.73_9.74_,362_140_130_215_555_,9.69_9.68_9.67_9.66_9.65_,426_103_296_238_641_
13:20:44,9.69,2,20113,9.70_9.71_9.72_9.73_9.74_,363_140_130_215_555_,9.69_9.68_9.67_9.66_9.65_,425_103_296_238_641_
13:20:49,9.69,1,20114,9.70_9.71_9.72_9.73_9.74_,363_140_130_250_555_,9.69_9.68_9.67_9.66_9.65_,424_103_296_238_641_
13:20:54,9.69,8,20122,9.70_9.71_9.72_9.73_9.74_,362_140_130_250_555_,9.69_9.68_9.67_9.66_9.65_,416_103_296_238_641_
13:21:00,9.69,13,20135,9.70_9.71_9.72_9.73_9.74_,362_140_130_250_555_,9.69_9.68_9.67_9.66_9.65_,403_103_296_238_641_
13:21:05,9.70,5,20140,9.70_9.71_9.72_9.73_9.74_,360_140_130_250_555_,9.69_9.68_9.67_9.66_9.65_,403_103_296_238_641_
13:21:10,9.69,2,20142,9.70_9.71_9.72_9.73_9.74_,358_140_130_250_555_,9.69_9.68_9.67_9.66_9.65_,401_103_296_238_641_
13:21:15,9.69,151,20293,9.70_9.71_9.72_9.73_9.74_,360_140_130_250_555_,9.69_9.68_9.67_9.66_9.65_,257_103_296_238_641_
13:21:20,9.69,153,20446,9.70_9.71_9.72_9.73_9.74_,278_140_130_250_555_,9.69_9.68_9.67_9.66_9.65_,121_103_296_238_641_
13:21:25,9.69,114,20560,9.70_9.71_9.72_9.73_9.74_,273_140_130_250_555_,9.69_9.68_9.67_9.66_9.65_,22_103_296_238_641_
13:21:30,9.69,43,20603,9.69_9.70_9.71_9.72_9.73_,15_249_140_130_250_,9.68_9.67_9.66_9.65_9.64_,96_296_238_641_91_
13:21:35,9.69,6,20609,9.69_9.70_9.71_9.72_9.73_,104_230_123_120_488_,9.68_9.67_9.66_9.65_9.64_,111_296_240_391_341_
13:21:40,9.68,6,20615,9.69_9.70_9.71_9.72_9.73_,109_210_123_120_499_,9.68_9.67_9.66_9.65_9.64_,126_296_240_391_311_
13:21:46,9.68,10,20625,9.69_9.70_9.71_9.72_9.73_,119_195_123_120_499_,9.68_9.67_9.66_9.65_9.64_,120_296_240_391_312_
13:21:51,9.69,5,20630,9.69_9.70_9.71_9.72_9.73_,118_191_123_120_499_,9.68_9.67_9.66_9.65_9.64_,122_298_238_391_312_
13:21:56,9.68,3,20633,9.69_9.70_9.71_9.72_9.73_,118_172_123_120_499_,9.68_9.67_9.66_9.65_9.64_,119_298_238_391_312_
13:22:01,9.68,2,20635,9.69_9.70_9.71_9.72_9.73_,144_172_123_120_470_,9.68_9.67_9.66_9.65_9.64_,118_298_237_391_312_
13:22:06,9.68,10,20645,9.69_9.70_9.71_9.72_9.73_,149_172_123_120_471_,9.68_9.67_9.66_9.65_9.64_,108_298_237_391_312_
13:22:11,9.68,10,20645,9.69_9.70_9.71_9.72_9.73_,149_172_123_120_471_,9.68_9.67_9.66_9.65_9.64_,128_298_237_391_312_
13:22:21,9.68,6,20662,9.69_9.70_9.71_9.72_9.73_,154_179_123_120_471_,9.68_9.67_9.66_9.65_9.64_,120_298_237_391_312_
13:22:27,9.68,6,20662,9.69_9.70_9.71_9.72_9.73_,152_179_123_120_471_,9.68_9.67_9.66_9.65_9.64_,120_298_237_391_312_
13:22:32,9.68,6,20662,9.69_9.70_9.71_9.72_9.73_,151_179_123_170_471_,9.68_9.67_9.66_9.65_9.64_,120_298_237_391_362_
13:22:42,9.68,6,20662,9.69_9.70_9.71_9.72_9.73_,151_179_123_170_471_,9.68_9.67_9.66_9.65_9.64_,122_298_237_391_362_
13:22:47,9.68,6,20662,9.69_9.70_9.71_9.72_9.73_,152_179_123_170_471_,9.68_9.67_9.66_9.65_9.64_,122_298_237_391_362_
13:22:52,9.68,35,20697,9.69_9.70_9.71_9.72_9.73_,151_166_123_170_471_,9.68_9.67_9.66_9.65_9.64_,87_298_237_391_362_
13:22:57,9.69,15,20712,9.69_9.70_9.71_9.72_9.73_,139_166_123_170_471_,9.68_9.67_9.66_9.65_9.64_,62_296_237_391_362_
13:23:03,9.69,21,20733,9.69_9.70_9.71_9.72_9.73_,118_166_123_170_471_,9.68_9.67_9.66_9.65_9.64_,64_296_237_391_362_
13:23:08,9.68,2,20735,9.69_9.70_9.71_9.72_9.73_,117_166_123_170_471_,9.68_9.67_9.66_9.65_9.64_,63_296_237_391_362_
13:23:13,9.68,15,20750,9.69_9.70_9.71_9.72_9.73_,117_164_123_170_471_,9.68_9.67_9.66_9.65_9.64_,51_296_237_391_362_
13:23:18,9.68,33,20783,9.69_9.70_9.71_9.72_9.73_,58_168_123_170_461_,9.68_9.67_9.66_9.65_9.64_,19_296_237_391_362_
13:23:23,9.69,79,20862,9.70_9.71_9.72_9.73_9.74_,168_123_170_461_329_,9.69_9.68_9.67_9.66_9.65_,121_20_296_237_391_
13:23:28,9.69,91,20953,9.70_9.71_9.72_9.73_9.74_,168_131_170_224_566_,9.69_9.68_9.67_9.66_9.65_,99_17_296_237_641_
13:23:33,9.69,119,21072,9.69_9.70_9.71_9.72_9.73_,8_174_166_171_185_,9.68_9.67_9.66_9.65_9.64_,17_296_237_641_133_
13:23:39,9.69,14,21086,9.69_9.70_9.71_9.72_9.73_,20_168_123_170_422_,9.68_9.67_9.66_9.65_9.64_,43_296_237_391_383_
13:23:44,9.70,30,21116,9.70_9.71_9.72_9.73_9.74_,158_123_170_455_323_,9.68_9.67_9.66_9.65_9.64_,52_296_237_391_383_
13:23:49,9.70,3,21119,9.70_9.71_9.72_9.73_9.74_,157_123_170_218_597_,9.68_9.67_9.66_9.65_9.64_,52_296_237_410_364_
13:23:54,9.70,38,21157,9.70_9.71_9.72_9.73_9.74_,119_132_170_218_597_,9.68_9.67_9.66_9.65_9.64_,54_296_237_410_364_
13:23:59,9.70,19,21176,9.70_9.71_9.72_9.73_9.74_,113_132_170_228_597_,9.68_9.67_9.66_9.65_9.64_,55_296_237_410_364_
13:24:04,9.70,6,21182,9.70_9.71_9.72_9.73_9.74_,107_132_170_295_630_,9.68_9.67_9.66_9.65_9.64_,55_296_237_410_343_
13:24:09,9.70,23,21205,9.70_9.71_9.72_9.73_9.74_,94_132_170_295_630_,9.69_9.68_9.67_9.66_9.65_,1_53_296_237_410_
13:24:14,9.68,49,21254,9.69_9.70_9.71_9.72_9.73_,3_94_132_179_395_,9.68_9.67_9.66_9.65_9.64_,11_296_237_641_112_
13:24:20,9.69,7,21261,9.70_9.71_9.72_9.73_9.74_,100_154_179_632_323_,9.68_9.67_9.66_9.65_9.64_,14_296_237_391_362_
13:24:25,9.68,10,21271,9.70_9.71_9.72_9.73_9.74_,100_154_179_495_560_,9.68_9.67_9.66_9.65_9.64_,7_296_237_641_112_
13:24:30,9.70,49,21320,9.70_9.71_9.72_9.73_9.74_,55_164_179_495_560_,9.68_9.67_9.66_9.65_9.64_,17_296_237_641_112_
13:24:35,9.70,5,21325,9.70_9.71_9.72_9.73_9.74_,55_164_179_495_560_,9.68_9.67_9.66_9.65_9.64_,18_296_237_410_343_
13:24:40,9.70,48,21373,9.70_9.71_9.72_9.73_9.74_,16_164_179_495_560_,9.68_9.67_9.66_9.65_9.64_,33_296_237_410_343_
13:24:45,9.70,18,21391,9.71_9.72_9.73_9.74_9.75_,164_179_495_560_683_,9.70_9.68_9.67_9.66_9.65_,19_29_296_237_410_
13:24:50,9.68,53,21444,9.68_9.71_9.72_9.73_9.74_,87_154_175_495_323_,9.67_9.66_9.65_9.64_9.63_,296_487_391_112_207_
13:24:55,9.71,6,21450,9.71_9.72_9.73_9.74_9.75_,129_175_680_365_683_,9.67_9.66_9.65_9.64_9.63_,391_237_391_112_457_
13:25:05,9.71,6,21450,9.69_,0_,9.67_,0_
13:25:10,9.71,6,21450,9.69_,0_,9.67_,0_
13:25:15,9.71,6,21450,9.69_,0_,9.67_,0_
13:25:20,9.71,6,21450,9.71_,0_,9.70_,0_
13:25:25,9.71,6,21450,9.71_,0_,9.70_,0_
13:25:31,9.71,6,21450,9.71_,0_,9.70_,0_
13:25:36,9.71,6,21450,9.71_,0_,9.70_,0_
13:25:41,9.71,6,21450,9.71_,0_,9.70_,0_
13:25:46,9.71,6,21450,9.71_,0_,9.70_,0_
13:25:51,9.71,6,21450,9.71_,0_,9.70_,0_
13:25:56,9.71,6,21450,9.71_,0_,9.70_,0_
13:26:01,9.71,6,21450,9.71_,0_,9.70_,0_
13:26:06,9.71,6,21450,9.71_,0_,9.70_,0_
13:26:12,9.71,6,21450,9.71_,0_,9.70_,0_
13:26:17,9.71,6,21450,9.71_,0_,9.70_,0_
13:26:27,9.71,6,21450,9.71_,0_,9.70_,0_
13:26:37,9.71,6,21450,9.71_,0_,9.70_,0_
13:26:48,9.71,6,21450,9.71_,0_,9.70_,0_
13:26:58,9.71,6,21450,9.71_,0_,9.70_,0_
13:27:24,9.71,6,21450,9.71_,0_,9.70_,0_
13:27:29,9.71,6,21450,9.71_,0_,9.70_,0_
13:27:34,9.71,6,21450,9.71_,0_,9.70_,0_
13:27:44,9.71,6,21450,9.71_,0_,9.70_,0_
13:27:49,9.71,6,21450,9.71_,0_,9.70_,0_
13:27:54,9.71,6,21450,9.71_,0_,9.70_,0_
13:28:05,9.71,6,21450,9.71_,0_,9.70_,0_
13:28:20,9.71,6,21450,9.71_,0_,9.70_,0_
13:28:46,9.71,6,21450,9.71_,0_,9.70_,0_
13:29:01,9.71,6,21450,9.71_,0_,9.70_,0_
13:29:06,9.71,6,21450,9.71_,0_,9.70_,0_
13:29:11,9.71,6,21450,9.71_,0_,9.70_,0_
13:29:21,9.71,6,21450,9.71_,0_,9.70_,0_
13:29:32,9.71,6,21450,9.71_,0_,9.70_,0_
13:29:37,9.71,6,21450,9.71_,0_,9.70_,0_
13:29:42,9.71,6,21450,9.71_,0_,9.70_,0_
13:29:52,9.71,6,21450,9.71_,0_,9.70_,0_
13:29:57,9.71,6,21450,9.71_,0_,9.70_,0_
13:30:00,9.70,2151,23601,9.71_9.72_9.73_9.74_9.75_,281_406_543_823_1267_,9.70_9.69_9.68_9.67_9.66_,579_199_3_257_296_
