09:00:30,58.80,1,18,59.20_59.30_59.40_59.50_59.60_,8_5_11_16_8_,58.80_58.70_58.60_58.50_58.30_,2_10_14_29_14_
09:00:45,58.80,1,19,59.10_59.20_59.30_59.40_59.50_,1_7_5_15_16_,58.80_58.70_58.60_58.50_58.30_,1_10_14_29_14_
09:00:51,58.80,1,19,59.20_59.30_59.40_59.50_59.60_,8_5_15_16_8_,58.80_58.70_58.60_58.50_58.30_,1_10_14_29_14_
09:00:56,58.80,1,19,59.20_59.30_59.40_59.50_59.60_,8_5_15_16_9_,58.80_58.70_58.60_58.50_58.30_,7_10_14_29_14_
09:01:47,58.80,1,19,59.20_59.30_59.40_59.50_59.60_,7_6_20_16_11_,58.80_58.70_58.60_58.50_58.30_,41_10_12_28_14_
09:02:18,58.80,1,20,59.20_59.30_59.40_59.50_59.60_,7_6_20_16_12_,58.80_58.70_58.60_58.50_58.30_,40_10_12_28_14_
09:02:23,58.80,1,20,59.10_59.20_59.30_59.40_59.50_,1_6_6_27_16_,58.80_58.70_58.60_58.50_58.30_,40_10_12_28_14_
09:03:50,59.00,1,25,59.10_59.20_59.30_59.40_59.50_,3_7_7_33_16_,58.90_58.80_58.70_58.60_58.50_,4_40_17_12_33_
09:04:21,58.90,2,27,59.10_59.20_59.30_59.40_59.50_,3_7_8_22_26_,58.90_58.80_58.70_58.60_58.50_,11_48_15_12_38_
09:04:26,58.90,2,27,59.10_59.20_59.30_59.40_59.50_,3_7_8_22_26_,58.90_58.80_58.70_58.60_58.50_,12_47_15_12_38_
09:06:08,59.10,1,31,59.10_59.20_59.30_59.40_59.50_,3_4_9_10_39_,59.00_58.90_58.80_58.70_58.60_,12_28_41_15_17_
09:06:13,59.10,1,31,59.10_59.20_59.30_59.40_59.50_,3_4_9_10_39_,59.00_58.90_58.80_58.70_58.60_,13_27_41_15_17_
09:06:19,59.10,3,34,59.20_59.30_59.40_59.50_59.60_,4_9_10_39_9_,59.10_59.00_58.90_58.80_58.70_,2_13_27_41_15_
09:06:24,59.20,1,35,59.20_59.30_59.40_59.50_59.60_,4_7_13_17_31_,59.10_59.00_58.90_58.80_58.70_,2_13_27_48_16_
09:06:34,59.10,1,36,59.20_59.30_59.40_59.50_59.60_,4_7_13_17_31_,59.10_59.00_58.90_58.80_58.70_,1_13_32_48_16_
09:06:54,59.10,1,36,59.20_59.30_59.40_59.50_59.60_,4_8_13_18_31_,59.10_59.00_58.90_58.80_58.70_,2_13_32_48_16_
09:08:17,59.30,2,50,59.30_59.40_59.50_59.60_59.70_,1_14_18_10_32_,59.20_59.10_59.00_58.90_58.80_,6_33_8_35_25_
09:08:42,59.30,2,54,59.40_59.50_59.60_59.70_59.80_,14_23_10_10_32_,59.30_59.20_59.10_59.00_58.90_,8_9_27_16_36_
09:09:23,59.30,2,59,59.40_59.50_59.60_59.70_59.80_,18_23_17_18_32_,59.30_59.20_59.10_59.00_58.90_,3_9_27_18_36_
09:09:28,59.40,1,60,59.40_59.50_59.60_59.70_59.80_,17_23_17_18_32_,59.30_59.20_59.10_59.00_58.90_,2_9_31_18_36_
09:09:44,59.20,1,64,59.30_59.40_59.50_59.60_59.70_,1_18_23_17_40_,59.20_59.10_59.00_58.90_58.80_,5_35_11_35_31_
09:11:01,59.20,1,70,59.30_59.40_59.50_59.60_59.70_,12_17_18_22_39_,59.20_59.10_59.00_58.90_58.80_,3_32_13_36_28_
09:11:06,59.20,1,70,59.30_59.40_59.50_59.60_59.70_,12_17_18_22_39_,59.20_59.10_59.00_58.90_58.80_,5_32_13_36_28_
09:11:11,59.20,1,70,59.30_59.40_59.50_59.60_59.70_,12_18_17_22_39_,59.20_59.10_59.00_58.90_58.80_,6_31_11_36_28_
09:11:16,59.20,1,70,59.30_59.40_59.50_59.60_59.70_,12_18_18_22_39_,59.20_59.10_59.00_58.90_58.80_,5_28_11_36_28_
09:12:48,59.20,1,76,59.20_59.30_59.40_59.50_59.60_,8_6_18_26_44_,59.10_59.00_58.90_58.80_58.70_,31_9_32_26_16_
09:12:58,59.10,3,79,59.20_59.30_59.40_59.50_59.60_,8_6_18_26_44_,59.10_59.00_58.90_58.80_58.70_,28_9_32_26_16_
09:13:19,59.10,3,82,59.20_59.30_59.40_59.50_59.60_,8_9_19_25_44_,59.10_59.00_58.90_58.80_58.70_,25_9_32_26_16_
09:14:25,59.10,3,82,59.20_59.30_59.40_59.50_59.60_,8_9_19_25_47_,59.10_59.00_58.90_58.80_58.70_,25_10_32_27_16_
09:14:30,59.10,3,82,59.20_59.30_59.40_59.50_59.60_,11_9_19_25_47_,59.10_59.00_58.90_58.80_58.70_,25_10_32_27_16_
09:14:41,59.10,3,82,59.20_59.30_59.40_59.50_59.60_,11_10_19_26_46_,59.10_59.00_58.90_58.80_58.70_,25_10_32_27_16_
09:15:27,59.20,1,88,59.20_59.30_59.40_59.50_59.60_,12_11_21_26_43_,59.10_59.00_58.90_58.80_58.70_,19_10_32_27_16_
09:16:03,59.20,2,90,59.20_59.30_59.40_59.50_59.60_,13_10_18_26_43_,59.10_59.00_58.90_58.80_58.70_,19_11_33_27_16_
09:16:08,59.20,2,90,59.20_59.30_59.40_59.50_59.60_,15_10_18_26_43_,59.10_59.00_58.90_58.80_58.70_,19_11_33_27_16_
09:16:18,59.20,1,96,59.20_59.30_59.40_59.50_59.60_,12_10_18_26_43_,59.10_59.00_58.90_58.80_58.70_,21_11_37_27_16_
09:17:04,59.20,1,97,59.20_59.30_59.40_59.50_59.60_,12_10_18_26_43_,59.10_59.00_58.90_58.80_58.70_,21_12_37_27_16_
09:17:30,59.20,1,97,59.20_59.30_59.40_59.50_59.60_,13_10_19_26_43_,59.10_59.00_58.90_58.80_58.70_,21_12_37_27_16_
09:18:06,59.20,1,97,59.20_59.30_59.40_59.50_59.60_,13_10_19_26_43_,59.10_59.00_58.90_58.80_58.70_,21_12_37_62_16_
09:18:32,59.20,2,105,59.20_59.30_59.40_59.50_59.60_,8_10_19_26_43_,59.10_59.00_58.90_58.80_58.70_,18_11_37_62_16_
09:18:52,59.20,2,105,59.20_59.30_59.40_59.50_59.60_,8_10_19_26_43_,59.10_59.00_58.90_58.80_58.70_,18_13_37_62_16_
09:18:57,59.20,2,105,59.20_59.30_59.40_59.50_59.60_,8_10_21_26_43_,59.10_59.00_58.90_58.80_58.70_,18_13_37_62_16_
09:19:02,59.20,2,105,59.20_59.30_59.40_59.50_59.60_,8_10_21_26_43_,59.10_59.00_58.90_58.80_58.70_,18_14_37_62_16_
09:19:13,59.10,1,106,59.20_59.30_59.40_59.50_59.60_,8_10_21_26_43_,59.10_59.00_58.90_58.80_58.70_,17_14_37_62_16_
09:19:18,59.10,1,106,59.20_59.30_59.40_59.50_59.60_,8_10_21_26_43_,59.10_59.00_58.90_58.80_58.70_,17_15_44_56_16_
09:19:38,59.10,1,106,59.20_59.30_59.40_59.50_59.60_,8_10_18_29_44_,59.10_59.00_58.90_58.80_58.70_,17_18_41_56_16_
09:21:05,59.10,1,107,59.20_59.30_59.40_59.50_59.60_,14_9_17_29_43_,59.10_59.00_58.90_58.80_58.70_,17_18_41_56_16_
09:21:31,59.10,1,107,59.20_59.30_59.40_59.50_59.60_,9_9_17_29_43_,59.10_59.00_58.90_58.80_58.70_,17_18_41_56_16_
09:21:41,59.10,1,107,59.20_59.30_59.40_59.50_59.60_,9_9_17_29_43_,59.10_59.00_58.90_58.80_58.70_,19_18_41_56_16_
09:21:46,59.10,1,107,59.20_59.30_59.40_59.50_59.60_,9_9_17_29_43_,59.10_59.00_58.90_58.80_58.70_,19_19_41_56_16_
09:22:12,59.10,1,107,59.20_59.30_59.40_59.50_59.60_,9_9_17_29_43_,59.10_59.00_58.90_58.80_58.70_,19_19_40_56_16_
09:22:42,59.20,9,116,59.30_59.40_59.50_59.60_59.70_,9_20_26_43_16_,59.10_59.00_58.90_58.80_58.70_,19_19_40_56_16_
09:22:53,59.30,1,120,59.30_59.40_59.50_59.60_59.70_,5_21_29_21_38_,59.20_59.10_59.00_58.90_58.80_,1_21_15_40_64_
09:22:58,59.30,1,120,59.30_59.40_59.50_59.60_59.70_,5_21_29_21_38_,59.20_59.10_59.00_58.90_58.80_,3_20_15_40_64_
09:23:03,59.30,1,120,59.30_59.40_59.50_59.60_59.70_,6_20_29_21_38_,59.20_59.10_59.00_58.90_58.80_,4_20_14_40_64_
09:23:08,59.30,1,120,59.30_59.40_59.50_59.60_59.70_,6_20_29_21_38_,59.20_59.10_59.00_58.90_58.80_,4_21_13_40_64_
09:23:13,59.30,1,120,59.30_59.40_59.50_59.60_59.70_,7_20_29_21_38_,59.20_59.10_59.00_58.90_58.80_,4_21_13_40_64_
09:23:18,59.30,1,120,59.30_59.40_59.50_59.60_59.70_,6_20_29_21_38_,59.20_59.10_59.00_58.90_58.80_,4_21_13_40_64_
09:23:59,59.30,1,121,59.30_59.40_59.50_59.60_59.70_,8_20_29_21_38_,59.20_59.10_59.00_58.90_58.80_,10_20_11_36_64_
09:26:07,59.40,1,145,59.40_59.50_59.60_59.70_59.80_,17_34_25_17_32_,59.30_59.20_59.10_59.00_58.90_,10_3_17_17_47_
09:26:17,59.40,1,145,59.40_59.50_59.60_59.70_59.80_,17_34_25_17_32_,59.30_59.20_59.10_59.00_58.90_,10_4_17_17_47_
09:28:10,59.30,1,158,59.30_59.40_59.50_59.60_59.70_,6_15_33_22_39_,59.20_59.10_59.00_58.90_58.80_,15_17_11_47_64_
09:28:51,59.30,1,165,59.30_59.40_59.50_59.60_59.70_,5_15_29_22_39_,59.20_59.10_59.00_58.90_58.80_,15_17_15_47_61_
09:29:02,59.30,1,165,59.30_59.40_59.50_59.60_59.70_,6_19_29_21_39_,59.20_59.10_59.00_58.90_58.80_,15_17_16_47_61_
09:29:12,59.30,1,165,59.30_59.40_59.50_59.60_59.70_,6_19_24_21_39_,59.20_59.10_59.00_58.90_58.80_,15_17_15_47_61_
09:29:17,59.30,1,165,59.30_59.40_59.50_59.60_59.70_,6_19_23_21_39_,59.20_59.10_59.00_58.90_58.80_,31_17_15_47_61_
09:30:39,59.20,1,170,59.30_59.40_59.50_59.60_59.70_,11_45_23_21_39_,59.20_59.10_59.00_58.90_58.80_,33_18_16_50_61_
09:31:30,59.20,2,179,59.30_59.40_59.50_59.60_59.70_,17_46_25_21_39_,59.20_59.10_59.00_58.90_58.80_,29_17_17_50_61_
09:32:11,59.20,1,191,59.30_59.40_59.50_59.60_59.70_,19_46_27_21_39_,59.20_59.10_59.00_58.90_58.80_,22_17_13_53_61_
09:33:08,59.20,2,197,59.30_59.40_59.50_59.60_59.70_,19_46_26_21_39_,59.20_59.10_59.00_58.90_58.80_,17_17_15_50_60_
09:33:18,59.20,7,204,59.30_59.40_59.50_59.60_59.70_,19_46_26_21_39_,59.20_59.10_59.00_58.90_58.80_,10_17_15_50_60_
09:33:49,59.10,17,230,59.10_59.20_59.30_59.40_59.50_,8_8_19_46_48_,59.00_58.90_58.80_58.70_58.60_,16_49_58_15_14_
09:36:28,59.00,1,253,59.00_59.10_59.20_59.30_59.40_,9_14_9_16_64_,58.90_58.80_58.70_58.60_58.50_,45_78_15_11_131_
09:39:07,58.90,1,274,59.00_59.10_59.20_59.30_59.40_,8_14_11_16_64_,58.90_58.80_58.70_58.60_58.50_,23_73_18_11_132_
09:39:53,59.00,1,275,59.00_59.10_59.20_59.30_59.40_,7_14_11_16_64_,58.90_58.80_58.70_58.60_58.50_,23_73_18_11_132_
09:40:03,59.00,1,275,59.00_59.10_59.20_59.30_59.40_,8_14_10_16_64_,58.90_58.80_58.70_58.60_58.50_,23_73_18_11_132_
09:40:23,59.00,1,283,59.00_59.10_59.20_59.30_59.40_,13_14_10_16_64_,58.90_58.80_58.70_58.60_58.50_,23_73_18_11_132_
09:41:10,59.00,1,290,59.00_59.10_59.20_59.30_59.40_,10_12_18_20_64_,58.90_58.80_58.70_58.60_58.50_,23_73_18_11_132_
09:42:52,59.00,1,297,59.00_59.10_59.20_59.30_59.40_,12_12_18_21_64_,58.90_58.80_58.70_58.60_58.50_,29_76_18_11_132_
09:44:50,58.80,2,338,58.90_59.00_59.10_59.20_59.30_,18_11_13_12_42_,58.80_58.70_58.60_58.50_58.40_,62_9_22_128_5_
09:47:08,58.80,4,354,58.90_59.00_59.10_59.20_59.30_,22_10_17_11_42_,58.80_58.70_58.60_58.50_58.40_,51_11_20_128_5_
09:47:49,58.90,1,357,58.90_59.00_59.10_59.20_59.30_,22_12_15_13_42_,58.80_58.70_58.60_58.50_58.40_,49_10_23_128_5_
09:48:05,58.90,1,357,58.90_59.00_59.10_59.20_59.30_,23_12_14_13_42_,58.80_58.70_58.60_58.50_58.40_,49_10_23_128_5_
09:49:27,58.80,5,367,58.90_59.00_59.10_59.20_59.30_,26_11_14_12_42_,58.80_58.70_58.60_58.50_58.40_,41_10_22_128_5_
09:50:08,58.90,2,374,58.90_59.00_59.10_59.20_59.30_,24_11_14_12_42_,58.80_58.70_58.60_58.50_58.40_,31_11_21_128_5_
09:50:13,58.90,1,375,58.90_59.00_59.10_59.20_59.30_,23_11_14_12_42_,58.80_58.70_58.60_58.50_58.40_,31_11_21_128_5_
09:50:28,58.90,2,377,58.90_59.00_59.10_59.20_59.30_,21_11_14_13_42_,58.80_58.70_58.60_58.50_58.40_,31_12_21_128_5_
09:50:38,58.90,2,377,58.90_59.00_59.10_59.20_59.30_,21_13_14_13_42_,58.80_58.70_58.60_58.50_58.40_,32_12_21_128_5_
09:52:16,58.80,1,378,58.90_59.00_59.10_59.20_59.30_,21_13_14_13_42_,58.80_58.70_58.60_58.50_58.40_,31_12_21_129_6_
09:52:26,58.80,1,378,58.90_59.00_59.10_59.20_59.30_,21_13_14_13_42_,58.80_58.70_58.60_58.50_58.40_,32_12_21_129_6_
09:52:31,58.80,1,378,58.90_59.00_59.10_59.20_59.30_,21_14_13_13_42_,58.80_58.70_58.60_58.50_58.40_,32_12_21_129_6_
09:55:40,58.90,1,379,58.90_59.00_59.10_59.20_59.30_,21_13_14_13_42_,58.80_58.70_58.60_58.50_58.40_,32_12_23_129_6_
09:56:47,58.90,1,379,58.90_59.00_59.10_59.20_59.30_,21_13_14_13_42_,58.80_58.70_58.60_58.50_58.40_,33_12_23_129_6_
09:57:13,58.90,1,379,58.90_59.00_59.10_59.20_59.30_,21_13_14_13_42_,58.80_58.70_58.60_58.50_58.40_,33_15_20_129_6_
09:57:18,58.90,1,379,58.90_59.00_59.10_59.20_59.30_,21_14_14_13_42_,58.80_58.70_58.60_58.50_58.40_,33_15_20_129_6_
09:58:09,58.90,1,382,58.90_59.00_59.10_59.20_59.30_,18_14_14_12_42_,58.80_58.70_58.60_58.50_58.40_,33_15_20_129_6_
09:58:24,58.90,10,392,58.90_59.00_59.10_59.20_59.30_,8_14_14_12_42_,58.80_58.70_58.60_58.50_58.40_,33_16_20_129_6_
09:58:40,58.90,3,398,58.90_59.00_59.10_59.20_59.30_,25_15_13_12_44_,58.80_58.70_58.60_58.50_58.40_,32_16_20_129_6_
09:58:45,58.90,3,398,58.90_59.00_59.10_59.20_59.30_,25_15_13_12_44_,58.80_58.70_58.60_58.50_58.40_,32_17_20_129_6_
09:59:00,58.90,3,398,58.90_59.00_59.10_59.20_59.30_,25_15_13_32_44_,58.80_58.70_58.60_58.50_58.40_,32_17_20_129_6_
09:59:31,58.90,1,399,58.90_59.00_59.10_59.20_59.30_,28_13_15_33_43_,58.80_58.70_58.60_58.50_58.40_,33_16_20_129_6_
10:01:24,59.00,6,448,59.10_59.20_59.30_59.40_59.50_,12_31_20_62_25_,59.00_58.90_58.80_58.70_58.60_,4_8_41_12_22_
10:01:29,59.10,5,453,59.10_59.20_59.30_59.40_59.50_,7_31_20_40_47_,59.00_58.90_58.80_58.70_58.60_,7_6_33_18_20_
10:02:30,59.10,2,462,59.20_59.30_59.40_59.50_59.60_,31_19_14_25_42_,59.10_59.00_58.90_58.80_58.70_,2_10_5_48_15_
10:04:02,59.10,1,470,59.20_59.30_59.40_59.50_59.60_,26_19_14_25_42_,59.10_59.00_58.90_58.80_58.70_,13_7_10_43_13_
10:04:43,59.10,5,475,59.20_59.30_59.40_59.50_59.60_,24_19_13_25_42_,59.10_59.00_58.90_58.80_58.70_,17_8_11_43_13_
10:04:59,59.10,5,475,59.20_59.30_59.40_59.50_59.60_,24_19_43_25_42_,59.10_59.00_58.90_58.80_58.70_,17_8_11_43_13_
10:06:36,59.30,2,506,59.30_59.40_59.50_59.60_59.70_,12_46_26_20_39_,59.20_59.10_59.00_58.90_58.80_,10_15_17_11_40_
10:06:41,59.30,1,507,59.30_59.40_59.50_59.60_59.70_,11_46_26_20_39_,59.20_59.10_59.00_58.90_58.80_,10_15_17_11_40_
10:06:46,59.30,1,508,59.30_59.40_59.50_59.60_59.70_,10_46_26_20_39_,59.20_59.10_59.00_58.90_58.80_,10_14_17_11_40_
10:06:51,59.30,1,508,59.30_59.40_59.50_59.60_59.70_,11_46_26_20_39_,59.20_59.10_59.00_58.90_58.80_,10_14_17_12_40_
10:06:57,59.30,5,513,59.30_59.40_59.50_59.60_59.70_,8_44_26_20_39_,59.20_59.10_59.00_58.90_58.80_,10_14_17_12_40_
10:07:02,59.30,5,513,59.30_59.40_59.50_59.60_59.70_,8_44_26_20_39_,59.20_59.10_59.00_58.90_58.80_,10_15_17_12_40_
10:07:07,59.30,2,515,59.30_59.40_59.50_59.60_59.70_,6_44_26_20_39_,59.20_59.10_59.00_58.90_58.80_,10_15_17_12_40_
10:08:08,59.30,2,533,59.30_59.40_59.50_59.60_59.70_,2_43_26_20_39_,59.20_59.10_59.00_58.90_58.80_,15_15_14_13_40_
10:08:29,59.30,1,534,59.30_59.40_59.50_59.60_59.70_,1_43_26_20_39_,59.20_59.10_59.00_58.90_58.80_,15_15_14_13_40_
10:08:34,59.30,1,534,59.30_59.40_59.50_59.60_59.70_,1_43_27_20_39_,59.20_59.10_59.00_58.90_58.80_,15_15_14_13_41_
10:08:39,59.30,1,535,59.40_59.50_59.60_59.70_59.80_,43_27_20_39_23_,59.20_59.10_59.00_58.90_58.80_,14_15_14_13_41_
10:08:44,59.30,1,535,59.40_59.50_59.60_59.70_59.80_,43_26_20_29_34_,59.30_59.20_59.10_59.00_58.90_,1_13_15_14_13_
10:08:49,59.30,1,536,59.40_59.50_59.60_59.70_59.80_,43_26_20_17_46_,59.30_59.20_59.10_59.00_58.90_,1_13_18_12_10_
10:08:54,59.30,1,537,59.40_59.50_59.60_59.70_59.80_,43_26_20_17_46_,59.30_59.20_59.10_59.00_58.90_,1_13_19_12_10_
10:09:05,59.30,1,538,59.30_59.40_59.50_59.60_59.70_,1_43_26_20_17_,59.20_59.10_59.00_58.90_58.80_,13_20_12_10_37_
10:09:30,59.20,1,540,59.30_59.40_59.50_59.60_59.70_,3_13_27_21_39_,59.20_59.10_59.00_58.90_58.80_,11_19_6_13_40_
10:09:35,59.20,1,540,59.30_59.40_59.50_59.60_59.70_,3_13_27_21_39_,59.20_59.10_59.00_58.90_58.80_,11_20_6_13_40_
10:09:41,59.20,1,540,59.30_59.40_59.50_59.60_59.70_,3_13_28_21_39_,59.20_59.10_59.00_58.90_58.80_,11_20_6_13_40_
10:09:56,59.20,1,540,59.30_59.40_59.50_59.60_59.70_,36_13_27_21_39_,59.20_59.10_59.00_58.90_58.80_,11_20_6_13_40_
10:10:22,59.30,2,564,59.30_59.40_59.50_59.60_59.70_,12_17_28_21_39_,59.20_59.10_59.00_58.90_58.80_,11_13_13_13_40_
10:12:55,59.40,1,581,59.40_59.50_59.60_59.70_59.80_,16_30_22_17_47_,59.30_59.20_59.10_59.00_58.90_,4_9_19_12_10_
10:13:26,59.30,1,582,59.40_59.50_59.60_59.70_59.80_,16_30_22_17_47_,59.30_59.20_59.10_59.00_58.90_,3_9_19_12_10_
10:13:51,59.30,1,584,59.40_59.50_59.60_59.70_59.80_,15_30_23_17_47_,59.30_59.20_59.10_59.00_58.90_,2_8_22_12_10_
10:14:02,59.30,1,584,59.40_59.50_59.60_59.70_59.80_,15_30_23_17_47_,59.30_59.20_59.10_59.00_58.90_,2_9_19_12_10_
10:15:08,59.40,1,588,59.40_59.50_59.60_59.70_59.80_,15_31_22_17_47_,59.30_59.20_59.10_59.00_58.90_,2_8_19_12_10_
10:16:51,59.20,4,599,59.30_59.40_59.50_59.60_59.70_,5_12_29_23_38_,59.20_59.10_59.00_58.90_58.80_,13_12_21_12_40_
10:17:01,59.20,4,599,59.30_59.40_59.50_59.60_59.70_,5_13_29_23_38_,59.20_59.10_59.00_58.90_58.80_,13_12_21_12_39_
10:17:11,59.20,4,599,59.30_59.40_59.50_59.60_59.70_,9_13_29_23_38_,59.20_59.10_59.00_58.90_58.80_,13_12_21_12_39_
10:17:22,59.20,6,605,59.30_59.40_59.50_59.60_59.70_,9_14_28_23_38_,59.20_59.10_59.00_58.90_58.80_,7_12_21_12_39_
10:17:42,59.20,6,605,59.30_59.40_59.50_59.60_59.70_,10_14_28_23_38_,59.20_59.10_59.00_58.90_58.80_,7_12_16_19_39_
10:18:28,59.20,2,608,59.30_59.40_59.50_59.60_59.70_,10_15_28_23_38_,59.20_59.10_59.00_58.90_58.80_,2_13_16_19_39_
10:18:54,59.20,1,610,59.30_59.40_59.50_59.60_59.70_,9_15_28_23_38_,59.20_59.10_59.00_58.90_58.80_,1_13_17_22_39_
10:19:04,59.20,1,611,59.30_59.40_59.50_59.60_59.70_,10_14_28_23_38_,59.20_59.10_59.00_58.90_58.80_,1_12_15_19_39_
10:19:14,59.20,1,611,59.30_59.40_59.50_59.60_59.70_,11_13_28_23_38_,59.20_59.10_59.00_58.90_58.80_,1_12_17_19_39_
10:19:25,59.20,1,612,59.30_59.40_59.50_59.60_59.70_,11_13_28_23_38_,59.10_59.00_58.90_58.80_58.70_,12_17_19_39_10_
10:19:30,59.20,1,612,59.30_59.40_59.50_59.60_59.70_,11_13_28_35_26_,59.10_59.00_58.90_58.80_58.70_,12_17_19_36_13_
10:19:50,59.20,1,612,59.20_59.30_59.40_59.50_59.60_,4_11_13_28_35_,59.10_59.00_58.90_58.80_58.70_,12_17_19_36_13_
10:19:55,59.10,1,613,59.20_59.30_59.40_59.50_59.60_,6_12_10_28_45_,59.10_59.00_58.90_58.80_58.70_,11_17_14_40_13_
10:20:00,59.10,1,613,59.20_59.30_59.40_59.50_59.60_,8_10_10_28_45_,59.10_59.00_58.90_58.80_58.70_,11_17_14_40_13_
10:20:31,59.10,6,627,59.20_59.30_59.40_59.50_59.60_,1_10_21_28_45_,59.10_59.00_58.90_58.80_58.70_,7_17_14_40_13_
10:20:36,59.10,6,627,59.20_59.30_59.40_59.50_59.60_,1_10_21_28_45_,59.10_59.00_58.90_58.80_58.70_,7_18_14_40_13_
10:22:19,59.20,1,628,59.30_59.40_59.50_59.60_59.70_,10_22_30_35_26_,59.10_59.00_58.90_58.80_58.70_,5_17_22_36_13_
10:23:15,59.20,2,632,59.30_59.40_59.50_59.60_59.70_,10_22_30_23_38_,59.20_59.10_59.00_58.90_58.80_,12_1_20_21_39_
10:23:35,59.20,2,632,59.30_59.40_59.50_59.60_59.70_,10_22_30_23_38_,59.20_59.10_59.00_58.90_58.80_,12_3_16_21_39_
10:24:47,59.30,4,643,59.30_59.40_59.50_59.60_59.70_,11_22_31_23_38_,59.20_59.10_59.00_58.90_58.80_,4_3_21_19_39_
10:25:08,59.20,1,644,59.30_59.40_59.50_59.60_59.70_,11_22_32_23_38_,59.20_59.10_59.00_58.90_58.80_,3_3_24_19_39_
10:27:00,59.30,1,649,59.30_59.40_59.50_59.60_59.70_,12_27_32_23_38_,59.20_59.10_59.00_58.90_58.80_,4_5_21_19_39_
10:27:16,59.20,4,653,59.20_59.30_59.40_59.50_59.60_,17_12_27_32_45_,59.10_59.00_58.90_58.80_58.70_,5_24_14_40_13_
10:28:17,59.20,4,653,59.20_59.30_59.40_59.50_59.60_,20_10_27_31_45_,59.10_59.00_58.90_58.80_58.70_,5_16_23_40_13_
10:28:58,59.20,4,653,59.20_59.30_59.40_59.50_59.60_,20_12_27_31_45_,59.10_59.00_58.90_58.80_58.70_,5_16_23_40_13_
10:29:34,59.20,4,653,59.20_59.30_59.40_59.50_59.60_,20_17_27_31_45_,59.10_59.00_58.90_58.80_58.70_,5_16_23_40_13_
10:30:41,59.20,4,653,59.20_59.30_59.40_59.50_59.60_,21_17_26_31_45_,59.10_59.00_58.90_58.80_58.70_,5_16_23_40_13_
10:31:01,59.20,1,655,59.20_59.30_59.40_59.50_59.60_,20_19_26_31_45_,59.10_59.00_58.90_58.80_58.70_,4_16_23_40_13_
10:31:22,59.20,1,655,59.20_59.30_59.40_59.50_59.60_,20_19_26_32_44_,59.10_59.00_58.90_58.80_58.70_,4_16_23_40_13_
10:31:47,59.20,1,655,59.20_59.30_59.40_59.50_59.60_,22_19_26_32_44_,59.10_59.00_58.90_58.80_58.70_,4_16_23_40_13_
10:36:54,59.00,2,675,59.10_59.20_59.30_59.40_59.50_,8_22_15_26_54_,59.00_58.90_58.80_58.70_58.60_,18_19_47_13_20_
10:37:20,59.00,2,675,59.10_59.20_59.30_59.40_59.50_,8_22_15_26_54_,59.00_58.90_58.80_58.70_58.60_,18_19_47_13_19_
10:37:56,59.00,2,675,59.10_59.20_59.30_59.40_59.50_,8_24_15_26_54_,59.00_58.90_58.80_58.70_58.60_,19_19_47_13_19_
10:40:24,59.00,10,687,59.10_59.20_59.30_59.40_59.50_,8_23_16_27_53_,59.00_58.90_58.80_58.70_58.60_,7_19_47_13_19_
10:41:16,59.10,1,688,59.10_59.20_59.30_59.40_59.50_,7_23_16_27_53_,59.00_58.90_58.80_58.70_58.60_,6_20_47_13_19_
10:41:21,59.10,1,688,59.10_59.20_59.30_59.40_59.50_,7_23_16_27_53_,59.00_58.90_58.80_58.70_58.60_,8_19_47_13_19_
10:43:03,59.00,1,690,59.10_59.20_59.30_59.40_59.50_,9_22_16_27_53_,59.00_58.90_58.80_58.70_58.60_,2_20_50_13_19_
10:43:54,58.90,1,693,59.00_59.10_59.20_59.30_59.40_,6_8_20_16_49_,58.90_58.80_58.70_58.60_58.50_,17_50_15_16_160_
10:43:59,58.90,1,693,59.00_59.10_59.20_59.30_59.40_,6_9_20_16_49_,58.90_58.80_58.70_58.60_58.50_,17_50_15_16_160_
10:44:05,58.90,1,693,59.00_59.10_59.20_59.30_59.40_,7_8_20_16_49_,58.90_58.80_58.70_58.60_58.50_,17_50_15_16_160_
10:47:50,58.90,1,700,59.00_59.10_59.20_59.30_59.40_,5_8_20_16_48_,58.90_58.80_58.70_58.60_58.50_,17_53_12_16_130_
10:47:55,58.90,1,701,59.00_59.10_59.20_59.30_59.40_,5_7_20_16_48_,58.90_58.80_58.70_58.60_58.50_,16_53_12_16_130_
10:48:00,58.90,1,701,59.00_59.10_59.20_59.30_59.40_,6_7_20_16_48_,58.90_58.80_58.70_58.60_58.50_,16_53_12_16_130_
10:48:06,58.90,1,701,59.00_59.10_59.20_59.30_59.40_,5_7_20_16_48_,58.90_58.80_58.70_58.60_58.50_,16_53_12_16_130_
10:48:47,58.90,1,701,59.00_59.10_59.20_59.30_59.40_,6_7_20_16_48_,58.90_58.80_58.70_58.60_58.50_,16_53_12_16_130_
10:48:57,58.90,1,701,59.00_59.10_59.20_59.30_59.40_,6_9_20_16_48_,58.90_58.80_58.70_58.60_58.50_,16_53_12_16_130_
10:49:02,58.90,1,701,59.00_59.10_59.20_59.30_59.40_,7_9_20_16_48_,58.90_58.80_58.70_58.60_58.50_,16_53_12_16_130_
10:49:07,58.90,1,701,59.00_59.10_59.20_59.30_59.40_,7_9_20_16_48_,58.90_58.80_58.70_58.60_58.50_,17_53_12_16_130_
10:49:12,58.90,1,701,59.00_59.10_59.20_59.30_59.40_,6_9_20_16_48_,58.90_58.80_58.70_58.60_58.50_,17_53_12_16_130_
10:50:50,59.00,1,705,59.00_59.10_59.20_59.30_59.40_,8_5_21_16_48_,58.90_58.80_58.70_58.60_58.50_,15_53_15_18_130_
10:50:55,59.00,1,706,59.00_59.10_59.20_59.30_59.40_,8_5_21_16_48_,58.90_58.80_58.70_58.60_58.50_,15_52_15_18_130_
10:51:36,59.00,1,706,59.00_59.10_59.20_59.30_59.40_,8_5_21_16_48_,58.90_58.80_58.70_58.60_58.50_,20_52_15_27_131_
10:52:22,59.00,1,706,59.00_59.10_59.20_59.30_59.40_,8_5_23_16_46_,58.90_58.80_58.70_58.60_58.50_,19_52_15_27_131_
10:53:03,59.00,1,706,59.00_59.10_59.20_59.30_59.40_,11_5_20_16_46_,58.90_58.80_58.70_58.60_58.50_,19_52_15_27_131_
10:53:49,59.00,1,706,59.00_59.10_59.20_59.30_59.40_,11_5_20_16_46_,58.90_58.80_58.70_58.60_58.50_,26_50_15_27_131_
10:55:11,58.90,5,711,59.00_59.10_59.20_59.30_59.40_,11_5_21_16_46_,58.90_58.80_58.70_58.60_58.50_,26_50_17_26_131_
10:55:22,58.90,5,711,59.00_59.10_59.20_59.30_59.40_,11_5_21_16_46_,58.90_58.80_58.70_58.60_58.50_,27_50_17_26_131_
10:56:59,58.90,1,713,59.00_59.10_59.20_59.30_59.40_,12_6_21_15_46_,58.90_58.80_58.70_58.60_58.50_,22_43_17_26_131_
10:57:04,58.90,1,713,59.00_59.10_59.20_59.30_59.40_,12_6_21_15_46_,58.90_58.80_58.70_58.60_58.50_,17_43_17_26_131_
10:58:21,58.90,1,715,59.00_59.10_59.20_59.30_59.40_,12_7_21_15_46_,58.90_58.80_58.70_58.60_58.50_,17_44_17_26_131_
10:58:26,58.90,1,715,59.00_59.10_59.20_59.30_59.40_,12_7_21_15_46_,58.90_58.80_58.70_58.60_58.50_,18_44_17_26_131_
10:58:37,58.90,1,715,59.00_59.10_59.20_59.30_59.40_,12_7_21_15_46_,58.90_58.80_58.70_58.60_58.50_,18_43_17_26_131_
10:59:28,58.90,1,717,59.00_59.10_59.20_59.30_59.40_,11_7_22_15_46_,58.90_58.80_58.70_58.60_58.50_,9_43_17_26_126_
10:59:38,58.90,1,717,59.00_59.10_59.20_59.30_59.40_,11_7_22_15_46_,58.90_58.80_58.70_58.60_58.50_,9_44_17_26_126_
10:59:53,58.90,1,717,59.00_59.10_59.20_59.30_59.40_,11_7_22_15_46_,58.90_58.80_58.70_58.60_58.50_,9_44_18_26_126_
11:01:21,58.90,1,720,59.00_59.10_59.20_59.30_59.40_,9_8_22_15_46_,58.90_58.80_58.70_58.60_58.50_,12_35_24_26_126_
11:04:05,58.90,1,727,59.00_59.10_59.20_59.30_59.40_,11_7_23_15_46_,58.90_58.80_58.70_58.60_58.50_,10_33_24_27_126_
11:05:53,58.90,1,729,59.00_59.10_59.20_59.30_59.40_,12_7_22_15_46_,58.90_58.80_58.70_58.60_58.50_,9_33_24_27_126_
11:05:58,58.90,1,729,59.00_59.10_59.20_59.30_59.40_,12_7_23_15_46_,58.90_58.80_58.70_58.60_58.50_,9_33_24_27_126_
11:06:54,58.90,1,730,59.00_59.10_59.20_59.30_59.40_,12_7_22_15_46_,58.90_58.80_58.70_58.60_58.50_,8_33_24_27_126_
11:07:15,58.90,1,730,59.00_59.10_59.20_59.30_59.40_,13_7_21_15_46_,58.90_58.80_58.70_58.60_58.50_,9_33_24_27_126_
11:08:01,58.90,1,730,59.00_59.10_59.20_59.30_59.40_,13_7_23_15_46_,58.90_58.80_58.70_58.60_58.50_,15_33_24_27_126_
11:10:30,58.90,1,742,59.00_59.10_59.20_59.30_59.40_,12_8_21_15_46_,58.80_58.70_58.60_58.50_58.40_,33_23_27_127_5_
11:11:11,58.80,2,744,58.90_59.00_59.10_59.20_59.30_,10_7_9_21_34_,58.80_58.70_58.60_58.50_58.40_,31_22_29_123_9_
11:12:43,58.80,1,747,58.90_59.00_59.10_59.20_59.30_,20_6_9_21_34_,58.80_58.70_58.60_58.50_58.40_,30_16_38_123_9_
11:13:19,58.80,1,748,58.90_59.00_59.10_59.20_59.30_,21_6_8_21_34_,58.80_58.70_58.60_58.50_58.40_,33_16_44_123_9_
11:14:56,58.80,1,749,58.90_59.00_59.10_59.20_59.30_,21_6_8_21_34_,58.80_58.70_58.60_58.50_58.40_,32_17_45_123_9_
11:16:54,58.90,6,790,58.90_59.00_59.10_59.20_59.30_,11_8_8_21_34_,58.80_58.70_58.60_58.50_58.40_,9_17_45_123_8_
11:17:04,58.90,6,790,58.90_59.00_59.10_59.20_59.30_,11_8_8_21_34_,58.80_58.70_58.60_58.50_58.40_,9_17_46_123_8_
11:17:09,58.90,6,790,58.90_59.00_59.10_59.20_59.30_,11_8_8_21_34_,58.80_58.70_58.60_58.50_58.40_,9_18_46_123_8_
11:17:15,58.90,6,790,58.90_59.00_59.10_59.20_59.30_,11_8_8_21_34_,58.80_58.70_58.60_58.50_58.40_,15_18_46_123_8_
11:17:25,58.90,6,790,58.90_59.00_59.10_59.20_59.30_,11_8_8_21_34_,58.80_58.70_58.60_58.50_58.40_,17_18_45_123_8_
11:17:51,58.90,1,791,58.90_59.00_59.10_59.20_59.30_,10_8_8_21_34_,58.80_58.70_58.60_58.50_58.40_,17_18_45_123_8_
11:18:21,58.90,3,794,58.90_59.00_59.10_59.20_59.30_,9_8_8_21_34_,58.80_58.70_58.60_58.50_58.40_,17_19_45_123_8_
11:19:54,58.90,3,794,58.90_59.00_59.10_59.20_59.30_,11_8_9_21_34_,58.80_58.70_58.60_58.50_58.40_,20_18_45_123_8_
11:20:35,58.90,1,800,58.90_59.00_59.10_59.20_59.30_,5_9_10_21_34_,58.80_58.70_58.60_58.50_58.40_,20_18_45_123_8_
11:20:55,58.90,1,800,58.90_59.00_59.10_59.20_59.30_,6_9_9_21_34_,58.80_58.70_58.60_58.50_58.40_,20_18_45_123_8_
11:23:49,58.90,1,803,58.90_59.00_59.10_59.20_59.30_,4_8_9_20_29_,58.80_58.70_58.60_58.50_58.40_,22_23_39_123_8_
11:24:25,58.90,1,804,58.90_59.00_59.10_59.20_59.30_,3_8_9_20_29_,58.80_58.70_58.60_58.50_58.40_,21_23_39_123_8_
11:24:45,58.90,1,806,58.90_59.00_59.10_59.20_59.30_,3_6_10_20_29_,58.80_58.70_58.60_58.50_58.40_,22_23_39_123_8_
11:27:24,58.90,1,807,58.90_59.00_59.10_59.20_59.30_,6_4_9_20_31_,58.80_58.70_58.60_58.50_58.40_,30_23_39_123_8_
11:28:05,58.90,1,812,58.90_59.00_59.10_59.20_59.30_,3_3_9_20_31_,58.80_58.70_58.60_58.50_58.40_,31_23_39_123_8_
11:29:12,58.90,1,812,58.90_59.00_59.10_59.20_59.30_,4_3_8_20_25_,58.80_58.70_58.60_58.50_58.40_,31_23_39_123_8_
11:31:15,58.80,2,819,58.90_59.00_59.10_59.20_59.30_,10_4_8_20_25_,58.80_58.70_58.60_58.50_58.40_,21_18_45_123_8_
11:32:57,58.80,2,821,58.90_59.00_59.10_59.20_59.30_,10_4_9_20_25_,58.80_58.70_58.60_58.50_58.40_,21_18_44_126_8_
11:38:36,58.90,1,834,59.00_59.10_59.20_59.30_59.40_,6_10_19_10_44_,58.90_58.80_58.70_58.60_58.50_,15_9_24_42_131_
11:39:06,59.00,1,835,59.00_59.10_59.20_59.30_59.40_,6_9_20_10_44_,58.90_58.80_58.70_58.60_58.50_,20_8_24_37_132_
11:39:58,58.90,1,836,59.00_59.10_59.20_59.30_59.40_,7_10_19_10_44_,58.90_58.80_58.70_58.60_58.50_,19_12_18_43_132_
11:41:09,59.00,3,839,59.00_59.10_59.20_59.30_59.40_,3_10_21_10_43_,58.90_58.80_58.70_58.60_58.50_,20_11_25_37_132_
11:41:15,59.00,3,839,59.00_59.10_59.20_59.30_59.40_,5_10_21_10_43_,58.90_58.80_58.70_58.60_58.50_,20_11_25_37_132_
11:42:11,59.00,3,839,59.00_59.10_59.20_59.30_59.40_,6_11_20_10_42_,58.90_58.80_58.70_58.60_58.50_,20_13_25_37_132_
11:43:43,59.00,1,845,59.00_59.10_59.20_59.30_59.40_,13_9_22_11_42_,58.90_58.80_58.70_58.60_58.50_,18_13_25_37_132_
11:45:15,59.00,1,845,59.00_59.10_59.20_59.30_59.40_,15_9_21_11_42_,58.90_58.80_58.70_58.60_58.50_,18_13_19_43_132_
11:46:22,59.00,1,845,59.00_59.10_59.20_59.30_59.40_,15_9_23_11_42_,58.90_58.80_58.70_58.60_58.50_,18_13_20_43_133_
11:47:08,58.90,5,850,59.00_59.10_59.20_59.30_59.40_,18_9_22_11_42_,58.90_58.80_58.70_58.60_58.50_,15_13_20_43_133_
11:48:51,59.00,1,856,59.00_59.10_59.20_59.30_59.40_,17_9_23_11_43_,58.90_58.80_58.70_58.60_58.50_,8_13_20_43_133_
11:49:37,59.00,1,856,59.00_59.10_59.20_59.30_59.40_,17_9_23_11_43_,58.90_58.80_58.70_58.60_58.50_,8_13_21_43_133_
11:49:58,58.90,1,857,59.00_59.10_59.20_59.30_59.40_,17_9_23_11_43_,58.90_58.80_58.70_58.60_58.50_,7_13_21_43_133_
11:50:03,58.90,1,858,59.00_59.10_59.20_59.30_59.40_,16_9_23_11_43_,58.90_58.80_58.70_58.60_58.50_,6_13_21_43_133_
11:51:56,58.90,1,863,58.90_59.00_59.10_59.20_59.30_,4_12_9_22_27_,58.80_58.70_58.60_58.50_58.40_,15_21_43_129_7_
11:53:53,58.80,1,866,58.90_59.00_59.10_59.20_59.30_,5_12_8_22_27_,58.80_58.70_58.60_58.50_58.40_,12_21_48_131_7_
11:54:04,58.80,1,866,58.90_59.00_59.10_59.20_59.30_,6_11_8_22_27_,58.80_58.70_58.60_58.50_58.40_,12_21_48_131_7_
11:58:41,58.90,1,877,58.90_59.00_59.10_59.20_59.30_,4_11_9_22_27_,58.80_58.70_58.60_58.50_58.40_,4_21_49_131_7_
11:59:06,58.90,1,878,58.90_59.00_59.10_59.20_59.30_,4_11_8_22_27_,58.80_58.70_58.60_58.50_58.40_,4_21_49_131_7_
11:59:27,58.90,1,878,58.90_59.00_59.10_59.20_59.30_,5_11_8_22_25_,58.80_58.70_58.60_58.50_58.40_,4_21_49_131_7_
12:00:18,58.90,1,879,58.90_59.00_59.10_59.20_59.30_,4_12_9_21_25_,58.80_58.70_58.60_58.50_58.40_,7_21_49_131_7_
12:02:41,58.80,4,885,58.80_58.90_59.00_59.10_59.20_,10_5_11_8_34_,58.70_58.60_58.50_58.40_58.30_,21_48_131_4_17_
12:02:46,58.80,4,885,58.80_58.90_59.00_59.10_59.20_,10_6_11_8_34_,58.70_58.60_58.50_58.40_58.30_,23_48_131_4_17_
12:02:57,58.70,1,886,58.80_58.90_59.00_59.10_59.20_,12_4_12_7_34_,58.70_58.60_58.50_58.40_58.30_,22_48_146_4_17_
12:03:02,58.80,3,889,58.80_58.90_59.00_59.10_59.20_,9_4_12_7_34_,58.70_58.60_58.50_58.40_58.30_,22_48_146_4_17_
12:03:48,58.80,9,899,58.90_59.00_59.10_59.20_59.30_,4_11_7_20_25_,58.80_58.70_58.60_58.50_58.40_,12_20_49_146_7_
12:04:55,58.80,9,899,58.90_59.00_59.10_59.20_59.30_,4_11_9_20_25_,58.80_58.70_58.60_58.50_58.40_,13_20_49_131_7_
12:05:56,58.80,9,899,58.90_59.00_59.10_59.20_59.30_,6_11_7_20_25_,58.80_58.70_58.60_58.50_58.40_,13_20_49_131_7_
12:09:06,58.80,2,907,58.90_59.00_59.10_59.20_59.30_,5_12_7_20_25_,58.80_58.70_58.60_58.50_58.40_,5_20_49_132_7_
12:09:11,58.80,2,907,58.90_59.00_59.10_59.20_59.30_,5_12_7_21_25_,58.80_58.70_58.60_58.50_58.40_,4_20_49_132_7_
12:09:16,58.80,2,907,58.90_59.00_59.10_59.20_59.30_,5_12_7_21_25_,58.80_58.70_58.60_58.50_58.40_,10_20_49_132_7_
12:09:21,58.80,2,907,58.90_59.00_59.10_59.20_59.30_,5_12_7_21_25_,58.80_58.70_58.60_58.50_58.40_,11_20_49_132_7_
12:09:27,58.80,2,907,58.90_59.00_59.10_59.20_59.30_,4_12_7_21_25_,58.80_58.70_58.60_58.50_58.40_,12_20_49_132_7_
12:09:57,58.80,2,907,58.90_59.00_59.10_59.20_59.30_,4_14_7_21_25_,58.80_58.70_58.60_58.50_58.40_,12_26_38_137_7_
12:10:18,58.80,2,907,58.90_59.00_59.10_59.20_59.30_,4_14_7_21_25_,58.80_58.70_58.60_58.50_58.40_,12_25_38_137_7_
12:12:36,58.80,1,909,58.90_59.00_59.10_59.20_59.30_,5_12_8_21_25_,58.80_58.70_58.60_58.50_58.40_,14_25_38_137_7_
12:13:02,58.80,2,911,58.90_59.00_59.10_59.20_59.30_,8_10_8_21_25_,58.80_58.70_58.60_58.50_58.40_,9_19_44_137_7_
12:17:54,59.00,5,926,59.00_59.10_59.20_59.30_59.40_,11_7_21_11_42_,58.90_58.80_58.70_58.60_58.50_,15_7_26_32_140_
12:18:04,59.00,5,926,59.00_59.10_59.20_59.30_59.40_,11_8_21_11_42_,58.90_58.80_58.70_58.60_58.50_,15_7_26_32_140_
12:19:01,59.00,5,926,59.00_59.10_59.20_59.30_59.40_,14_8_21_11_42_,58.90_58.80_58.70_58.60_58.50_,15_7_26_32_140_
12:20:02,58.90,1,928,59.00_59.10_59.20_59.30_59.40_,13_8_21_11_42_,58.90_58.80_58.70_58.60_58.50_,16_8_26_32_140_
12:20:43,58.90,1,928,59.00_59.10_59.20_59.30_59.40_,12_8_21_11_42_,58.90_58.80_58.70_58.60_58.50_,15_8_26_32_140_
12:20:53,58.90,1,928,59.00_59.10_59.20_59.30_59.40_,12_8_21_11_42_,58.90_58.80_58.70_58.60_58.50_,13_8_26_32_140_
12:20:59,58.90,1,928,59.00_59.10_59.20_59.30_59.40_,12_8_21_11_42_,58.90_58.80_58.70_58.60_58.50_,12_8_26_32_140_
12:21:09,58.90,1,928,59.00_59.10_59.20_59.30_59.40_,12_8_21_12_42_,58.90_58.80_58.70_58.60_58.50_,12_8_26_32_140_
12:22:31,58.90,1,929,59.00_59.10_59.20_59.30_59.40_,12_8_21_12_42_,58.90_58.80_58.70_58.60_58.50_,12_8_26_32_140_
12:23:47,58.90,1,933,59.00_59.10_59.20_59.30_59.40_,9_8_22_12_42_,58.90_58.80_58.70_58.60_58.50_,9_8_26_32_140_
12:24:08,58.90,1,933,59.00_59.10_59.20_59.30_59.40_,9_13_22_12_42_,58.90_58.80_58.70_58.60_58.50_,9_8_26_32_140_
12:25:20,58.90,1,942,59.00_59.10_59.20_59.30_59.40_,1_13_24_12_42_,58.90_58.80_58.70_58.60_58.50_,8_8_26_32_141_
12:25:35,58.90,2,944,59.00_59.10_59.20_59.30_59.40_,1_13_22_12_42_,58.90_58.80_58.70_58.60_58.50_,7_8_26_32_141_
12:26:31,59.10,1,946,59.10_59.20_59.30_59.40_59.50_,12_22_12_28_47_,59.00_58.90_58.80_58.70_58.60_,3_2_8_26_35_
12:26:36,59.10,1,946,59.10_59.20_59.30_59.40_59.50_,12_22_12_28_47_,59.00_58.90_58.80_58.70_58.60_,6_2_8_26_35_
12:27:12,59.10,1,946,59.10_59.20_59.30_59.40_59.50_,12_22_12_28_47_,59.00_58.90_58.80_58.70_58.60_,10_2_14_18_35_
12:27:48,59.10,1,946,59.10_59.20_59.30_59.40_59.50_,12_22_12_28_47_,59.00_58.90_58.80_58.70_58.60_,10_2_16_18_35_
12:28:39,59.10,1,947,59.10_59.20_59.30_59.40_59.50_,11_22_13_28_47_,59.00_58.90_58.80_58.70_58.60_,10_2_17_18_35_
12:29:10,59.10,1,947,59.10_59.20_59.30_59.40_59.50_,12_22_13_28_47_,59.00_58.90_58.80_58.70_58.60_,10_2_17_18_35_
12:30:48,59.00,5,958,59.00_59.10_59.20_59.30_59.40_,9_10_33_12_42_,58.90_58.80_58.70_58.60_58.50_,2_11_24_32_140_
12:32:04,59.00,5,958,59.00_59.10_59.20_59.30_59.40_,10_11_33_12_42_,58.90_58.80_58.70_58.60_58.50_,1_10_26_33_140_
12:32:25,59.00,5,958,59.00_59.10_59.20_59.30_59.40_,10_11_33_12_42_,58.90_58.80_58.70_58.60_58.50_,2_10_26_33_140_
12:32:50,59.00,5,958,59.00_59.10_59.20_59.30_59.40_,10_11_33_12_42_,58.90_58.80_58.70_58.60_58.50_,2_11_26_33_140_
12:33:26,59.00,5,958,59.00_59.10_59.20_59.30_59.40_,11_11_32_12_42_,58.90_58.80_58.70_58.60_58.50_,2_11_26_33_140_
12:33:31,59.00,5,958,59.00_59.10_59.20_59.30_59.40_,11_11_32_12_42_,58.90_58.80_58.70_58.60_58.50_,2_12_26_33_140_
12:34:28,59.00,5,963,59.00_59.10_59.20_59.30_59.40_,5_11_33_12_42_,58.90_58.80_58.70_58.60_58.50_,2_12_26_33_140_
12:35:04,59.00,5,963,59.00_59.10_59.20_59.30_59.40_,5_11_33_12_42_,58.90_58.80_58.70_58.60_58.50_,2_12_27_33_140_
12:35:34,59.00,5,963,59.00_59.10_59.20_59.30_59.40_,8_11_31_12_42_,58.90_58.80_58.70_58.60_58.50_,2_12_27_33_140_
12:37:32,59.00,2,976,59.10_59.20_59.30_59.40_59.50_,11_32_12_42_33_,59.00_58.90_58.80_58.70_58.60_,3_8_20_20_32_
12:39:10,59.00,1,982,59.00_59.10_59.20_59.30_59.40_,2_11_32_12_42_,58.90_58.80_58.70_58.60_58.50_,12_19_20_32_139_
12:40:06,59.00,1,983,59.00_59.10_59.20_59.30_59.40_,3_11_32_12_42_,58.90_58.80_58.70_58.60_58.50_,15_19_21_32_139_
12:40:26,59.00,1,984,59.00_59.10_59.20_59.30_59.40_,4_11_32_12_42_,58.90_58.80_58.70_58.60_58.50_,15_19_21_32_139_
12:40:52,58.90,1,985,59.00_59.10_59.20_59.30_59.40_,4_11_32_12_42_,58.90_58.80_58.70_58.60_58.50_,14_19_21_32_139_
12:41:18,58.90,1,985,59.00_59.10_59.20_59.30_59.40_,6_11_32_12_42_,58.90_58.80_58.70_58.60_58.50_,13_19_21_32_139_
12:43:10,58.90,2,988,59.00_59.10_59.20_59.30_59.40_,8_14_32_12_44_,58.90_58.80_58.70_58.60_58.50_,12_19_21_32_139_
12:44:27,59.00,1,989,59.00_59.10_59.20_59.30_59.40_,8_15_31_12_44_,58.90_58.80_58.70_58.60_58.50_,18_13_27_32_141_
12:45:18,58.90,2,992,59.00_59.10_59.20_59.30_59.40_,8_14_32_12_44_,58.90_58.80_58.70_58.60_58.50_,16_18_21_32_141_
12:48:38,59.00,1,996,59.00_59.10_59.20_59.30_59.40_,7_14_34_12_45_,58.90_58.80_58.70_58.60_58.50_,9_19_22_32_141_
12:48:53,59.00,1,996,59.00_59.10_59.20_59.30_59.40_,7_14_34_12_45_,58.90_58.80_58.70_58.60_58.50_,14_19_22_32_141_
12:48:59,59.00,1,996,59.00_59.10_59.20_59.30_59.40_,7_14_34_12_45_,58.90_58.80_58.70_58.60_58.50_,15_19_22_32_141_
12:49:04,59.00,1,997,59.00_59.10_59.20_59.30_59.40_,4_14_34_12_45_,58.90_58.80_58.70_58.60_58.50_,15_19_22_32_141_
12:49:09,59.00,1,998,59.00_59.10_59.20_59.30_59.40_,3_12_34_12_45_,58.90_58.80_58.70_58.60_58.50_,15_19_22_32_141_
12:50:15,59.00,1,1001,59.00_59.10_59.20_59.30_59.40_,6_12_32_12_45_,58.90_58.80_58.70_58.60_58.50_,15_13_28_32_148_
12:50:51,59.00,1,1001,59.00_59.10_59.20_59.30_59.40_,6_12_32_12_45_,58.90_58.80_58.70_58.60_58.50_,15_12_29_32_148_
12:51:32,58.90,1,1002,59.00_59.10_59.20_59.30_59.40_,10_12_32_12_45_,58.90_58.80_58.70_58.60_58.50_,13_12_29_32_148_
12:52:13,59.00,1,1003,59.00_59.10_59.20_59.30_59.40_,7_12_32_12_45_,58.90_58.80_58.70_58.60_58.50_,13_12_29_32_148_
12:55:08,59.00,2,1012,59.00_59.10_59.20_59.30_59.40_,6_12_33_11_45_,58.90_58.80_58.70_58.60_58.50_,12_12_29_32_148_
12:57:00,59.10,1,1025,59.10_59.20_59.30_59.40_59.50_,9_34_11_29_52_,59.00_58.90_58.80_58.70_58.60_,3_8_11_26_39_
12:57:06,59.10,1,1026,59.10_59.20_59.30_59.40_59.50_,8_34_11_29_52_,59.00_58.90_58.80_58.70_58.60_,3_8_11_26_39_
12:58:02,59.10,1,1026,59.10_59.20_59.30_59.40_59.50_,9_32_11_29_52_,59.00_58.90_58.80_58.70_58.60_,3_8_18_20_39_
12:59:24,59.10,1,1027,59.10_59.20_59.30_59.40_59.50_,10_34_11_29_52_,59.00_58.90_58.80_58.70_58.60_,4_8_19_22_38_
12:59:29,59.10,1,1027,59.10_59.20_59.30_59.40_59.50_,12_32_11_29_52_,59.00_58.90_58.80_58.70_58.60_,4_8_19_22_38_
12:59:34,59.10,3,1030,59.10_59.20_59.30_59.40_59.50_,9_32_11_29_52_,59.00_58.90_58.80_58.70_58.60_,4_8_19_22_38_
13:00:26,59.10,3,1030,59.10_59.20_59.30_59.40_59.50_,10_32_11_29_52_,59.00_58.90_58.80_58.70_58.60_,4_9_19_22_38_
13:00:36,59.10,3,1030,59.10_59.20_59.30_59.40_59.50_,10_33_12_29_52_,59.00_58.90_58.80_58.70_58.60_,4_9_19_22_38_
13:01:53,59.10,16,1057,59.10_59.20_59.30_59.40_59.50_,19_33_11_31_34_,59.00_58.90_58.80_58.70_58.60_,1_15_11_44_34_
13:02:03,59.10,9,1066,59.10_59.20_59.30_59.40_59.50_,10_33_11_31_48_,59.00_58.90_58.80_58.70_58.60_,1_9_17_40_38_
13:02:24,58.90,9,1089,58.90_59.00_59.10_59.20_59.30_,12_10_10_33_25_,58.80_58.70_58.60_58.50_58.40_,13_46_34_145_8_
13:02:29,58.80,12,1101,58.80_58.90_59.00_59.10_59.20_,23_13_11_10_32_,58.70_58.60_58.50_58.40_58.30_,46_34_145_8_15_
13:02:34,58.70,52,1153,58.70_58.80_58.90_59.00_59.10_,48_23_13_11_10_,58.60_58.50_58.40_58.30_58.20_,40_145_4_19_5_
13:02:39,58.70,10,1163,58.70_58.80_58.90_59.00_59.10_,38_23_13_11_24_,58.60_58.50_58.40_58.30_58.20_,39_151_4_14_9_
13:02:44,58.70,6,1169,58.70_58.80_58.90_59.00_59.10_,32_23_13_11_24_,58.60_58.50_58.40_58.30_58.20_,39_151_4_14_9_
13:02:49,59.10,16,1185,59.20_59.30_59.40_59.50_59.60_,32_11_30_34_21_,59.10_58.90_58.80_58.70_58.60_,24_5_16_11_39_
13:02:54,59.30,44,1229,59.40_59.50_59.60_59.70_59.80_,30_34_21_16_22_,59.30_59.20_59.10_58.90_58.80_,1_15_32_11_15_
13:02:59,59.50,56,1285,59.50_59.60_59.70_59.80_59.90_,13_21_16_42_26_,59.40_59.30_59.20_59.10_59.00_,30_7_15_8_11_
13:03:10,59.60,15,1307,59.60_59.70_59.80_59.90_60.00_,13_17_41_25_54_,59.40_59.30_59.20_59.10_59.00_,30_6_16_8_29_
13:03:15,59.90,92,1399,59.90_60.00_60.10_60.20_60.30_,4_54_10_3_15_,59.70_59.60_59.50_59.40_59.30_,8_143_1_30_12_
13:03:30,59.90,10,1422,60.00_60.10_60.20_60.30_60.40_,54_9_3_14_9_,59.90_59.70_59.60_59.50_59.40_,11_8_12_21_34_
13:03:35,60.00,82,1504,60.00_60.10_60.20_60.30_60.40_,7_9_3_14_9_,59.90_59.70_59.60_59.50_59.40_,12_8_7_21_34_
13:03:45,60.30,12,1530,60.30_60.40_60.50_60.60_60.70_,10_16_31_3_1_,60.20_60.10_60.00_59.90_59.80_,4_16_9_6_6_
13:03:51,60.40,22,1552,60.40_60.50_60.60_60.70_60.80_,7_31_2_1_6_,60.30_60.20_60.00_59.90_59.80_,1_12_8_2_10_
13:03:56,60.30,5,1557,60.40_60.50_60.60_60.70_60.80_,19_31_2_1_6_,60.30_60.20_60.00_59.90_59.80_,12_12_23_7_105_
13:04:01,60.40,8,1565,60.40_60.50_60.60_60.70_60.80_,13_31_2_1_6_,60.30_60.20_60.10_60.00_59.90_,12_12_6_1_7_
13:04:52,60.00,1,1598,60.00_60.10_60.20_60.30_60.40_,3_25_24_28_18_,59.90_59.80_59.70_59.60_59.50_,2_22_2_111_203_
13:05:48,59.80,1,1613,59.90_60.00_60.10_60.20_60.30_,3_37_23_23_13_,59.70_59.60_59.50_59.40_59.30_,46_130_229_135_11_
13:06:55,59.90,2,1630,59.90_60.00_60.10_60.20_60.30_,10_42_19_24_25_,59.80_59.70_59.60_59.50_59.40_,12_46_30_229_139_
13:07:47,60.00,11,1670,60.00_60.10_60.20_60.30_60.40_,28_19_24_26_12_,59.90_59.80_59.70_59.60_59.50_,7_11_47_64_211_
13:07:57,59.90,1,1673,60.00_60.10_60.20_60.30_60.40_,27_19_24_25_12_,59.90_59.80_59.70_59.60_59.50_,507_510_47_64_211_
13:08:02,60.00,3,1676,60.00_60.10_60.20_60.30_60.40_,25_19_24_25_12_,59.90_59.80_59.70_59.60_59.50_,508_516_41_64_211_
13:08:07,60.00,4,1680,60.00_60.10_60.20_60.30_60.40_,22_19_24_25_12_,59.90_59.80_59.70_59.60_59.50_,81_17_41_64_211_
13:09:19,60.00,22,1883,60.00_60.10_60.20_60.30_60.40_,49_8_24_24_12_,59.90_59.80_59.70_59.60_59.50_,186_18_35_114_211_
13:09:24,60.00,7,1890,60.00_60.10_60.20_60.30_60.40_,42_8_24_24_12_,59.90_59.80_59.70_59.60_59.50_,10_18_35_114_211_
13:09:34,60.00,3,1905,60.00_60.10_60.20_60.30_60.40_,27_10_24_25_12_,59.90_59.80_59.70_59.60_59.50_,10_12_101_114_222_
13:09:39,60.00,2,1907,60.00_60.10_60.20_60.30_60.40_,25_10_24_25_12_,59.90_59.80_59.70_59.60_59.50_,10_17_41_114_222_
13:09:44,60.00,11,1918,60.00_60.10_60.20_60.30_60.40_,14_10_24_25_12_,59.90_59.80_59.70_59.60_59.50_,13_17_41_114_222_
13:09:49,60.00,13,1931,60.00_60.10_60.20_60.30_60.40_,2_10_24_25_12_,59.90_59.80_59.70_59.60_59.50_,1011_522_35_125_222_
13:09:55,60.00,2,1933,60.10_60.20_60.30_60.40_60.50_,10_24_25_12_38_,60.00_59.90_59.80_59.70_59.60_,4_190_23_46_125_
13:10:00,60.00,2,1933,60.10_60.20_60.30_60.40_60.50_,10_24_25_12_39_,60.00_59.90_59.80_59.70_59.60_,6_19_17_46_134_
13:10:10,60.00,6,1948,60.00_60.10_60.20_60.30_60.40_,95_10_24_25_11_,59.90_59.80_59.70_59.60_59.50_,19_18_41_114_211_
13:11:52,60.00,2,2003,60.00_60.10_60.20_60.30_60.40_,87_10_25_27_17_,59.90_59.80_59.70_59.60_59.50_,11_25_45_135_211_
13:12:03,60.00,1,2006,60.00_60.10_60.20_60.30_60.40_,97_7_27_28_17_,59.90_59.80_59.70_59.60_59.50_,11_26_45_135_211_
13:12:13,60.00,3,2019,60.00_60.10_60.20_60.30_60.40_,85_7_27_28_18_,59.90_59.80_59.70_59.60_59.50_,15_26_45_135_211_
13:14:05,59.90,3,2322,59.90_60.00_60.10_60.20_60.30_,14_102_8_26_20_,59.80_59.70_59.60_59.50_59.40_,17_35_127_202_109_
13:14:11,59.90,4,2326,59.90_60.00_60.10_60.20_60.30_,11_103_8_25_20_,59.80_59.70_59.60_59.50_59.40_,17_35_127_202_109_
13:14:21,59.90,1,2327,59.90_60.00_60.10_60.20_60.30_,10_104_8_25_20_,59.80_59.70_59.60_59.50_59.40_,17_35_127_202_109_
13:14:26,59.80,15,2342,59.90_60.00_60.10_60.20_60.30_,11_104_8_25_20_,59.80_59.70_59.60_59.50_59.40_,5_35_127_202_109_
13:16:08,59.80,5,2369,59.80_59.90_60.00_60.10_60.20_,1_28_93_14_25_,59.70_59.60_59.50_59.40_59.30_,35_32_202_110_108_
13:16:29,59.90,13,2384,59.90_60.00_60.10_60.20_60.30_,16_93_14_25_25_,59.80_59.70_59.60_59.50_59.40_,1_36_32_202_110_
13:16:34,59.90,1,2385,59.90_60.00_60.10_60.20_60.30_,16_93_14_25_25_,59.80_59.70_59.60_59.50_59.40_,1_36_32_202_110_
13:17:36,59.90,1,2403,60.00_60.10_60.20_60.30_60.40_,93_14_25_26_20_,59.80_59.70_59.60_59.50_59.40_,1_42_26_202_110_
13:18:22,60.00,6,2426,60.00_60.10_60.20_60.30_60.40_,77_13_27_24_22_,59.90_59.80_59.70_59.60_59.50_,6_4_42_21_211_
13:18:58,60.00,1,2434,60.00_60.10_60.20_60.30_60.40_,73_14_26_25_22_,59.90_59.80_59.70_59.60_59.50_,2_7_43_21_211_
13:19:18,60.00,1,2455,60.00_60.10_60.20_60.30_60.40_,53_14_26_27_22_,59.90_59.80_59.70_59.60_59.50_,8_12_43_19_211_
13:19:59,60.00,1,2461,60.00_60.10_60.20_60.30_60.40_,52_15_26_28_22_,59.90_59.80_59.70_59.60_59.50_,14_14_40_16_211_
13:20:04,60.00,1,2462,60.00_60.10_60.20_60.30_60.40_,51_15_26_28_22_,59.90_59.80_59.70_59.60_59.50_,14_20_34_16_211_
13:20:30,60.00,5,2473,60.00_60.10_60.20_60.30_60.40_,42_16_26_28_22_,59.90_59.80_59.70_59.60_59.50_,14_20_34_15_212_
13:20:40,60.00,1,2474,60.00_60.10_60.20_60.30_60.40_,41_16_26_28_22_,59.90_59.80_59.70_59.60_59.50_,14_20_34_15_212_
13:20:45,60.00,2,2476,60.00_60.10_60.20_60.30_60.40_,39_16_26_28_22_,59.90_59.80_59.70_59.60_59.50_,14_20_34_15_212_
13:20:50,60.00,1,2477,60.00_60.10_60.20_60.30_60.40_,39_16_26_28_22_,59.90_59.80_59.70_59.60_59.50_,14_20_34_15_212_
13:20:55,59.90,1,2478,60.00_60.10_60.20_60.30_60.40_,38_17_26_29_22_,59.90_59.80_59.70_59.60_59.50_,14_20_34_15_212_
13:22:02,59.90,12,2524,59.90_60.00_60.10_60.20_60.30_,8_21_22_28_26_,59.80_59.70_59.60_59.50_59.40_,21_34_15_212_101_
13:24:41,59.80,1,2593,59.90_60.00_60.10_60.20_60.30_,11_25_49_41_30_,59.70_59.60_59.50_59.40_59.30_,371_67_2_5_89_
13:25:10,59.70,1,2595,59.80_59.90_60.00_60.10_60.20_,2_10_28_49_43_,59.70_59.60_59.50_59.40_59.30_,358_73_2_5_89_
13:26:47,59.70,1,2595,59.80_59.90_60.00_60.10_60.20_,2_9_31_47_42_,59.70_59.60_59.50_59.40_59.30_,342_73_4_111_195_
13:26:52,59.70,1,2595,59.80_59.90_60.00_60.10_60.20_,2_9_31_46_42_,59.70_59.60_59.50_59.40_59.30_,339_73_5_111_195_
13:27:03,59.70,1,2595,59.80_59.90_60.00_60.10_60.20_,2_9_31_46_42_,59.70_59.60_59.50_59.40_59.30_,335_73_5_111_195_
13:27:13,59.70,1,2595,59.80_59.90_60.00_60.10_60.20_,5_9_31_46_42_,59.70_59.60_59.50_59.40_59.30_,335_73_5_111_195_
13:28:45,59.70,1,2595,59.90_60.00_60.10_60.20_60.30_,9_31_46_42_30_,59.80_59.70_59.60_59.50_59.40_,10_368_73_25_111_
13:28:50,59.70,1,2595,59.90_60.00_60.10_60.20_60.30_,9_31_46_42_30_,59.80_59.70_59.60_59.50_59.40_,14_368_73_25_111_
13:29:06,59.70,1,2595,59.90_60.00_60.10_60.20_60.30_,9_31_46_42_30_,59.80_59.70_59.60_59.50_59.40_,22_368_73_25_111_
13:29:26,59.70,1,2595,59.80_59.90_60.00_60.10_60.20_,7_11_31_46_42_,59.70_59.60_59.50_59.40_59.30_,368_73_25_111_195_
13:30:00,59.80,125,2720,59.90_60.00_60.10_60.20_60.30_,11_31_46_42_30_,59.80_59.70_59.60_59.50_59.40_,37_368_73_27_113_
